radius (m)	length (m)	start_point	axis_direction	parent	extension	branch	branch_order	position_in_branch	mad	SurfCov	added	UnmodRadius (m)	Rama_podada
0.0472	0.1754	0.0273	0.459	-2.1803	0.0916	0.0202	0.9956	0	2	1	0	1	0.0104	0.95	0	0.0472	0
0.0448	0.0997	0.0485	0.4703	-2.0054	0.2013	-0.1635	0.9658	1	3	1	0	2	0.0058	0.95	0	0.0448	0
0.0461	0.1778	0.0591	0.468	-1.9058	0.0947	-0.166	0.9816	2	4	1	0	3	0.0073	0.8833	0	0.0461	0
0.0474	0.1699	0.0704	0.4248	-1.7321	-0.0764	-0.0219	0.9968	3	5	1	0	4	0.0076	0.8833	0	0.0474	0
0.0494	0.1618	0.0881	0.4286	-1.5533	-0.2666	-0.112	0.9573	4	6	1	0	5	0.0086	0.7879	0	0.0494	0
0.0453	0.1447	0.0537	0.4215	-1.3968	-0.0769	-0.0769	0.9941	5	7	1	0	6	0.0069	0.94	0	0.0453	0
0.044	0.1455	0.0094	0.398	-1.2474	0.1416	0.0673	0.9876	6	8	1	0	7	0.0066	0.92	0	0.044	0
0.0453	0.1345	0.0246	0.4047	-1.1029	0.1514	0.0034	0.9885	7	9	1	0	8	0.0072	0.86	0	0.0453	0
0.0455	0.1349	0.0109	0.3989	-0.9492	0.5085	0.0738	0.8579	8	10	1	0	9	0.0077	0.7333	0	0.0455	0
0.0525	0.1436	0.0775	0.3995	-0.8338	0.0343	-0.0381	0.9987	9	11	1	0	10	0.0099	0.8	0	0.0525	0
0.0574	0.1566	0.0617	0.4117	-0.6725	0.3242	-0.4555	0.8291	10	12	1	0	11	0.0109	0.7051	0	0.0574	0
0.0582	0.2307	0.1097	0.3654	-0.5156	-0.3936	-0.6938	0.6031	11	13	1	0	12	0.0212	0.6447	0	0.0647	0
0.0566	0.0365	0.0594	0.2284	-0.3517	-0.1882	-0.5469	0.8158	12	14	1	0	13	0.0851	0.5067	0	0.1063	0
0.0526	0.251	0.1002	0.2064	-0.247	-0.8432	0.019	0.5372	13	15	1	0	14	0.0467	0.6367	0	0.2138	0
0.0579	0.1089	0.0242	0.0989	-0.1551	-0.0846	-0.4436	0.8922	14	16	1	0	15	0.1951	0.1158	0	0.2068	0
0.044	0.0625	0.0603	0.177	-0.0638	-0.6948	0.2175	-0.6855	15	0	1	0	16	0.0109	0.1607	0	0.0227	0
0.0376	0.2485	0.0917	0.46	-0.6637	0.6181	0.651	0.4407	11	18	6	1	1	0.0073	0.5185	1	0.0387	0
0.0376	0.1513	0.2453	0.6218	-0.5541	0.9444	0.2809	0.1708	17	19	6	1	2	0.0073	0.5185	0	0.0387	0
0.0292	0.0686	0.4083	0.657	-0.523	0.1601	0.8303	0.5338	18	20	6	1	3	0.0037	0.5833	0	0.0292	0
0.0305	0.0799	0.4275	0.7142	-0.4956	0.6526	0.4772	0.5886	19	21	6	1	4	0.0042	0.75	0	0.0305	0
0.0301	0.0868	0.4761	0.753	-0.4418	0.8778	0.2213	0.4249	20	22	6	1	5	0.004	0.5833	0	0.0301	0
0.0292	0.0836	0.543	0.7905	-0.3952	0.8142	0.1134	0.5694	21	23	6	1	6	0.0041	0.625	0	0.0292	0
0.0357	0.0555	0.6132	0.8007	-0.3507	0.7669	0.2377	0.5962	22	24	6	1	7	0.0046	0.5	0	0.0363	0
0.0357	0.1219	0.6515	0.8152	-0.305	0.9221	-0.1942	0.3348	23	25	6	1	8	0.0052	0.375	0	0.037	0
0.0292	0.0891	0.7588	0.7942	-0.2521	0.7081	-0.5623	0.4271	24	26	6	1	9	0.0078	0.18	0	0.023	0
0.0292	0.1307	0.8192	0.7487	-0.2069	0.878	-0.1782	0.4442	25	27	6	1	10	0.0088	0.1833	0	0.0178	0
0.0292	0.0733	0.8978	0.7721	-0.1389	0.5484	0.2543	0.7966	26	28	6	1	11	0.0197	0.1545	0	0.029	0
0.0336	0.0631	0.9765	0.7557	-0.0802	0.4009	0.4463	0.8001	27	29	6	1	12	0.014	0.2222	0	0.0343	0
0.0292	0.0411	1.0115	0.7937	-0.0386	0.6053	0.1131	0.7879	28	30	6	1	13	0.0103	0.2778	0	0.0246	0
0.0292	0.0761	1.0175	0.8179	-0.0062	0.3768	0.3668	0.8505	29	31	6	1	14	0.0067	0.25	0	0.0206	0
0.0292	0.0933	1.0646	0.8172	0.0649	0.1402	0.3038	0.9424	30	32	6	1	15	0.0033	0.2917	0	0.0273	0
0.0292	0.1399	1.0727	0.8624	0.1491	0.0643	0.233	0.9704	31	33	6	1	16	0.0077	0.0727	0	0.0177	0
0.0292	0.0995	1.0127	0.8763	0.2715	-0.2688	0.3488	0.8978	32	34	6	1	17	0.0057	0.12	0	0.01	0
0.0324	0.0727	1.0872	0.9011	0.2583	0.6704	-0.2758	0.6888	33	35	6	1	18	0.0021	0.2813	0	0.034	0
0.0321	0.1621	1.1403	0.8879	0.3107	0.5619	-0.5686	0.6007	34	36	6	1	19	0.0032	0.1667	0	0.0358	0
0.0292	0.1064	1.1853	0.8287	0.4472	0.5763	-0.1491	0.8035	35	37	6	1	20	0.0044	0.1	0	0.01	0
0.0292	0.1156	1.1725	0.8301	0.4313	0.6744	-0.4666	-0.5723	36	0	6	1	21	0.0097	0.14	0	0.01	0
0.0255	0.3837	0.1295	0.3747	-0.7263	0.8792	-0.3848	0.2809	10	39	8	1	1	0.0083	0.375	1	0.0255	0
0.0255	0.0964	0.4669	0.227	-0.6185	0.3399	-0.8526	0.397	38	0	8	1	2	0.0083	0.375	0	0.0255	0
0.0242	0.4077	0.1293	0.325	-0.612	0.9955	0.0336	0.0886	11	41	12	1	1	0.0056	0.4583	0	0.0242	0
0.0268	0.0995	0.5365	0.3446	-0.5756	0.9677	-0.2243	0.1149	40	42	12	1	2	0.0027	0.3125	0	0.0268	0
0.0254	0.0725	0.6312	0.3261	-0.5591	0.8729	0.4791	-0.0921	41	43	12	1	3	0.0036	0.3333	0	0.0254	0
0.0285	0.1072	0.6995	0.374	-0.5766	0.9503	-0.3045	0.0653	42	44	12	1	4	0.0085	0.16	0	0.2524	0
0.0242	0.0026	0.7965	0.3494	-0.5351	0.9906	0.0495	0.1274	43	45	12	1	5	0.0055	0.14	0	0.01	0
0.0242	0.1635	0.7976	0.3477	-0.5338	0.7561	-0.6531	-0.0425	44	0	12	1	6	0.0085	0.0667	0	0.01	0
0.0217	0.412	0.0092	0.1924	-0.3566	-0.8097	-0.5816	-0.0781	13	47	37	1	1	0.0059	0.375	1	0.0216	0
0.0199	0.0884	-0.3244	-0.0472	-0.3887	-0.7076	-0.5462	0.4483	46	48	37	1	2	0.0059	0.375	0	0.0216	0
0.0184	0.091	-0.3932	-0.0879	-0.3497	-0.7593	-0.6029	0.2448	47	49	37	1	3	0.0094	0.275	0	0.0245	0
0.01	0.0484	-0.4543	-0.1621	-0.3383	-0.7619	-0.5238	0.381	48	0	37	1	4	0.01	0.05	0	0.01	0
0.0291	0.2695	0.1053	0.2301	-0.3113	0.7505	0.0278	0.6603	13	51	40	1	1	0.0051	0.25	1	0.0314	0
0.0253	0.1029	0.3031	0.2325	-0.1339	0.384	-0.4233	0.8206	50	52	40	1	2	0.0037	0.1	0	0.0314	0
0.0155	0.0825	0.3426	0.1863	-0.0533	0.0273	-0.8197	0.5722	51	53	40	1	3	0.0074	0.16	0	0.01	0
0.01	0.0459	0.3432	0.1143	-0.0109	0.9616	-0.2525	-0.1077	52	0	40	1	4	0.01	0.05	0	0.01	0
0.0025	0.4757	0.0229	0.1823	-0.3653	-0.6046	-0.7638	-0.2258	13	55	47	1	1	0.0104	0.02	1	0.115	0
0.0025	0.5149	-0.1853	-0.1283	-0.4447	0.5512	-0.8343	0.0055	54	56	47	1	2	0.0394	0.0308	0	0.115	0
0.003	0.0201	0.1065	-0.5417	-0.4467	0.2216	-0.376	-0.8997	55	0	47	1	3	0.01	0.05	0	0.01	0
0.05	0.3337	0.1318	0.1531	-0.2701	0.5	-0.7869	-0.3617	14	58	569	1	1	0.078	0.4922	1	0.1	0
0.0499	0.6303	0.2673	-0.1432	-0.3744	-0.3624	0.6575	0.6606	57	59	569	1	2	0.0946	0.3594	0	0.1	0
0.0493	0.0688	-0.0178	0.3456	0.0523	0.665	0.421	0.6169	58	60	569	1	3	0.07	0.4214	0	0.1266	0
0.0476	0.3282	0.0607	0.3602	0.1212	-0.2122	0.7228	0.6577	59	61	569	1	4	0.062	0.6	0	0.1804	1
0.0485	0.193	-0.1153	0.6285	0.306	0.1597	0.9152	0.37	60	62	569	1	5	0.0205	0.4545	0	0.0666	1
0.0477	0.096	-0.0523	0.7803	0.4683	-0.2289	0.9157	0.3303	61	63	569	1	6	0.022	0.5667	0	0.0621	1
0.0492	0.0967	-0.0931	0.8614	0.5031	-0.113	0.651	0.7506	62	64	569	1	7	0.007	0.8409	0	0.0492	1
0.0532	0.0807	-0.1197	0.8884	0.6154	-0.1858	0.7643	0.6175	63	65	569	1	8	0.0075	0.8056	0	0.0532	1
0.0476	0.1284	-0.1359	0.9903	0.6622	-0.2594	0.0656	0.9636	64	66	569	1	9	0.0075	0.88	0	0.0476	1
0.0482	0.087	-0.1719	1.0248	0.7822	-0.0344	0.1392	0.9897	65	67	569	1	10	0.0086	0.6364	0	0.0488	1
0.0486	0.1209	-0.1656	1.0371	0.8801	-0.7411	0.3414	0.5781	66	68	569	1	11	0.0078	0.5833	0	0.0534	1
0.0524	0.109	-0.25	1.0845	0.9451	0.3074	0.4186	0.8546	67	69	569	1	12	0.0067	0.7273	0	0.0524	1
0.0478	0.1212	-0.229	1.1273	1.0418	0.126	0.5125	0.8494	68	70	569	1	13	0.0063	0.5455	0	0.0506	1
0.0422	0.0523	-0.2156	1.2179	1.1433	-0.1988	0.0373	0.9793	69	71	569	1	14	0.0062	0.5556	0	0.0429	1
0.0412	0.0892	-0.2395	1.2251	1.1878	-0.1067	0.6641	0.74	70	72	569	1	15	0.0066	0.7407	0	0.0412	1
0.0381	0.08	-0.2597	1.28	1.2751	0.3669	0.8579	0.3596	71	73	569	1	16	0.0055	0.5938	0	0.0381	1
0.0369	0.0695	-0.2402	1.3326	1.3144	0.0643	0.5202	0.8516	72	74	569	1	17	0.0045	0.5	0	0.0369	1
0.0369	0.1852	-0.2531	1.3616	1.3849	0.1797	0.6867	0.7044	73	75	569	1	18	0.0105	0.1759	0	0.0219	1
0.0369	0.0857	-0.2073	1.4764	1.5268	0.1021	0.7275	0.6785	74	76	569	1	19	0.0112	0.1667	0	0.0207	1
0.0369	0.0782	-0.177	1.5457	1.5762	0.1592	0.5369	0.8285	75	77	569	1	20	0.0059	0.15	0	0.0165	1
0.0369	0.0063	-0.222	1.6149	1.6387	0.2848	0.6587	0.6964	76	78	569	1	21	0.0068	0.15	0	0.01	1
0.0369	0.0841	-0.2343	1.6282	1.6418	0.0364	0.1996	0.9792	77	79	569	1	22	0.0106	0.15	0	0.0219	1
0.0369	0.0027	-0.2001	1.6188	1.7444	-0.2605	0.3789	0.888	78	80	569	1	23	0.0043	0.125	0	0.01	1
0.0369	0.0384	-0.2086	1.6182	1.7529	0.4067	0.6048	0.6847	79	0	569	1	24	0.0053	0.125	0	0.01	1
0.0234	0.054	0.6147	0.78	-0.3725	0.1345	-0.6253	-0.7687	22	82	177	2	1	0.0053	0.3438	1	0.0243	0
0.0213	0.1041	0.6219	0.7463	-0.414	-0.402	-0.8781	-0.2595	81	83	177	2	2	0.0053	0.3438	0	0.0243	0
0.0139	0.1013	0.5842	0.6634	-0.4506	0.7837	-0.5902	-0.1935	82	84	177	2	3	0.01	0.05	0	0.01	0
0.01	0.089	0.6636	0.6036	-0.4702	-0.1572	-0.891	-0.4259	83	0	177	2	4	0.01	0.05	0	0.01	0
0.0233	0.2595	0.5702	0.7815	-0.3415	0.4344	0.5637	0.7025	23	86	178	2	1	0.0023	0.3125	0	0.0223	0
0.0205	0.0632	0.6663	0.9328	-0.1451	0.6456	0.4857	0.5894	85	87	178	2	2	0.0028	0.2917	0	0.0221	0
0.0144	0.0535	0.7046	0.9505	-0.099	0.4152	0.453	0.7889	86	88	178	2	3	0.01	0.05	0	0.01	0
0.0173	0.0594	0.702	0.9813	-0.0573	0.1154	0.5012	0.8576	87	0	178	2	4	0.004	0.225	0	0.0327	0
0.0304	0.0399	0.7105	0.7665	-0.2848	0.7336	-0.6711	-0.1074	24	90	570	2	1	0.0076	0.225	0	0.0326	0
0.0339	0.0751	0.7467	0.7063	-0.2951	0.7326	0.2649	-0.627	89	91	570	2	2	0.0097	0.2727	0	0.0424	0
0.0199	0.0793	0.7958	0.727	-0.3373	-0.525	-0.6827	-0.5082	90	92	570	2	3	0.0035	0.2917	0	0.0247	0
0.01	0.0652	0.7555	0.675	-0.3911	0.4792	-0.8726	-0.0947	91	0	570	2	4	0.01	0.05	0	0.01	0
0.0188	0.1376	1.0438	0.8416	0.1103	-0.5522	0.6459	-0.5272	31	94	496	2	1	0.0026	0.225	0	0.0186	0
0.0277	0.242	0.9434	0.899	0.068	-0.7232	0.6795	0.1235	93	95	496	2	2	0.0119	0.1083	0	0.0359	0
0.0128	0.0753	0.7736	1.0461	0.1074	-0.8036	0.0788	0.59	94	96	496	2	3	0.01	0.05	0	0.01	1
0.01	0.0699	0.7817	1.0637	0.1318	0.1463	0.5495	0.8226	95	0	496	2	4	0.01	0.05	0	0.01	1
0.0125	0.187	1.0218	0.7774	0.0081	0.7475	0.1006	0.6566	29	98	512	2	1	0.0137	0.2143	0	0.027	0
0.0109	0.1085	1.1436	0.7882	0.1426	0.5154	0.0872	0.8525	97	99	512	2	2	0.01	0.05	0	0.01	0
0.01	0.0949	1.1691	0.7575	0.232	0.2833	-0.2833	0.9162	98	0	512	2	3	0.01	0.05	0	0.01	0
0.0243	0.1118	0.483	0.1676	-0.6188	0.5708	0.5857	0.5755	39	101	571	2	1	0.0165	0.1625	1	0.0377	0
0.0243	0.0642	0.5298	0.2389	-0.5355	0.6944	0.5588	0.4534	100	102	571	2	2	0.0135	0.4	0	0.0377	0
0.0243	0.0395	0.5534	0.2998	-0.5139	-0.0632	0.2356	0.9698	101	103	571	2	3	0.0097	0.175	0	0.01	0
0.0243	0.0894	0.5415	0.3039	-0.4844	-0.0218	-0.8517	0.5236	102	0	571	2	4	0.0053	0.2	0	0.0221	0
0.0243	0.0954	0.2766	-0.085	-0.2878	0.8765	-0.0866	0.4735	58	105	54	2	1	0.0069	0.1161	1	0.0312	0
0.0199	0.397	0.3484	-0.093	-0.2438	-0.0338	-0.9933	0.1104	104	106	54	2	2	0.012	0.06	0	0.0312	0
0.0125	0.0668	0.3528	-0.4741	-0.2195	0.6483	-0.7574	0.0779	105	0	54	2	3	0.0071	0.0714	0	0.0616	0
0.0364	0.1766	0.0968	0.1908	0.02	0.0547	-0.9969	-0.0559	58	108	61	2	1	0.0089	0.4167	0	0.0364	0
0.0474	0.2314	0.0518	-0.0429	-0.0064	0.5358	-0.6599	0.5268	107	109	61	2	2	0.0224	0.3056	0	0.0569	0
0.0473	0.109	0.1794	-0.179	0.0754	0.9307	-0.3599	-0.0648	108	110	61	2	3	0.019	0.4889	0	0.0539	0
0.0474	0.1093	0.2057	-0.3131	0.0556	0.7857	-0.6166	-0.0501	109	111	61	2	4	0.0211	0.6778	0	0.0584	0
0.0472	0.2654	0.1914	-0.3152	0.0495	-0.5034	-0.7757	-0.3807	110	112	61	2	5	0.0405	0.6476	0	0.0856	0
0.0474	0.1135	0.1062	-0.5753	-0.0467	-0.6868	-0.6435	-0.338	111	113	61	2	6	0.0338	0.7444	0	0.0784	0
0.0469	0.362	0.0712	-0.6788	-0.061	-0.6309	-0.7577	0.1667	112	114	61	2	7	0.0307	0.6667	0	0.0766	0
0.0467	0.1249	-0.1012	-0.9482	0.0136	-0.1244	-0.677	0.7254	113	115	61	2	8	0.0179	0.5905	0	0.0612	0
0.0533	0.1016	-0.1261	-1.0813	0.0763	-0.1062	-0.4796	0.8711	114	116	61	2	9	0.0066	0.7083	0	0.0533	0
0.0459	0.1376	-0.1306	-1.1297	0.1803	-0.3892	-0.9034	0.1802	115	117	61	2	10	0.0207	0.6	0	0.0525	0
0.0389	0.0834	-0.1893	-1.2525	0.2053	-0.1111	-0.5144	0.8503	116	118	61	2	11	0.0057	0.8519	0	0.0389	0
0.0377	0.0873	-0.193	-1.2905	0.2889	-0.3062	-0.837	0.4535	117	119	61	2	12	0.0061	0.9167	0	0.0377	0
0.034	0.0697	-0.2211	-1.3605	0.3436	-0.028	-0.9794	0.1998	118	120	61	2	13	0.0046	0.7083	0	0.034	0
0.0387	0.0947	-0.2285	-1.4261	0.3737	-0.0274	-0.988	0.1519	119	121	61	2	14	0.0058	0.75	0	0.0387	0
0.0368	0.1456	-0.2447	-1.5198	0.3906	0.013	-0.9998	0.014	120	122	61	2	15	0.0067	0.6444	0	0.04	0
0.0349	0.0888	-0.2537	-1.6671	0.4061	-0.127	-0.9653	-0.2282	121	123	61	2	16	0.0051	0.7917	0	0.0349	0
0.0357	0.0692	-0.2654	-1.7489	0.4026	-0.1257	-0.9662	0.2251	122	124	61	2	17	0.0038	0.5833	0	0.0357	0
0.0313	0.0748	-0.2844	-1.8378	0.4083	-0.6346	-0.0488	0.7713	123	125	61	2	18	0.0047	0.5417	0	0.0313	0
0.033	0.0528	-0.3302	-1.8454	0.4715	-0.5682	-0.7369	-0.3663	124	126	61	2	19	0.0057	0.4583	0	0.033	0
0.0278	0.2286	-0.3302	-1.8806	0.4713	-0.2979	-0.7326	0.6121	125	127	61	2	20	0.0044	0.5357	0	0.0253	0
0.0324	0.0775	-0.3845	-2.0618	0.596	-0.1988	-0.8119	0.5489	126	128	61	2	21	0.0045	0.6667	0	0.0324	0
0.0287	0.0991	-0.4164	-2.1163	0.6379	-0.4341	-0.8297	0.3509	127	129	61	2	22	0.0037	0.5938	0	0.0287	0
0.0363	0.0657	-0.4289	-2.2087	0.6815	-0.3658	-0.9017	0.2307	128	130	61	2	23	0.0038	0.375	0	0.0379	0
0.0325	0.1664	-0.5055	-2.2466	0.692	-0.2994	-0.5694	0.7656	129	131	61	2	24	0.0046	0.375	0	0.0325	0
0.0356	0.0808	-0.5671	-2.3658	0.781	-0.2319	-0.7875	0.5711	130	132	61	2	25	0.0082	0.2083	0	0.0409	0
0.0322	0.114	-0.5541	-2.423	0.8251	0.1564	-0.905	-0.3955	131	133	61	2	26	0.0029	0.2188	0	0.0334	0
0.0387	0.0846	-0.5659	-2.5352	0.8187	0.1265	-0.9831	-0.1327	132	134	61	2	27	0.0081	0.2615	0	0.0494	0
0.0303	0.1193	-0.5702	-2.6073	0.8205	-0.2667	-0.8637	0.4276	133	135	61	2	28	0.002	0.2188	0	0.0314	0
0.0301	0.0675	-0.5999	-2.7114	0.8709	-0.3122	-0.8442	0.4357	134	136	61	2	29	0.0125	0.05	0	0.0374	0
0.0253	0.004	-0.6253	-2.7678	0.9008	0.0415	-0.5104	0.8589	135	0	61	2	30	0.01	0.05	0	0.01	0
0.0372	0.2646	0.1608	0.1186	-0.2341	0.1845	-0.0735	0.9801	57	138	77	2	1	0.005	0.5833	1	0.0372	0
0.0372	0.0839	0.2096	0.0991	0.0252	-0.0481	-0.2098	0.9766	137	139	77	2	2	0.005	0.5833	0	0.0372	0
0.0372	0.1209	0.1601	0.0898	0.1522	-0.0239	0.9788	-0.2033	138	0	77	2	3	0.0049	0.1389	0	0.0242	0
0.0428	0.7677	-0.0062	0.4207	0.1791	-0.5959	-0.616	-0.5152	60	141	79	2	1	0.0104	0.3056	1	0.0428	1
0.0428	0.0931	-0.4637	-0.0522	-0.2164	-0.4579	-0.8411	-0.2879	140	142	79	2	2	0.0104	0.3056	0	0.0428	1
0.0437	0.1011	-0.4872	-0.1113	-0.2406	-0.5161	0.4105	0.7518	141	143	79	2	3	0.0039	0.25	0	0.0437	1
0.0331	0.0982	-0.52	-0.1095	-0.1594	-0.0403	0.1083	0.9933	142	144	79	2	4	0.0086	0.0818	0	0.0249	1
0.0328	0.1263	-0.5481	-0.0961	-0.0693	-0.2624	0.2257	0.9382	143	145	79	2	5	0.0041	0.5	0	0.0287	1
0.0358	0.0845	-0.5716	-0.0634	0.0483	-0.0996	0.4232	0.9005	144	146	79	2	6	0.0049	0.6667	0	0.0358	1
0.0448	0.0969	-0.6254	-0.0474	0.1211	-0.1321	0.139	0.9814	145	147	79	2	7	0.0221	0.5067	0	0.0551	1
0.0453	0.1419	-0.5955	0.0072	0.2288	-0.1269	-0.1669	0.9778	146	148	79	2	8	0.0069	0.74	0	0.0453	1
0.0449	0.1281	-0.6583	-0.0294	0.3596	-0.2025	0.1075	0.9734	147	149	79	2	9	0.0171	0.6095	0	0.055	1
0.0444	0.1145	-0.6559	-0.0051	0.5055	-0.6074	0.6133	0.505	148	150	79	2	10	0.0077	0.5273	0	0.0479	1
0.0443	0.2026	-0.7066	0.0781	0.5959	-0.8798	0.1461	0.4522	149	151	79	2	11	0.0227	0.6071	0	0.0612	1
0.0444	0.1753	-0.8574	0.116	0.7302	-0.7909	-0.2514	0.558	150	152	79	2	12	0.0177	0.5317	0	0.05	1
0.0437	0.1005	-1.0076	0.1179	0.8118	-0.9252	-0.1055	0.3645	151	153	79	2	13	0.006	0.65	0	0.044	1
0.0397	0.0766	-1.0917	0.102	0.895	-0.9706	-0.1745	0.1659	152	154	79	2	14	0.0046	0.7778	0	0.0397	1
0.0425	0.074	-1.1716	0.0882	0.9029	-0.653	-0.0769	0.7535	153	155	79	2	15	0.0066	0.8148	0	0.0425	1
0.0453	0.1162	-1.2171	0.0704	0.9619	-0.8614	-0.0682	0.5033	154	156	79	2	16	0.0083	0.7	0	0.0468	1
0.0404	0.1292	-1.3147	0.0668	1.0253	-0.9304	0.1433	0.3375	155	157	79	2	17	0.0065	0.5333	0	0.0412	1
0.0356	0.0645	-1.4311	0.063	1.0929	-0.935	0.1742	0.3089	156	158	79	2	18	0.0052	0.5417	0	0.0356	1
0.0376	0.0931	-1.4873	0.0844	1.1154	-0.8288	0.2027	0.5216	157	159	79	2	19	0.0058	0.5313	0	0.038	1
0.0322	0.0779	-1.5718	0.1072	1.1888	-0.9442	-0.226	-0.2397	158	160	79	2	20	0.0041	0.7083	0	0.0322	1
0.0354	0.0743	-1.6495	0.0892	1.159	-0.9252	-0.1451	0.3507	159	161	79	2	21	0.0047	0.7083	0	0.0354	1
0.0376	0.1073	-1.7118	0.0852	1.1937	-0.8627	0.3131	0.3971	160	162	79	2	22	0.0065	0.5	0	0.0387	1
0.0283	0.0816	-1.8099	0.108	1.2216	-0.9251	-0.0428	0.3773	161	163	79	2	23	0.0037	0.5833	0	0.0283	1
0.0312	0.1126	-1.8743	0.1189	1.2772	-0.8866	-0.0981	0.452	162	164	79	2	24	0.0038	0.325	0	0.0312	1
0.0283	0.0788	-1.9878	0.11	1.3214	-0.4094	0.1744	0.8955	163	165	79	2	25	0.0071	0.225	0	0.0164	1
0.0283	0.066	-1.9955	0.1573	1.3939	-0.6209	0.4155	0.6647	164	166	79	2	26	0.0092	0.2	0	0.01	1
0.0283	0.0336	-2.0649	0.1894	1.4338	-0.1111	0.1511	0.9823	165	0	79	2	27	0.0043	0.2	0	0.01	1
0.0275	0.6384	0.0574	0.1807	-0.2607	-0.9312	0.3453	0.1172	57	168	81	2	1	0.006	0.3125	1	0.0257	0
0.0275	0.1109	-0.537	0.4011	-0.1859	-0.7944	-0.1116	0.597	167	169	81	2	2	0.006	0.3125	0	0.0257	0
0.0282	0.1778	-0.6341	0.3862	-0.1213	-0.1143	-0.1861	0.9759	168	170	81	2	3	0.0046	0.375	0	0.0282	0
0.0275	0.063	-0.6564	0.3509	0.0517	0.2052	-0.3769	0.9032	169	171	81	2	4	0.0034	0.375	0	0.0253	0
0.0299	0.0784	-0.6315	0.341	0.1008	0.5477	0.0002	0.8367	170	172	81	2	5	0.0047	0.3333	0	0.031	0
0.0275	0.0706	-0.5886	0.3394	0.1837	0.9996	0.029	0.0026	171	0	81	2	6	0.0111	0.4198	0	0.0275	0
0.0222	0.568	0.1105	0.0379	-0.1684	-0.8263	-0.557	-0.083	58	174	87	2	1	0.0056	0.225	1	0.0239	0
0.0196	0.1363	-0.3589	-0.2785	-0.2156	-0.0573	-0.879	0.4733	173	175	87	2	2	0.0056	0.225	0	0.0239	0
0.0135	0.0531	-0.3713	-0.4003	-0.1625	-0.831	-0.387	0.3996	174	176	87	2	3	0.01	0.05	0	0.01	1
0.01	0.0831	-0.4154	-0.4209	-0.1412	0.1083	-0.9689	0.2227	175	0	87	2	4	0.01	0.05	0	0.01	1
0.0334	0.383	0.2996	-0.0367	-0.3347	0.5883	0.4822	0.6491	57	178	89	2	1	0.0056	0.25	1	0.0327	0
0.0327	0.1009	0.5249	0.148	-0.0861	0.5068	0.3798	0.7739	177	179	89	2	2	0.0056	0.25	0	0.0327	0
0.0336	0.1313	0.5719	0.1766	0.0351	-0.5276	0.8382	0.1377	178	180	89	2	3	0.0148	0.1558	0	0.0486	0
0.0215	0.1931	0.5058	0.2833	0.0588	-0.2634	0.7498	0.6069	179	181	89	2	4	0.0139	0.1	0	0.0335	0
0.0082	0.0272	0.475	0.4418	0.2068	-0.5671	0.8236	0	180	0	89	2	5	0.01	0.05	0	0.01	0
0.0182	0.3893	0.1248	0.227	-0.0608	0.3932	0.8933	0.2177	60	183	90	2	1	0.0035	0.15	0	0.0202	1
0.01	0.0523	0.2823	0.5771	0.0222	-0.0165	-0.5893	-0.8077	182	0	90	2	2	0.01	0.05	0	0.01	1
0.0201	0.3692	0.3393	-0.0857	-0.3733	0.9679	-0.2506	-0.0207	57	185	92	2	1	0.0054	0.375	1	0.0194	0
0.0184	0.0845	0.6966	-0.1782	-0.381	0.515	-0.8508	-0.1041	184	186	92	2	2	0.0054	0.375	0	0.0194	0
0.0188	0.0539	0.7554	-0.2559	-0.397	0.0861	-0.6846	0.7238	185	187	92	2	3	0.009	0.225	0	0.026	0
0.01	0.0507	0.7671	-0.2929	-0.3662	0.4374	-0.8092	0.3923	186	0	92	2	4	0.01	0.05	0	0.01	0
0.0255	0.2232	0.261	-0.2256	-0.4072	-0.5227	-0.8459	0.1061	58	189	96	2	1	0.0041	0.4167	1	0.0255	0
0.0255	0.0781	0.1443	-0.4145	-0.3835	-0.5365	-0.3919	-0.7474	188	190	96	2	2	0.0041	0.4167	0	0.0255	0
0.0255	0.0874	0.1173	-0.4535	-0.4591	-0.7875	-0.1977	-0.5837	189	0	96	2	3	0.009	0.075	0	0.01	0
0.0412	0.3872	0.2771	-0.1225	-0.3009	0.7201	-0.6397	0.2688	58	192	101	2	1	0.0877	0.1042	1	0.1883	0
0.0406	0.7482	0.5744	-0.3205	-0.177	-0.9298	0.2339	0.2841	191	193	101	2	2	0.1691	0.0567	0	0.1883	0
0.0392	0.1752	-0.1945	-0.1054	0.0115	-0.5382	-0.7206	0.437	192	194	101	2	3	0.0319	0.1429	0	0.3156	0
0.0397	0.1823	-0.2506	-0.3029	0.0466	-0.9046	-0.4019	-0.1419	193	195	101	2	4	0.0178	0.2393	0	0.1004	0
0.0287	0.0762	-0.3648	-0.4109	0.0381	-0.577	-0.815	0.0529	194	196	101	2	5	0.0035	0.375	0	0.0287	0
0.0279	0.1239	-0.414	-0.4729	0.0466	-0.4134	-0.797	-0.4402	195	197	101	2	6	0.0035	0.2813	0	0.0279	0
0.0387	0.1473	-0.46	-0.5836	-0.022	-0.0517	-0.7691	0.637	196	198	101	2	7	0.0046	0.3333	0	0.0414	0
0.0269	0.0676	-0.5195	-0.6953	0.0681	-0.0757	-0.5352	0.8413	197	199	101	2	8	0.012	0.3111	0	0.0269	1
0.0261	0.1451	-0.5237	-0.7436	0.0938	-0.2416	-0.9074	0.3439	198	200	101	2	9	0.0032	0.2	0	0.0256	1
0.0256	0.1094	-0.5504	-0.8798	0.1342	-0.1026	-0.9287	0.3564	199	201	101	2	10	0.0047	0.1167	0	0.01	1
0.0362	0.0559	-0.5662	-0.9661	0.1916	-0.444	-0.74	0.5053	200	202	101	2	11	0.0056	0.1204	0	0.0444	1
0.0243	0.1143	-0.6034	-1.0032	0.2066	-0.4486	-0.8832	0.1365	201	203	101	2	12	0.0023	0.2188	0	0.0211	1
0.0277	0.1343	-0.6561	-1.1008	0.1824	-0.4553	-0.8883	-0.06	202	204	101	2	13	0.0129	0.1667	0	0.0277	1
0.0259	0.1376	-0.7085	-1.209	0.2382	-0.5192	-0.8269	0.2159	203	205	101	2	14	0.0162	0.1624	0	0.0259	1
0.0299	0.04	-0.7868	-1.3197	0.262	-0.6551	-0.6075	0.4493	204	206	101	2	15	0	0.0182	0	0.0371	1
0.024	0.1366	-0.8027	-1.3561	0.2878	-0.7875	-0.6086	0.0976	205	207	101	2	16	0.0152	0.1889	0	0.024	1
0.0184	0.0419	-0.882	-1.4476	0.3002	-0.2658	-0.9274	0.2632	206	208	101	2	17	0.0063	0.2375	0	0.0179	1
0.0211	0.0913	-0.8839	-1.4721	0.262	-0.0541	-0.9556	-0.2898	207	209	101	2	18	0.0141	0.2083	0	0.0211	1
0.0211	0.0307	-0.9118	-1.5553	0.2444	-0.3275	-0.8147	-0.4786	208	210	101	2	19	0.0085	0.2813	0	0.0211	1
0.0248	0.0438	-0.9396	-1.6003	0.3039	-0.0491	-0.9615	-0.2704	209	211	101	2	20	0.0156	0.2	0	0.1096	1
0.0213	0.089	-0.9486	-1.6324	0.3199	-0.3848	-0.895	0.2256	210	212	101	2	21	0.003	0.25	0	0.0249	1
0.0206	0.0653	-0.986	-1.6998	0.3271	-0.9265	-0.3581	-0.1155	211	213	101	2	22	0.0029	0.25	0	0.0245	1
0.0208	0.1201	-1.0357	-1.7405	0.3052	-0.2817	-0.7093	0.6462	212	214	101	2	23	0.0057	0.26	0	0.0266	1
0.0184	0.0235	-1.0814	-1.8217	0.3794	-0.3996	-0.779	0.4833	213	215	101	2	24	0.0096	0.2917	0	0.0217	1
0.0194	0.033	-1.0947	-1.8376	0.3918	-0.496	-0.8515	0.17	214	0	101	2	25	0.0065	0.1	0	0.0245	1
0.0226	0.439	0.1943	0.0733	-0.2566	-0.1606	0.2111	0.9642	57	217	103	2	1	0.0035	0.375	0	0.0219	0
0.0256	0.1421	0.1136	0.1617	0.1701	0.4097	-0.2785	0.8687	216	218	103	2	2	0.0035	0.225	0	0.0278	0
0.0239	0.1199	0.1657	0.1109	0.2908	0.8744	-0.4198	-0.2431	217	219	103	2	3	0.0044	0.0444	0	0.0565	0
0.0111	0.0897	0.2059	0.0959	0.2318	0.2863	-0.2555	-0.9235	218	220	103	2	4	0.01	0.05	0	0.01	0
0.0087	0.0092	0.2746	0.0704	0.1901	0.6489	-0.3018	-0.6985	219	0	103	2	5	0.01	0.05	0	0.01	0
0.033	0.1483	0.0496	0.3278	0.1543	0.1965	-0.6048	0.7718	60	222	110	2	1	0.007	0.5	0	0.033	1
0.033	0.066	0.0716	0.2342	0.2529	-0.3195	-0.8759	0.3616	221	223	110	2	2	0.0082	0.2045	0	0.0265	1
0.033	0.0451	0.0465	0.1787	0.2708	0.314	-0.7916	-0.5242	222	0	110	2	3	0.0097	0.1591	0	0.01	1
0.0137	0.6178	-0.0752	0.3214	0.0655	-0.8969	-0.4331	-0.0891	59	225	112	2	1	0.0067	0.2125	1	0.0452	0
0.0137	0.2145	-0.6338	0.045	0.0236	0.8964	0.156	0.4149	224	226	112	2	2	0.0281	0.2636	0	0.0452	0
0.01	0.2447	-0.3555	0.198	0.0885	0.5429	-0.2288	0.808	225	0	112	2	3	0.01	0.05	0	0.01	0
0.0126	0.6809	-0.0435	0.5624	0.2967	-0.8558	-0.4242	-0.2962	60	0	120	2	1	0.0223	0.0686	0	0.0398	1
0.0279	0.4575	-0.0071	0.4221	0.1905	-0.9726	-0.2216	0.0707	60	229	125	2	1	0.0057	0.4583	1	0.0279	1
0.0279	0.0704	-0.452	0.3207	0.2228	0.6056	-0.6021	0.5203	228	230	125	2	2	0.0057	0.4583	0	0.0279	1
0.0279	0.0447	-0.4208	0.2705	0.2559	0.3103	-0.7288	0.6103	229	231	125	2	3	0.0033	0.2083	0	0.0239	1
0.0279	0.0456	-0.3988	0.2297	0.2916	-0.8123	-0.2691	0.5174	230	0	125	2	4	0.0089	0.2	0	0.01	1
0.0287	0.5063	-0.0224	0.4749	0.2432	-0.2846	-0.9565	-0.0639	60	0	126	2	1	0.0074	0.375	0	0.0287	1
0.01	0.6143	0.0355	0.2999	0.1086	-0.9435	-0.1459	0.2975	60	0	127	2	1	0.01	0.05	0	0.01	1
0.0453	0.3036	0.0909	0.4223	0.1517	0.9053	0.3168	0.2829	60	235	128	2	1	0.013	0.5167	0	0.0473	1
0.0453	0.0632	0.36	0.5154	0.2315	-0.3889	0.9155	-0.1028	234	236	128	2	2	0.0051	0.2593	0	0.0421	1
0.0453	0.1336	0.3621	0.6367	0.2806	0.903	-0.0031	-0.4296	235	237	128	2	3	0.01	0.1417	0	0.0311	1
0.0453	0.0492	0.4783	0.6482	0.2144	0.6992	0.5743	0.4258	236	0	128	2	4	0	0.0222	0	0.01	1
0.039	0.3512	0.0152	0.3556	0.1496	-0.8421	-0.4781	0.2496	60	239	133	2	1	0.0057	0.2667	1	0.0421	1
0.0334	0.1469	-0.2754	0.1927	0.2286	0.885	-0.1382	0.4446	238	240	133	2	2	0.005	0.1136	0	0.0421	1
0.0184	0.0178	-0.1499	0.1651	0.2678	-0.4058	-0.8609	0.3071	239	241	133	2	3	0.01	0.05	0	0.01	1
0.01	0.0435	-0.1571	0.1498	0.2733	0.2935	-0.7087	-0.6416	240	0	133	2	4	0.01	0.05	0	0.01	1
0.0391	0.3262	0.0953	0.3897	0.1062	0.412	0.8964	0.1635	60	243	134	2	1	0.0048	0.2593	1	0.0391	1
0.0358	0.0509	0.2297	0.682	0.1595	0.5113	0.7032	0.494	242	244	134	2	2	0.0048	0.2593	0	0.0391	1
0.0341	0.0858	0.2601	0.7165	0.1807	0.5117	0.7994	0.3147	243	245	134	2	3	0.0048	0.1818	0	0.0411	1
0.013	0.1	0.3229	0.762	0.2329	0.6653	0.7275	0.1677	244	246	134	2	4	0.01	0.05	0	0.01	1
0.0076	0.0533	0.3626	0.7945	0.1888	0.6509	0.4695	-0.5966	245	0	134	2	5	0.01	0.05	0	0.01	1
0.0417	0.4582	0.0397	0.3785	0.2017	-0.9044	-0.2011	0.3763	60	248	136	2	1	0.0101	0.4343	0	0.0417	1
0.0446	0.1036	-0.3671	0.2766	0.3834	-0.8377	-0.1562	0.5233	247	249	136	2	2	0.017	0.5	0	0.0504	1
0.0431	0.0883	-0.4412	0.2774	0.475	-0.8431	-0.3196	0.4325	248	250	136	2	3	0.0059	0.6667	0	0.0432	1
0.0354	0.116	-0.5302	0.2506	0.5141	0.0762	0.1318	0.9883	249	251	136	2	4	0.0052	0.5	0	0.0354	1
0.0354	0.1158	-0.574	0.2683	0.6081	-0.3669	-0.0936	0.9255	250	0	136	2	5	0.0109	0.0729	0	0.01	1
0.0358	0.2439	-0.0272	0.3688	0.1101	-0.6303	0.1869	0.7535	59	253	138	2	1	0.0056	0.375	1	0.0358	0
0.0358	0.0853	-0.181	0.4144	0.2939	-0.5415	0.773	0.3305	252	254	138	2	2	0.0056	0.375	0	0.0358	0
0.0388	0.1827	-0.2547	0.5581	0.4287	0.9631	-0.0258	0.268	253	255	138	2	3	0.0136	0.1648	0	0.0561	0
0.0269	0.1084	-0.1069	0.544	0.5254	0.6545	0.57	0.4968	254	256	138	2	4	0.0131	0.2375	0	0.0291	0
0.0108	0.1185	-0.0705	0.5907	0.5765	-0.3785	0.7719	0.5107	255	257	138	2	5	0.01	0.05	0	0.01	0
0.0065	0.0437	-0.0742	0.588	0.5759	0.9205	0.3902	0.02	256	0	138	2	6	0.01	0.05	0	0.01	0
0.0307	0.1042	-0.0106	0.5065	0.3132	-0.104	-0.9913	-0.081	60	259	139	2	1	0.0082	0.375	1	0.0291	1
0.0272	0.1128	-0.0214	0.4032	0.3047	-0.4201	0.8096	0.4099	258	260	139	2	2	0.0082	0.375	0	0.0291	1
0.0453	0.0769	-0.0639	0.5194	0.3545	-0.1624	-0.1063	0.981	259	261	139	2	3	0.0028	0.3	0	0.0453	1
0.01	0.0704	-0.0347	0.4958	0.44	-0.3684	-0.4654	0.8048	260	0	139	2	4	0.01	0.05	0	0.01	1
0.0385	0.4427	0.0502	0.3304	0.0895	0.8315	-0.4376	0.3423	59	263	143	2	1	0.0079	0.3273	1	0.0509	0
0.0383	0.1395	0.4182	0.1372	0.2443	0.9972	0.0656	0.0365	262	264	143	2	2	0.0153	0.2308	0	0.0509	0
0.023	0.0749	0.5297	0.127	0.262	0.617	-0.4661	0.6341	263	265	143	2	3	0.0026	0.4583	0	0.0206	0
0.0229	0.0786	0.5756	0.0948	0.3128	0.7426	-0.4826	0.4644	264	266	143	2	4	0.0028	0.5	0	0.0223	1
0.0258	0.1494	0.6428	0.0559	0.3557	0.5723	-0.1504	-0.8061	265	267	143	2	5	0.0039	0.275	0	0.0258	1
0.0241	0.0522	0.7329	0.0226	0.2469	0.76	-0.2936	-0.5799	266	268	143	2	6	0.0116	0.3016	0	0.0241	1
0.0319	0.0909	0.7495	-0.0164	0.2245	0.5901	-0.3268	0.7382	267	269	143	2	7	0.0022	0.3333	0	0.0344	1
0.0219	0.0962	0.8108	-0.0151	0.3188	0.8326	-0.4667	0.2982	268	270	143	2	8	0.0029	0.25	0	0.0205	1
0.0266	0.158	0.8933	-0.0483	0.3653	0.7945	-0.5511	0.2553	269	271	143	2	9	0.0034	0.425	0	0.0266	1
0.0249	0.0832	1.0205	-0.1331	0.4016	0.8286	-0.5593	0.0245	270	272	143	2	10	0.003	0.5833	0	0.0249	1
0.0294	0.1045	1.0911	-0.1751	0.4135	0.8747	-0.4798	0.0689	271	273	143	2	11	0.0035	0.4688	0	0.0302	1
0.0235	0.0614	1.1826	-0.2266	0.4201	0.8325	-0.189	0.5208	272	274	143	2	12	0.0024	0.4167	0	0.0235	1
0.0206	0.1137	1.231	-0.2437	0.4341	0.8513	-0.5236	0.0339	273	275	143	2	13	0.0027	0.2188	0	0.0196	1
0.0206	0.0531	1.3144	-0.2986	0.4066	0.8041	-0.4341	-0.4061	274	276	143	2	14	0.0062	0.2344	0	0.0185	1
0.0206	0.1096	1.3607	-0.3239	0.4025	0.9587	-0.1796	-0.2205	275	277	143	2	15	0.0066	0.2813	0	0.0185	1
0.0255	0.0899	1.4519	-0.3474	0.4268	0.9447	-0.2071	0.2541	276	278	143	2	16	0.0119	0.2	0	0.0278	1
0.0207	0.0936	1.5224	-0.3604	0.4687	0.7088	-0.3119	0.6328	277	279	143	2	17	0.0084	0.25	0	0.0207	1
0.0206	0.0776	1.6126	-0.3814	0.5014	0.758	-0.1431	0.6364	278	280	143	2	18	0.0113	0.1923	0	0.0175	1
0.0206	0.0809	1.6647	-0.3878	0.5611	0.8169	-0.0988	0.5682	279	281	143	2	19	0.0077	0.16	0	0.01	1
0.0206	0.0699	1.6287	-0.3719	0.5055	0.6974	0.3696	-0.614	280	0	143	2	20	0.01	0.05	0	0.01	1
0.018	0.1971	0.0588	0.4565	0.2559	0.6738	-0.4121	0.6133	60	283	151	2	1	0.0053	0.25	1	0.018	1
0.018	0.1138	0.1916	0.3753	0.3768	0.9299	0.3126	-0.1937	282	284	151	2	2	0.0053	0.25	0	0.018	1
0.0192	0.0823	0.3031	0.414	0.3538	0.1661	-0.0144	0.986	283	285	151	2	3	0.0034	0.2917	0	0.0236	1
0.01	0.0423	0.3124	0.4093	0.4423	0.7458	0.3085	0.5904	284	286	151	2	4	0.01	0.05	0	0.01	1
0.0066	0.0504	0.351	0.426	0.4661	0.4719	-0.7664	0.4358	285	0	151	2	5	0.01	0.05	0	0.01	1
0.0453	0.0904	0.0477	0.5159	0.2072	0.4952	0.6515	-0.5748	60	288	574	2	1	0.0534	0.3122	1	0.0519	1
0.045	0.3309	0.0634	0.5157	0.1943	0.5433	0.2598	0.7983	287	289	574	2	2	0.0656	0.2	0	0.0519	1
0.0449	0.1794	0.2308	0.6242	0.4429	0.7869	0.578	0.216	288	290	574	2	3	0.0066	0.6333	0	0.045	1
0.0446	0.1009	0.3618	0.739	0.4905	0.729	0.1335	0.6714	289	291	574	2	4	0.0189	0.5111	0	0.0519	1
0.0443	0.1559	0.4252	0.7688	0.5616	0.8241	0.4434	0.3526	290	292	574	2	5	0.0213	0.5625	0	0.0625	1
0.042	0.0527	0.5659	0.8458	0.6401	0.562	0.6514	-0.5098	291	293	574	2	6	0.0128	0.1571	0	0.0537	1
0.0293	0.1509	0.6041	0.8144	0.6365	0.2238	0.351	0.9092	292	294	574	2	7	0.0029	0.225	0	0.0279	1
0.0379	0.1242	0.5901	0.8905	0.786	0.477	0.8214	0.3127	293	295	574	2	8	0.0027	0.3111	0	0.0387	1
0.0299	0.1021	0.6398	0.9644	0.8249	0.2271	-0.0752	0.971	294	296	574	2	9	0.0043	0.5	0	0.0299	1
0.0259	0.0775	0.6519	0.9631	0.9276	0.2633	-0.0889	0.9606	295	297	574	2	10	0.0035	0.4583	0	0.0259	1
0.0248	0.0809	0.6695	0.9317	1.0286	0.4028	0.6509	0.6435	296	298	574	2	11	0.0055	0.275	0	0.0193	1
0.0336	0.1281	0.6757	0.9833	1.1159	0.4974	0.7709	0.398	297	299	574	2	12	0.0039	0.5	0	0.0345	1
0.0277	0.0829	0.7198	1.065	1.1763	0.0942	0.3947	0.914	298	300	574	2	13	0.0035	0.5833	0	0.0277	1
0.0252	0.0927	0.7389	1.0946	1.2478	0.4171	0.6471	0.6382	299	301	574	2	14	0.0033	0.4583	0	0.0252	1
0.0257	0.0698	0.7709	1.1508	1.3128	0.4056	0.474	0.7815	300	302	574	2	15	0.0036	0.5	0	0.0257	1
0.0225	0.0757	0.7967	1.1754	1.3688	0.285	0.0886	0.9544	301	303	574	2	16	0.0028	0.4167	0	0.0225	1
0.0225	0.0303	0.8084	1.1766	1.4391	-0.05	-0.2578	0.9649	302	304	574	2	17	0.01	0.05	0	0.01	1
0.0225	0.0874	0.7905	1.1734	1.4717	0.2155	0.0385	0.9757	303	0	574	2	18	0.0036	0.0714	0	0.01	1
0.0402	0.2349	-0.0773	0.6088	0.329	0.7426	0.2478	0.6222	61	306	305	2	1	0.0036	0.3333	1	0.0402	1
0.0386	0.0807	0.0972	0.667	0.4752	0.705	0.7067	0.0606	305	307	305	2	2	0.0036	0.3333	0	0.0402	1
0.0277	0.0869	0.1442	0.727	0.4739	-0.186	0.737	0.6498	306	308	305	2	3	0.0034	0.375	0	0.0277	1
0.0231	0.1168	0.1303	0.7644	0.557	-0.0143	0.7074	0.7066	307	309	305	2	4	0.0097	0.2917	0	0.0231	1
0.0102	0.1192	0.1438	0.827	0.642	0.094	0.1916	0.977	308	310	305	2	5	0.01	0.05	0	0.01	1
0.0055	0.0521	0.106	0.8927	0.6782	-0.3609	0.7126	0.6016	309	0	305	2	6	0.01	0.05	0	0.01	1
0.01	0.2578	-0.0978	0.8704	0.6617	0.4039	-0.3323	0.8523	64	312	315	2	1	0.01	0.05	1	0.01	1
0.01	0.0947	0.0063	0.7847	0.8814	-0.0873	0.9012	0.4246	311	0	315	2	2	0.01	0.05	0	0.01	1
0.0314	0.1302	-0.1117	1.0306	0.6709	0.5273	0.842	0.114	65	314	318	2	1	0.0037	0.4167	1	0.0314	1
0.0314	0.0777	-0.043	1.1402	0.6858	-0.8971	0.2583	-0.3584	313	315	318	2	2	0.0037	0.4167	0	0.0314	1
0.0314	0.149	-0.1384	1.1662	0.7011	-0.3301	0.889	-0.3172	314	316	318	2	3	0.0063	0.1667	0	0.0194	1
0.0314	0.0479	-0.1805	1.297	0.6245	-0.5489	0.8164	-0.1795	315	0	318	2	4	0.0054	0.0857	0	0.01	1
0.0289	0.0991	-0.1531	1.0718	0.8	0.4068	0.9007	-0.1523	66	318	321	2	1	0.0064	0.2292	1	0.0289	1
0.0289	0.1697	-0.1128	1.1611	0.7849	-0.9759	0.1914	0.1046	317	319	321	2	2	0.0064	0.2292	0	0.0289	1
0.03	0.1197	-0.2366	1.223	0.8184	-0.5814	0.8131	0.0297	318	320	321	2	3	0.0054	0.2813	0	0.03	1
0.0224	0.1533	-0.3076	1.3078	0.8385	0.0854	0.7939	0.602	319	321	321	2	4	0.0072	0.1857	0	0.0172	1
0.0279	0.0777	-0.3094	1.4617	0.9303	0.7598	0.3611	0.5406	320	322	321	2	5	0.003	0.25	0	0.0279	1
0.021	0.0242	-0.2517	1.5008	0.9522	0.9642	-0.1995	-0.1746	321	323	321	2	6	0.0046	0.125	0	0.01	1
0.0281	0.1993	-0.2119	1.4552	0.9928	0.1908	0.7602	0.621	322	324	321	2	7	0.0103	0.13	0	0.1455	1
0.018	0.0977	-0.1644	1.6048	1.1196	0.0102	0.8532	0.5214	323	325	321	2	8	0.0101	0.1979	0	0.018	1
0.0246	0.1094	-0.1612	1.7037	1.1518	-0.4872	0.6998	0.5224	324	326	321	2	9	0.0171	0.0364	0	0.0462	1
0.0176	0.1041	-0.2513	1.7574	1.1959	-0.573	0.7839	0.239	325	327	321	2	10	0	0.0154	0	0.0276	1
0.0096	0.0472	-0.3017	1.8301	1.2356	-0.462	0.6043	0.6491	326	328	321	2	11	0.01	0.05	0	0.01	1
0.0079	0.0789	-0.2792	1.8748	1.2419	-0.0522	0.873	0.485	327	0	321	2	12	0.01	0.05	0	0.01	1
0.0215	0.2483	-0.1551	1.069	0.7711	0.1399	0.6534	0.744	66	330	323	2	1	0.0077	0.3438	0	0.022	1
0.0172	0.1328	-0.1246	1.2327	0.9543	0.1449	0.8785	0.4552	329	331	323	2	2	0.0028	0.175	0	0.0221	1
0.01	0.0492	-0.0931	1.3414	1.0292	-0.2503	0.7397	0.6247	330	0	323	2	3	0.01	0.05	0	0.01	1
0.0226	0.0612	-0.299	1.0676	0.9584	-0.8288	-0.184	0.5285	68	333	326	2	1	0.0068	0.2813	1	0.0238	1
0.0202	0.1128	-0.3497	1.0564	0.9907	-0.0217	-0.7546	0.6559	332	334	326	2	2	0.0068	0.2813	0	0.0238	1
0.0136	0.0787	-0.3411	0.9754	1.0704	-0.3975	-0.1809	0.8996	333	335	326	2	3	0.01	0.05	0	0.01	1
0.01	0.1301	-0.3713	0.9624	1.1392	0.7269	-0.6861	-0.0298	334	0	326	2	4	0.01	0.05	0	0.01	1
0.01	0.3453	-0.2628	1.0865	1.0445	-0.3973	0.3014	0.8668	69	337	328	2	1	0.01	0.05	0	0.01	1
0.01	0.0528	-0.3999	1.1906	1.3438	-0.7103	0.0032	0.7039	336	338	328	2	2	0.01	0.05	0	0.01	1
0.01	0.0674	-0.4374	1.1908	1.3809	-0.735	-0.5242	-0.4302	337	0	328	2	3	0.01	0.05	0	0.01	1
0.0124	0.1541	-0.2151	1.3173	1.3353	0.6581	-0.6945	0.2907	73	340	330	2	1	0.0042	0.1125	0	0.0268	1
0.0165	0.0177	-0.1064	1.2148	1.3982	0.8461	0.3277	-0.4204	339	0	330	2	2	0.0124	0.1	0	0.0222	1
0.0274	0.1507	0.0799	-0.1495	0.0397	-0.2738	-0.2377	0.932	108	342	183	3	1	0.0069	0.25	0	0.0286	0
0.0252	0.1091	0.015	-0.1939	0.1711	-0.0202	-0.6965	0.7173	341	343	183	3	2	0.0086	0.2333	0	0.0311	0
0.0152	0.0054	0.0248	-0.2601	0.2575	0.3665	-0.8195	0.4406	342	344	183	3	3	0.0093	0.1333	0	0.01	0
0.01	0.0691	0.0299	-0.2715	0.2464	-0.5769	-0.7723	0.2661	343	0	183	3	4	0.01	0.05	0	0.01	0
0.0293	0.3012	0.2712	-0.3043	0.0511	0.6524	0.7564	-0.0477	110	346	197	3	1	0.0082	0.3125	1	0.0283	0
0.029	0.1035	0.4677	-0.0765	0.0368	0.5933	0.6195	0.514	345	347	197	3	2	0.0082	0.3125	0	0.0283	0
0.0287	0.0582	0.5414	-0.0113	0.0801	0.2277	0.8957	0.3819	346	348	197	3	3	0.0035	0.25	0	0.0283	0
0.0307	0.0913	0.5825	0.0533	0.1127	-0.413	0.9105	0.0194	347	0	197	3	4	0.0088	0.075	0	0.0408	0
0.0311	0.2116	0.1723	-0.6303	-0.0735	0.896	0.43	-0.1105	113	350	199	3	1	0.0124	0.25	1	0.0311	0
0.0311	0.106	0.3619	-0.5393	-0.0969	0.2297	0.9731	0.0208	349	0	199	3	2	0.0124	0.25	0	0.0311	0
0.0448	0.5292	0.2044	-0.3809	0.0374	0.6579	-0.7332	-0.1718	111	352	204	3	1	0.029	0.2513	1	0.0517	0
0.0446	0.2186	0.5346	-0.771	-0.0809	-0.3179	-0.9063	0.2784	351	353	204	3	2	0.0199	0.3939	0	0.0517	0
0.0447	0.082	0.5441	-0.9468	-0.0142	0.2437	-0.9326	0.2661	352	354	204	3	3	0.0215	0.64	0	0.0539	0
0.0444	0.083	0.5602	-1.0483	-0.0031	0.8471	-0.316	0.4273	353	355	204	3	4	0.006	0.5682	0	0.0483	0
0.0437	0.1746	0.6321	-1.0739	0.0337	-0.22	-0.7735	0.5944	354	356	204	3	5	0.0206	0.4351	0	0.0536	0
0.032	0.1129	0.6138	-1.2291	0.0912	0.5686	-0.6358	0.5219	355	357	204	3	6	0.0045	0.5625	0	0.032	0
0.0355	0.0569	0.6658	-1.3088	0.1436	0.2584	-0.8214	0.5085	356	358	204	3	7	0.0048	0.5833	0	0.0355	0
0.0345	0.1207	0.6798	-1.3535	0.1752	0.3644	-0.7126	0.5995	357	359	204	3	8	0.0057	0.5625	0	0.0345	0
0.0429	0.2103	0.7318	-1.4474	0.2405	0.1038	-0.605	0.7894	358	360	204	3	9	0.0134	0.3896	0	0.0523	0
0.0395	0.1396	0.7527	-1.5667	0.412	0.1727	-0.5477	0.8186	359	361	204	3	10	0.0094	0.2788	0	0.0707	0
0.0385	0.1285	0.72	-1.6272	0.5418	0.0474	-0.6061	0.7939	360	362	204	3	11	0.0063	0.2527	0	0.0734	0
0.0251	0.0925	0.7711	-1.6638	0.6457	0.1705	-0.2284	0.9585	361	363	204	3	12	0.0144	0.4	0	0.023	0
0.0308	0.0223	0.7931	-1.7171	0.7012	0.4521	-0.5969	0.6628	362	364	204	3	13	0.005	0.4063	0	0.0308	0
0.0259	0.1291	0.7765	-1.7493	0.7007	-0.1116	-0.5242	0.8442	363	365	204	3	14	0.0046	0.375	0	0.0259	0
0.025	0.0627	0.7642	-1.8018	0.8234	-0.1098	-0.6571	0.7457	364	366	204	3	15	0.0035	0.375	0	0.025	0
0.0232	0.1365	0.7687	-1.8542	0.8598	0.1133	-0.6088	0.7852	365	367	204	3	16	0.0029	0.25	0	0.0232	0
0.023	0.0243	0.7783	-1.946	0.9679	0.2976	-0.0981	0.9496	366	368	204	3	17	0.005	0.15	0	0.01	0
0.023	0.0884	0.7749	-1.9422	1.0069	-0.2043	-0.9507	0.2333	367	369	204	3	18	0.003	0.25	0	0.0214	0
0.0234	0.1117	0.7675	-2.0135	1.0424	-0.2746	-0.625	0.7308	368	370	204	3	19	0.0024	0.2188	0	0.0234	0
0.023	0.0698	0.7522	-2.0623	1.1354	-0.121	-0.4046	0.9065	369	371	204	3	20	0.0044	0.2	0	0.01	0
0.023	0.0249	0.711	-2.0863	1.1379	-0.2334	-0.9706	0.0581	370	0	204	3	21	0.0061	0.18	0	0.0173	0
0.0261	0.1797	0.1175	-0.5553	-0.0886	0.1965	0.38	-0.9039	112	373	206	3	1	0.0046	0.2813	1	0.0261	0
0.0259	0.1182	0.1528	-0.487	-0.2511	0.445	-0.8551	0.266	372	374	206	3	2	0.0046	0.2813	0	0.0261	0
0.0256	0.1923	0.1941	-0.5959	-0.2152	0.606	-0.7695	0.2014	373	0	206	3	3	0.0077	0.1477	0	0.0256	0
0.029	0.2436	0.0398	-0.6273	-0.1265	-0.0604	0.1503	-0.9868	112	376	207	3	1	0.0107	0.35	1	0.029	0
0.029	0.1377	0.0251	-0.5907	-0.367	-0.8394	0.3174	-0.4413	375	0	207	3	2	0.0107	0.35	0	0.029	0
0.0245	0.2564	0.0192	-0.7835	-0.0807	-0.2574	-0.8854	-0.387	113	378	215	3	1	0.0073	0.5	1	0.0245	0
0.0245	0.0867	-0.0468	-1.0105	-0.1799	-0.1311	-0.9881	-0.0807	377	379	215	3	2	0.0073	0.5	0	0.0245	0
0.0245	0.0657	-0.0559	-1.1052	-0.1917	-0.9749	-0.2173	-0.0479	378	380	215	3	3	0	0.05	0	0.01	0
0.0245	0.0607	-0.1349	-1.11	-0.2063	0.0288	-0.7487	-0.6623	379	0	215	3	4	0.0038	0.125	0	0.01	0
0.0436	0.2744	-0.1276	-1.2353	0.2088	0.4117	-0.4807	0.7742	116	382	221	3	1	0.0119	0.4889	0	0.0469	0
0.0431	0.0744	-0.0267	-1.3645	0.4257	0.0308	-0.8083	0.588	381	383	221	3	2	0.0117	0.3571	0	0.0514	0
0.0422	0.2078	-0.0292	-1.4223	0.4706	-0.1915	-0.7278	0.6585	382	384	221	3	3	0.0074	0.4762	0	0.0428	0
0.0336	0.0826	-0.0638	-1.5692	0.6122	-0.051	-0.7159	0.6963	383	385	221	3	4	0.0041	0.5417	0	0.0336	0
0.0362	0.0696	-0.0606	-1.6174	0.672	0.0557	-0.2331	0.9709	384	386	221	3	5	0.0041	0.5833	0	0.0362	0
0.0294	0.0558	-0.0654	-1.6603	0.7271	-0.3951	-0.2811	0.8746	385	387	221	3	6	0.0037	0.4167	0	0.0294	0
0.0362	0.0674	-0.0652	-1.6725	0.7774	-0.0523	-0.0968	0.9939	386	388	221	3	7	0.0107	0.1333	0	0.0545	0
0.0294	0.132	-0.0577	-1.6958	0.8209	-0.0421	-0.8234	0.5658	387	389	221	3	8	0.008	0.15	0	0.0204	0
0.0294	0.0846	-0.0454	-1.7892	0.9168	0.27	-0.8754	0.4009	388	0	221	3	9	0.0054	0.125	0	0.01	0
0.024	0.2012	-0.2279	-1.4387	0.4148	0.0125	-0.2942	0.9557	120	391	225	3	1	0.0027	0.2813	1	0.0198	0
0.0234	0.1083	-0.2254	-1.4979	0.6071	0.2326	-0.7799	0.5811	390	392	225	3	2	0.0027	0.2813	0	0.0198	0
0.0314	0.1583	-0.244	-1.5837	0.7076	0.4412	-0.753	0.4882	391	393	225	3	3	0.0022	0.2292	0	0.0347	0
0.0278	0.0968	-0.1896	-1.6966	0.7915	-0.1187	-0.8381	0.5324	392	394	225	3	4	0.0032	0.25	0	0.0278	0
0.0264	0.092	-0.2062	-1.7749	0.8448	-0.1771	-0.7347	0.6549	393	395	225	3	5	0.0029	0.2188	0	0.0264	0
0.0262	0.1126	-0.2108	-1.8786	0.8808	-0.1363	-0.5841	0.8002	394	396	225	3	6	0.0045	0.0556	0	0.0324	0
0.0264	0.1478	-0.2225	-1.914	0.9723	-0.0872	-0.0392	0.9954	395	397	225	3	7	0.0047	0.1667	0	0.037	0
0.018	0.0974	-0.205	-1.9258	1.1059	0.2754	-0.485	0.83	396	398	225	3	8	0.0028	0.1875	0	0.0182	0
0.0117	0.0597	-0.1864	-1.9484	1.1801	0.1793	0.3121	0.933	397	399	225	3	9	0.01	0.05	0	0.01	0
0.0152	0.036	-0.17	-2.0061	1.2024	0.2733	-0.3684	0.8886	398	400	225	3	10	0.0222	0.225	0	0.7654	0
0.01	0.0137	-0.166	-2.0174	1.1917	0.2827	-0.9558	-0.0808	399	401	225	3	11	0.01	0.05	0	0.01	0
0.0076	0.0416	-0.1621	-2.0306	1.1906	0.0436	-0.6753	0.7363	400	0	225	3	12	0.01	0.05	0	0.01	0
0.0206	0.0622	-0.3949	-2.0269	0.6297	0.0179	0.4966	0.8678	126	403	228	3	1	0.0039	0.225	1	0.0206	0
0.0206	0.1406	-0.3938	-1.996	0.6836	0.7013	-0.0616	0.7102	402	404	228	3	2	0.0039	0.225	0	0.0206	0
0.0252	0.161	-0.2681	-1.9731	0.7718	0.7752	-0.6164	0.1381	403	405	228	3	3	0.003	0.2292	0	0.029	0
0.0167	0.0029	-0.1387	-2.0592	0.8081	0.9159	-0.3943	0.0745	404	406	228	3	4	0.0066	0.1	0	0.01	0
0.0224	0.1108	-0.1384	-2.0648	0.7806	0.1453	-0.9787	0.1449	405	407	228	3	5	0.0059	0.1833	0	0.0294	0
0.0188	0.1033	-0.1188	-2.1704	0.7864	0.2329	-0.9548	-0.1848	406	408	228	3	6	0.0033	0.2813	0	0.022	0
0.0166	0.1377	-0.1136	-2.2589	0.7466	0.253	-0.7554	-0.6045	407	409	228	3	7	0.006	0.15	0	0.0276	0
0.0095	0.0822	-0.1084	-2.3644	0.6667	-0.0227	-0.8132	-0.5815	408	410	228	3	8	0.01	0.05	0	0.01	0
0.0067	0.031	-0.0895	-2.3624	0.6752	0.928	-0.3594	0.098	409	0	228	3	9	0.01	0.05	0	0.01	0
0.0226	0.202	-0.4151	-2.1121	0.6004	-0.8077	-0.5168	0.2838	127	412	230	3	1	0.0042	0.3125	0	0.0225	0
0.0226	0.0926	-0.581	-2.2165	0.6547	-0.3218	-0.8909	0.3204	411	413	230	3	2	0.0038	0.4167	0	0.0226	0
0.0226	0.1651	-0.631	-2.2905	0.6897	-0.1963	-0.8102	0.5523	412	414	230	3	3	0.0024	0.3125	0	0.0188	0
0.0226	0.0748	-0.6678	-2.4288	0.7695	-0.3221	-0.829	0.4572	413	415	230	3	4	0.0065	0.2969	0	0.0185	0
0.0226	0.0728	-0.7102	-2.462	0.7985	-0.8422	-0.5389	-0.0194	414	416	230	3	5	0.005	0.175	0	0.01	0
0.0226	0.0237	-0.6942	-2.5006	0.7834	0.0849	-0.8942	0.4396	415	0	230	3	6	0.003	0.125	0	0.01	0
0.0357	0.1341	-0.4166	-2.1077	0.6655	0.2495	-0.4859	0.8376	128	418	579	3	1	0.0079	0.5	0	0.0357	0
0.0357	0.0624	-0.393	-2.1721	0.7815	0.2686	-0.4975	0.8249	417	419	579	3	2	0.0104	0.2917	0	0.029	0
0.0357	0.1418	-0.3857	-2.2023	0.836	0.1936	-0.6093	0.769	418	420	579	3	3	0.0071	0.2738	0	0.0235	0
0.0357	0.1327	-0.3584	-2.2888	0.9451	0.0859	-0.5229	0.848	419	421	579	3	4	0.007	0.2222	0	0.0207	0
0.0357	0.0623	-0.3496	-2.3515	1.0667	0.2921	-0.7245	0.6243	420	422	579	3	5	0.006	0.2083	0	0.022	0
0.0357	0.0895	-0.3368	-2.3871	1.1122	0.1385	-0.5109	0.8484	421	423	579	3	6	0.0057	0.0833	0	0.0207	0
0.0357	0.0362	-0.3233	-2.4301	1.1864	0.0079	0.5283	0.849	422	424	579	3	7	0.0049	0.15	0	0.01	0
0.0357	0.0626	-0.3209	-2.4094	1.2179	0.2883	-0.7277	0.6224	423	425	579	3	8	0.004	0.1042	0	0.01	0
0.0357	0.0409	-0.3065	-2.455	1.2527	0.289	-0.9276	-0.2367	424	0	579	3	9	0.0043	0.125	0	0.01	0
0.0211	0.1683	-0.6164	-0.015	0.3667	0.9076	0.266	0.3247	148	0	238	3	1	0.0055	0.2344	0	0.0211	1
0.0426	0.2442	-0.6521	-0.0605	0.3965	-0.2018	-0.7372	0.6449	148	428	239	3	1	0.0207	0.3626	0	0.0548	1
0.0426	0.126	-0.7405	-0.2444	0.5424	-0.1893	-0.5458	0.8162	427	429	239	3	2	0.0161	0.5446	0	0.0508	1
0.0425	0.0822	-0.7753	-0.2934	0.6646	-0.3749	-0.746	0.5503	428	430	239	3	3	0.0164	0.619	0	0.0495	1
0.0426	0.0897	-0.7921	-0.346	0.725	-0.6173	-0.2837	0.7338	429	431	239	3	4	0.0066	0.6667	0	0.0473	1
0.0426	0.0875	-0.8573	-0.3708	0.7872	-0.3465	-0.2516	0.9037	430	432	239	3	5	0.0059	0.7	0	0.0456	1
0.0414	0.0972	-0.8752	-0.3956	0.881	-0.768	-0.1518	0.6222	431	433	239	3	6	0.0056	0.6111	0	0.0415	1
0.0425	0.0997	-0.9564	-0.4169	0.936	-0.6792	0.0717	0.7304	432	434	239	3	7	0.0066	0.675	0	0.0452	1
0.042	0.2232	-1.0157	-0.4175	1.025	-0.8779	0.0465	0.4765	433	435	239	3	8	0.0081	0.5625	0	0.0441	1
0.0381	0.095	-1.2092	-0.4122	1.1383	-0.9616	-0.137	0.2378	434	436	239	3	9	0.0055	0.5625	0	0.0381	1
0.0284	0.0933	-1.2586	-0.4086	1.201	-0.6122	-0.257	0.7478	435	437	239	3	10	0.0043	0.5	0	0.0284	1
0.0384	0.133	-1.3549	-0.4554	1.2401	-0.3933	-0.4224	0.8166	436	438	239	3	11	0.003	0.2667	0	0.0408	1
0.0284	0.1429	-1.3766	-0.466	1.3648	-0.1438	-0.2433	0.9592	437	439	239	3	12	0.0139	0.1717	0	0.0274	1
0.0284	0.0901	-1.4363	-0.5037	1.5033	0.0562	-0.3038	0.9511	438	440	239	3	13	0.004	0.0417	0	0.0212	1
0.0284	0.0861	-1.4045	-0.5577	1.5801	-0.186	-0.4731	0.8611	439	441	239	3	14	0.0031	0.0417	0	0.0183	1
0.0284	0.0358	-1.4304	-0.5882	1.6575	-0.1058	-0.3931	0.9134	440	442	239	3	15	0.0079	0.3125	0	0.0215	1
0.0284	0.0367	-1.4358	-0.6159	1.6823	-0.1885	-0.4769	0.8585	441	443	239	3	16	0.0065	0.175	0	0.01	1
0.0284	0.0616	-1.4343	-0.6307	1.7148	-0.0269	-0.2509	0.9676	442	0	239	3	17	0.0076	0.2	0	0.01	1
0.0138	0.1843	-0.6934	0.0879	0.5345	0.5512	0.6636	-0.5059	149	445	243	3	1	0.0132	0.275	1	0.0352	1
0.0138	0.2884	-0.5961	0.2048	0.4427	0.0696	0.2081	0.9756	444	0	243	3	2	0.0213	0.24	0	0.0352	1
0.0237	0.1789	-1.0736	0.1521	0.8508	0.135	0.2852	0.9489	152	447	248	3	1	0.0041	0.4063	0	0.024	1
0.0223	0.0914	-1.0498	0.1976	1.0202	0.1469	-0.0676	0.9868	446	448	248	3	2	0.003	0.5	0	0.0221	1
0.0229	0.0635	-1.0431	0.1917	1.1092	-0.1625	0.2244	0.9608	447	0	248	3	3	0.0086	0.2813	0	0.0242	1
0.0265	0.0594	-1.0945	0.0984	0.9357	0.2871	-0.0253	0.9576	153	450	251	3	1	0.0063	0.3125	1	0.0281	1
0.0254	0.1033	-1.0774	0.0969	0.9926	-0.5641	0.8166	-0.1227	449	451	251	3	2	0.0063	0.3125	0	0.0281	1
0.0225	0.1006	-1.1267	0.1748	0.981	-0.254	-0.1939	0.9476	450	452	251	3	3	0.003	0.2813	0	0.0244	1
0.0192	0.0296	-1.1583	0.1652	1.071	-0.7634	-0.5973	-0.2458	451	0	251	3	4	0.0073	0.2917	0	0.0192	1
0.0333	0.1355	-1.3129	0.0218	0.9973	0.1209	-0.9665	0.2264	155	454	254	3	1	0.0052	0.375	0	0.0333	1
0.0391	0.1263	-1.3038	-0.1021	1.0227	-0.7682	-0.55	0.3277	453	455	254	3	2	0.0035	0.2778	0	0.0426	1
0.029	0.0218	-1.3864	-0.1998	1.0696	-0.8325	-0.3408	0.4368	454	456	254	3	3	0.0143	0.3167	0	0.029	1
0.0194	0.1524	-1.3812	-0.2217	1.0966	-0.6493	-0.1465	0.7463	455	457	254	3	4	0.0079	0.2125	0	0.0194	1
0.0071	0.0352	-1.4904	-0.233	1.2022	-0.761	-0.2678	0.5909	456	0	254	3	5	0.01	0.05	0	0.01	1
0.0186	0.085	-0.3855	-0.3976	-0.1442	-0.9336	0.001	0.3584	174	459	264	3	1	0.0073	0.4375	1	0.0251	0
0.0186	0.1129	-0.4633	-0.4007	-0.1174	0.9481	0.2976	0.1118	458	460	264	3	2	0.0089	0.25	0	0.0251	0
0.0186	0.0794	-0.3489	-0.3744	-0.0912	0.7745	0.6267	-0.0857	459	461	264	3	3	0.0156	0.275	0	0.0348	0
0.0186	0.0563	-0.2905	-0.3388	-0.094	0.9447	-0.119	0.3057	460	0	264	3	4	0.0101	0.25	0	0.0286	0
0.0141	0.117	0.5906	0.207	0.0476	0.397	-0.8775	-0.2691	179	463	584	3	1	0.0148	0.2857	0	0.0282	0
0.008	0.1458	0.6457	0.0918	0.0274	-0.7062	-0.6774	-0.2061	462	464	584	3	2	0.021	0.1429	0	0.0322	0
0.0118	0.0675	0.5425	-0.0122	-0.0033	-0.937	0.0054	0.3492	463	0	584	3	3	0.006	0.14	0	0.0186	0
0.0258	0.2407	0.5777	-0.341	-0.1775	0.2616	0.8963	0.358	191	466	274	3	1	0.0076	0.4063	1	0.0258	1
0.0258	0.1182	0.6407	-0.1252	-0.0913	0.6159	-0.4821	-0.6231	465	467	274	3	2	0.0076	0.4063	0	0.0258	1
0.0258	0.1711	0.7377	-0.1904	-0.1243	0.8126	-0.2378	-0.5321	466	0	274	3	3	0.009	0.1444	0	0.0362	1
0.0265	0.5189	-0.4127	-0.4599	0.0219	0.4004	0.762	0.5089	196	469	278	3	1	0.0119	0.175	0	0.0359	0
0.0164	0.0401	-0.1965	-0.074	0.2841	-0.5713	-0.6157	0.5427	468	470	278	3	2	0.0073	0.2	0	0.01	0
0.0132	0.0379	-0.225	-0.0996	0.296	0.6086	-0.746	-0.2703	469	471	278	3	3	0.01	0.05	0	0.01	0
0.01	0.069	-0.2019	-0.1279	0.2858	0.7893	0.4186	0.4492	470	0	278	3	4	0.01	0.05	0	0.01	0
0.0133	0.0521	-0.5468	-0.7591	0.1128	0.3516	0.6571	0.6667	199	473	281	3	1	0.0075	0.175	0	0.0284	1
0.0099	0.1388	-0.5067	-0.6969	0.1599	-0.2016	-0.2621	0.9438	472	474	281	3	2	0.0123	0.275	0	0.0237	1
0.0099	0.2087	-0.5333	-0.7319	0.2896	0.5528	0.2203	0.8037	473	0	281	3	3	0.01	0.05	0	0.01	1
0.0265	0.081	-0.4433	-0.5435	-0.0209	0.1	0.1142	-0.9884	196	476	586	3	1	0.0046	0.375	0	0.0282	0
0.0261	0.0935	-0.4289	-0.5203	-0.1104	-0.4213	-0.3684	-0.8287	475	477	586	3	2	0.0031	0.4167	0	0.0261	0
0.0265	0.1417	-0.4863	-0.5622	-0.1904	-0.016	0.3563	-0.9342	476	478	586	3	3	0.0092	0.0667	0	0.0326	0
0.0261	0.0222	-0.4569	-0.5208	-0.3114	0.4195	0.591	-0.689	477	0	586	3	4	0.0073	0.0875	0	0.01	0
0.0147	0.1203	-0.5943	-0.9444	0.1986	0.1484	0.8291	0.539	201	480	490	3	1	0.0131	0.1167	0	0.0461	1
0.0098	0.0891	-0.5739	-0.8756	0.2783	-0.7762	0.2183	0.5915	479	0	490	3	2	0.0189	0.25	0	0.033	1
0.0294	0.0643	-0.8289	-1.3694	0.3141	0.1762	-0.359	0.9165	206	482	539	3	1	0.0075	0.5	0	0.0294	1
0.0294	0.0608	-0.8055	-1.3833	0.3697	0.3252	-0.0747	0.9427	481	483	539	3	2	0.0028	0.375	0	0.0334	1
0.0294	0.063	-0.8291	-1.3888	0.4501	0.4108	0.4595	0.7874	482	0	539	3	3	0.0054	0.1167	0	0.01	1
0.0201	0.034	-0.8447	-1.4172	0.3025	0.4978	-0.801	0.3325	206	485	545	3	1	0.0024	0.4167	1	0.0201	1
0.0201	0.0578	-0.8278	-1.4444	0.3138	-0.0406	0.2743	-0.9608	484	486	545	3	2	0.0024	0.4167	0	0.0201	1
0.0201	0.0819	-0.8096	-1.4093	0.2753	0.2759	0.4533	-0.8475	485	487	545	3	3	0.0089	0.14	0	0.01	1
0.0201	0.0633	-0.8111	-1.3823	0.2	-0.0086	0.5183	-0.8552	486	0	545	3	4	0.0039	0.15	0	0.01	1
0.0183	0.0994	-0.9221	-1.6219	0.3152	0.3057	0.2332	0.9231	210	489	548	3	1	0.005	0.2083	0	0.0183	1
0.0195	0.1015	-0.8715	-1.5873	0.4014	-0.1075	0.5825	0.8057	488	490	548	3	2	0.0029	0.2813	0	0.0195	1
0.0223	0.2132	-0.8323	-1.5284	0.5047	0.2203	0.8357	-0.503	489	491	548	3	3	0.0221	0.1273	0	0.0513	1
0.0142	0.0087	-0.7491	-1.3852	0.4107	0.6999	0.5545	-0.4501	490	492	548	3	4	0.01	0.05	0	0.01	1
0.0197	0.0613	-0.7597	-1.3511	0.3933	0.1888	0.4962	0.8474	491	493	548	3	5	0.0092	0.25	0	0.028	1
0.0168	0.1024	-0.7338	-1.2674	0.397	0.2174	0.6228	0.7516	492	494	548	3	6	0.0328	0.2	0	0.0645	1
0.01	0.0165	-0.7395	-1.2125	0.4535	-0.0096	0.9219	-0.3874	493	495	548	3	7	0.01	0.05	0	0.01	1
0.0123	0.0953	-0.7397	-1.198	0.4415	0.8158	0.5722	-0.0842	494	0	548	3	8	0.0104	0.1286	0	0.0218	1
0.0236	0.0894	-0.9174	-1.5983	0.293	-0.0193	0.9779	0.2081	210	497	549	3	1	0.0088	0.225	0	0.0314	1
0.0236	0.0954	-0.9036	-1.5351	0.3332	-0.0334	0.6531	0.7565	496	498	549	3	2	0.0102	0.1833	0	0.0343	1
0.0236	0.0406	-0.8921	-1.4788	0.3916	-0.3939	-0.919	-0.0146	497	499	549	3	3	0.007	0.14	0	0.01	1
0.0236	0.0655	-0.9029	-1.5297	0.394	-0.3816	0.0636	0.9221	498	0	549	3	4	0.0074	0.16	0	0.01	1
0.0203	0.0778	-0.9601	-1.6883	0.3144	-0.4111	-0.2389	0.8797	211	501	550	3	1	0.008	0.24	0	0.032	1
0.0203	0.0204	-0.9792	-1.7068	0.3728	0.0978	-0.9878	0.1211	500	502	550	3	2	0.006	0.15	0	0.01	1
0.0203	0.015	-0.9772	-1.7278	0.3707	-0.9967	0.0787	-0.0175	501	503	550	3	3	0.0081	0.175	0	0.01	1
0.0203	0.0727	-0.9839	-1.73	0.3776	-0.6817	-0.49	0.5433	502	0	550	3	4	0.0076	0.125	0	0.01	1
0.0175	0.0355	-1.0826	-1.8187	0.3991	0.1909	0.6491	0.7364	214	505	564	3	1	0.0066	0.375	1	0.0286	1
0.0172	0.1154	-1.0743	-1.7891	0.4187	0.8327	0.2855	0.4745	504	506	564	3	2	0.0108	0.2667	0	0.0286	1
0.0158	0.1195	-0.9765	-1.7642	0.487	0.6299	0.7006	0.3353	505	507	564	3	3	0.0087	0.2667	0	0.033	1
0.0096	0.0752	-0.9012	-1.6916	0.5408	0.5591	0.6411	0.5257	506	508	564	3	4	0.01	0.05	0	0.01	1
0.0055	0.0733	-0.8598	-1.6368	0.5685	0.5598	0.7327	0.3869	507	0	564	3	5	0.01	0.05	0	0.01	1
0.0025	0.1167	-0.4963	0.221	0.2662	0.1743	0.851	-0.4954	233	510	588	3	1	0.0397	0.2	0	0.081	1
0.0025	0.0554	-0.4919	0.3001	0.2396	-0.7791	0.6269	0.0086	509	0	588	3	2	0.021	0.1	0	0.0239	1
0.0264	0.0817	-0.3176	0.2747	0.4044	0.9197	-0.0347	0.3912	248	512	294	3	1	0.0061	0.2679	1	0.0273	1
0.0215	0.1879	-0.2398	0.2721	0.4361	0.0687	0.3225	0.9441	511	513	294	3	2	0.0063	0.17	0	0.0273	1
0.01	0.0839	-0.2352	0.3017	0.6118	-0.2568	0.0163	0.9663	512	0	294	3	3	0.01	0.05	0	0.01	1
0.0284	0.0514	-0.3872	0.2611	0.4478	0.7357	-0.118	0.667	248	515	295	3	1	0.0081	0.4583	1	0.0284	1
0.0284	0.0886	-0.3494	0.2551	0.4821	0.6673	0.3863	0.6368	514	516	295	3	2	0.0081	0.4583	0	0.0284	1
0.0284	0.0038	-0.2994	0.3087	0.5683	0.3991	0.8187	-0.4128	515	517	295	3	3	0.0069	0.125	0	0.01	1
0.0284	0.0618	-0.3029	0.3018	0.5678	0.6376	-0.3922	-0.663	516	0	295	3	4	0.0058	0.175	0	0.01	1
0.0135	0.3267	-0.3191	0.2932	0.3009	-0.9909	0.1108	0.0766	248	519	296	3	1	0.0035	0.2222	0	0.0424	1
0.0162	0.0751	-0.6368	0.3102	0.3227	0.4942	0.2958	-0.8175	518	0	296	3	2	0.0032	0.3125	0	0.0196	1
0.0208	0.1421	-0.5414	0.2653	0.6217	0.51	-0.0449	0.859	251	521	589	3	1	0.0038	0.25	0	0.0177	1
0.0336	0.184	-0.4676	0.2251	0.722	0.9309	0.2229	-0.2894	520	522	589	3	2	0.0118	0.1616	0	0.0701	1
0.0177	0.0636	-0.3026	0.2865	0.6736	0.6013	0.356	-0.7154	521	523	589	3	3	0.0142	0.0667	0	0.0236	1
0.01	0.065	-0.2882	0.2849	0.6535	0.54	0.2968	0.7876	522	0	589	3	4	0.01	0.05	0	0.01	1
0.0395	0.1081	0.3896	0.1604	0.2724	-0.6177	0.5004	0.6067	263	525	301	3	1	0.0087	0.4444	1	0.0395	0
0.0395	0.0873	0.3228	0.2145	0.338	0.5482	0.0536	0.8346	524	526	301	3	2	0.0087	0.4444	0	0.0395	0
0.0395	0.1759	0.3707	0.2123	0.4174	-0.6548	0.5241	0.5446	525	527	301	3	3	0.0125	0.2393	0	0.0325	0
0.0395	0.0463	0.2649	0.3037	0.5153	-0.1636	0.456	0.8748	526	528	301	3	4	0.0062	0.0231	0	0.0339	0
0.0395	0.0256	0.283	0.3178	0.5293	0.0104	0.9685	-0.2486	527	0	301	3	5	0.0033	0.0769	0	0.01	0
0.038	0.119	0.4665	0.1416	0.2844	0.2866	-0.0583	0.9563	263	530	590	3	1	0.012	0.45	0	0.038	0
0.038	0.1426	0.516	0.1586	0.3774	0.8992	-0.3029	0.3158	529	0	590	3	2	0.0078	0.0926	0	0.0208	0
0.012	0.1031	0.7316	0.0421	0.2013	-0.9549	0.2211	-0.198	266	532	421	3	1	0.0152	0.2167	0	0.0306	1
0.0047	0.094	0.6308	0.0715	0.1813	0.0119	-0.0516	0.9986	531	0	421	3	2	0.0131	0.0714	0	0.0187	1
0.039	0.119	1.0341	-0.1369	0.4265	0.1064	-0.027	0.994	271	534	494	3	1	0.0138	0.2179	1	0.0252	1
0.039	0.0729	1.0879	-0.1455	0.5392	0.1339	0.002	0.991	533	535	494	3	2	0.0077	0.1923	0	0.0252	1
0.039	0.0977	1.1223	-0.147	0.6343	-0.4471	-0.7869	0.4252	534	536	494	3	3	0.0041	0.4074	0	0.039	1
0.039	0.0832	1.064	-0.2203	0.715	0.9346	-0.0396	0.3534	535	537	494	3	4	0.0096	0.1538	0	0.0259	1
0.039	0.1222	1.182	-0.1879	0.7242	0.5164	-0.1016	0.8503	536	538	494	3	5	0.0071	0.1209	0	0.0187	1
0.039	0.0692	1.2531	-0.2514	0.8244	0.5996	0.0348	0.7995	537	539	494	3	6	0.0045	0.0962	0	0.01	1
0.039	0.0273	1.2395	-0.2623	0.8946	0.2856	-0.1217	0.9506	538	540	494	3	7	0.0032	0.0641	0	0.01	1
0.039	0.0601	1.2487	-0.2039	0.9302	0.8907	-0.0911	0.4454	539	0	494	3	8	0.0054	0.1154	0	0.01	1
0.0197	0.1771	1.0536	-0.143	0.3797	-0.3998	0.0815	-0.913	271	542	505	3	1	0.0067	0.25	0	0.0228	1
0.015	0.0147	0.9849	-0.1143	0.2369	-0.6847	0.6174	-0.3873	541	543	505	3	2	0.01	0.05	0	0.01	1
0.0125	0.1282	0.9749	-0.1052	0.2313	-0.7867	0.4512	-0.4213	542	544	505	3	3	0.01	0.05	0	0.01	1
0.01	0.1119	0.8741	-0.0474	0.1773	-0.4706	0.3822	-0.7953	543	0	505	3	4	0.01	0.05	0	0.01	1
0.0271	0.0572	1.1548	-0.2064	0.3891	0.8484	-0.4174	-0.3256	272	546	507	3	1	0.0072	0.5417	1	0.0271	1
0.0271	0.0761	1.2033	-0.2303	0.3704	0.7879	-0.592	-0.1699	545	547	507	3	2	0.0072	0.5417	0	0.0271	1
0.0271	0.0713	1.2641	-0.2736	0.3569	0.8495	-0.4569	-0.2636	546	548	507	3	3	0.0027	0.2917	0	0.0243	1
0.0271	0.039	1.3231	-0.3077	0.3363	0.8055	-0.1734	-0.5666	547	0	507	3	4	0.008	0.2	0	0.01	1
0.0095	0.1426	1.4149	-0.3634	0.4283	0.4076	0.1371	0.9028	277	550	520	3	1	0.0031	0.2917	0	0.0228	1
0.0076	0.1032	1.464	-0.3469	0.5615	0.4836	-0.168	0.859	549	0	520	3	2	0.0028	0.2188	0	0.0271	1
0.0427	0.2838	0.0483	0.4767	0.2114	-0.3348	-0.8624	0.3796	288	552	158	3	1	0.0137	0.2115	1	0.0586	1
0.0375	0.3595	-0.046	0.2222	0.3308	0.5178	0.6761	0.5242	551	553	158	3	2	0.0195	0.1713	0	0.0586	1
0.03	0.0759	0.1127	0.4532	0.5473	0.6952	0.0777	0.7146	552	554	158	3	3	0.0086	0.22	0	0.0352	1
0.0236	0.0068	0.1352	0.4653	0.6197	0.527	0.0799	0.8461	553	555	158	3	4	0.012	0.1758	0	0.0373	1
0.01	0.0793	0.1387	0.4662	0.6256	0.5652	-0.0197	0.8247	554	556	158	3	5	0.01	0.05	0	0.01	1
0.0066	0.0516	0.1836	0.4646	0.691	0.658	-0.5862	-0.4726	555	0	158	3	6	0.01	0.05	0	0.01	1
0.0324	0.2603	0.069	0.4862	0.2499	0.3791	-0.5278	0.76	287	558	159	3	1	0.0086	0.3333	1	0.0324	1
0.0324	0.0496	0.1677	0.3488	0.4478	0.6532	-0.0536	0.7553	557	559	159	3	2	0.0086	0.3333	0	0.0324	1
0.0245	0.1085	0.1959	0.325	0.4848	-0.8099	0.1515	0.5666	558	560	159	3	3	0.0033	0.3333	0	0.0229	1
0.0247	0.1154	0.0944	0.3168	0.5717	-0.2653	0.7593	0.5943	559	561	159	3	4	0.0029	0.2813	0	0.0247	1
0.0302	0.0849	0.0853	0.371	0.6357	0.1694	-0.029	0.9851	560	562	159	3	5	0.0066	0.225	0	0.0375	1
0.0232	0.0899	0.0829	0.3676	0.7227	0.1603	-0.8068	0.5686	561	563	159	3	6	0.0031	0.2917	0	0.0267	1
0.0192	0.1102	0.0999	0.2936	0.7704	0.3611	-0.7289	0.5817	562	564	159	3	7	0.0088	0.1667	0	0.0268	1
0.0094	0.0155	0.1438	0.2244	0.8335	0.584	-0.1468	0.7984	563	0	159	3	8	0.01	0.05	0	0.01	1
0.0186	0.2343	0.1354	0.5642	0.2365	0.7807	0.5741	0.2467	288	566	160	3	1	0.0038	0.375	1	0.0181	1
0.0184	0.0933	0.3182	0.6987	0.2943	0.4712	0.7207	0.5085	565	567	160	3	2	0.0038	0.375	0	0.0181	1
0.0195	0.1013	0.3445	0.7692	0.33	0.5459	0.4659	-0.6963	566	568	160	3	3	0.0024	0.3333	0	0.0206	1
0.0189	0.0612	0.401	0.8252	0.254	-0.5775	-0.3721	-0.7267	567	0	160	3	4	0.0039	0.25	0	0.0202	1
0.0336	0.2294	0.2651	0.6128	0.4142	0.9485	-0.2235	-0.2243	289	570	161	3	1	0.0089	0.0606	0	0.042	1
0.0241	0.2593	0.4888	0.5733	0.3959	0.8149	-0.577	0.0551	569	571	161	3	2	0.0029	0.1111	0	0.0274	1
0.0163	0.0026	0.6972	0.4189	0.4019	0.6479	-0.7381	0.1883	570	572	161	3	3	0.0103	0.0556	0	0.01	1
0.01	0.0394	0.7033	0.4143	0.4006	-0.4945	-0.8653	0.0824	571	0	161	3	4	0.01	0.05	0	0.01	1
0.0233	0.2198	0.3565	0.662	0.4795	-0.2509	-0.6756	-0.6933	289	574	163	3	1	0.0047	0.3333	0	0.0238	1
0.0198	0.07	0.3309	0.5234	0.3402	0.4742	-0.6924	-0.5438	573	575	163	3	2	0.0024	0.3333	0	0.0236	1
0.01	0.0315	0.3531	0.4745	0.3133	0.6517	0.3693	0.6625	574	0	163	3	3	0.01	0.05	0	0.01	1
0.0426	0.1126	0.3823	0.6821	0.4646	0.229	-0.9734	-0.0103	289	577	164	3	1	0.0085	0.3667	0	0.0465	1
0.0277	0.0694	0.4122	0.5935	0.4821	0.907	-0.3655	0.2093	576	578	164	3	2	0.0028	0.25	0	0.0322	1
0.0221	0.0696	0.4296	0.5998	0.5375	0.7194	0.1628	0.6753	577	579	164	3	3	0.0172	0.3556	0	0.0264	1
0.01	0.0891	0.4756	0.6071	0.5849	0.0703	0.0215	0.9973	578	0	164	3	4	0.01	0.05	0	0.01	1
0.0292	0.1948	0.3241	0.6635	0.5038	0.5921	-0.4113	0.693	289	581	166	3	1	0.0106	0.375	0	0.031	1
0.0222	0.1401	0.4397	0.5846	0.6316	0.4421	0.8815	0.1656	580	582	166	3	2	0.0029	0.25	0	0.0237	1
0.0201	0.0934	0.5154	0.7047	0.6476	0.4994	0.3662	0.7852	581	583	166	3	3	0.0085	0.1833	0	0.028	1
0.01	0.0412	0.5609	0.7588	0.7211	0.7318	0.048	-0.6798	582	0	166	3	4	0.01	0.05	0	0.01	1
0.0318	0.2174	0.3755	0.7286	0.5588	-0.1612	-0.283	0.9455	290	585	167	3	1	0.0031	0.2083	1	0.0264	1
0.0277	0.1561	0.3405	0.6671	0.7644	-0.3705	-0.4838	-0.7929	584	586	167	3	2	0.0031	0.2083	0	0.0264	1
0.0364	0.1277	0.2231	0.6133	0.6374	-0.3046	-0.7493	0.588	585	587	167	3	3	0.0073	0.2361	0	0.0416	1
0.0278	0.0613	0.2054	0.5091	0.7069	-0.0806	-0.6813	0.7275	586	588	167	3	4	0.0086	0.3	0	0.0337	1
0.0135	0.0169	0.1928	0.4645	0.7467	-0.4898	-0.1228	0.8632	587	589	167	3	5	0.01	0.05	0	0.01	1
0.01	0.0618	0.1846	0.4624	0.7613	-0.2982	-0.7025	-0.6462	588	0	167	3	6	0.01	0.05	0	0.01	1
0.0426	0.3564	0.3505	0.7377	0.52	0.754	0.6549	0.0499	289	591	592	3	1	0.0357	0.1203	0	0.1006	1
0.0267	0.0694	0.6077	0.9521	0.5361	0.8177	-0.5187	0.2497	590	592	592	3	2	0.0141	0.225	0	0.0267	1
0.0255	0.1463	0.6785	0.9083	0.5516	0.4933	0.8657	0.0847	591	593	592	3	3	0.0079	0.2	0	0.0322	1
0.01	0.0193	0.7513	1.021	0.5516	0.6555	0.5207	-0.547	592	594	592	3	4	0.01	0.05	0	0.01	1
0.0067	0.0362	0.7749	1.0367	0.5449	0.1245	0.3843	-0.9148	593	0	592	3	5	0.01	0.05	0	0.01	1
0.047	0.1209	0.6894	0.9339	1.014	-0.3564	-0.7407	-0.5695	297	596	348	3	1	0.0074	0.0833	0	0.01	1
0.047	0.089	0.5802	0.8885	0.9586	-0.5073	-0.5606	-0.6545	595	597	348	3	2	0.0038	0.4	0	0.047	1
0.047	0.1046	0.5783	0.8737	0.8644	-0.7254	0.2327	-0.6479	596	598	348	3	3	0.0139	0.0381	0	0.0319	1
0.047	0.0869	0.5222	0.8122	0.861	-0.1415	-0.6146	-0.776	597	599	348	3	4	0.0068	0.08	0	0.01	1
0.047	0.0723	0.5041	0.8132	0.7864	-0.7103	-0.1646	-0.6843	598	0	348	3	5	0.0073	0.1	0	0.01	1
0.0234	0.0133	0.6683	0.9869	1.1509	-0.0817	0.6172	0.7826	298	601	349	3	1	0.0028	0.375	0	0.0254	1
0.0168	0.0625	0.6536	0.9925	1.1573	-0.1781	-0.4189	0.8904	600	602	349	3	2	0.0033	0.12	0	0.01	1
0.0134	0.068	0.6362	0.9686	1.212	-0.1339	0.0521	0.9896	601	603	349	3	3	0.01	0.05	0	0.01	1
0.01	0.0564	0.6271	0.9721	1.2793	0.3693	0.8163	0.4442	602	0	349	3	4	0.01	0.05	0	0.01	1
0.0408	0.2472	0.7305	-1.5117	0.261	0.6072	-0.7871	0.1086	359	605	359	4	1	0.0156	0.2663	0	0.0488	0
0.0292	0.0935	0.827	-1.6987	0.2915	-0.1515	-0.9665	-0.2072	604	606	359	4	2	0.0046	0.375	0	0.0318	0
0.0215	0.0584	0.8087	-1.7913	0.2982	-0.472	-0.869	-0.1481	605	607	359	4	3	0.012	0.1488	0	0.034	0
0.01	0.0723	0.7763	-1.8233	0.2595	0.3702	0.8145	0.4467	606	0	359	4	4	0.01	0.05	0	0.01	0
0.0426	0.1541	0.3621	-0.5808	-0.0494	-0.4711	-0.0073	-0.8821	351	609	596	4	1	0.0166	0.1646	1	0.0627	0
0.042	0.6728	0.2926	-0.5829	-0.1886	0.7347	0.2809	0.6175	608	610	596	4	2	0.0275	0.1954	0	0.0627	0
0.0457	0.1304	0.7752	-0.4316	0.1981	0.7586	-0.528	0.3816	609	611	596	4	3	0.0079	0.84	0	0.0457	0
0.0393	0.0785	0.8649	-0.5226	0.261	0.9217	-0.3878	-0.0102	610	612	596	4	4	0.0063	0.7037	0	0.0393	0
0.0391	0.1072	0.9599	-0.5487	0.2643	0.0678	-0.8494	0.5233	611	613	596	4	5	0.0062	0.5111	0	0.0392	0
0.0396	0.1847	0.9618	-0.6423	0.3264	0.6947	-0.6187	0.3669	612	614	596	4	6	0.0067	0.5	0	0.0405	0
0.0377	0.0981	1.0917	-0.753	0.3848	0.9272	-0.3739	0.0203	613	615	596	4	7	0.005	0.5313	0	0.0381	0
0.0375	0.1237	1.1836	-0.7805	0.3914	0.4823	-0.4376	0.7589	614	616	596	4	8	0.0066	0.575	0	0.038	0
0.0303	0.1031	1.2908	-0.8482	0.4294	0.6727	-0.343	0.6557	615	617	596	4	9	0.0047	0.5	0	0.0303	0
0.0344	0.0691	1.3668	-0.8787	0.4907	0.7611	-0.5092	0.4018	616	618	596	4	10	0.0047	0.4167	0	0.0353	0
0.028	0.1198	1.4315	-0.9182	0.5149	0.0438	-0.552	0.8327	617	619	596	4	11	0.0049	0.4063	0	0.028	0
0.0321	0.0965	1.4608	-0.9765	0.6096	0.2469	-0.1378	0.9592	618	620	596	4	12	0.0041	0.3333	0	0.0334	0
0.0291	0.1384	1.4744	-0.9972	0.708	0.575	-0.17	0.8003	619	621	596	4	13	0.003	0.175	0	0.0291	0
0.028	0.1284	1.5396	-1.0515	0.8126	0.2592	-0.3038	0.9168	620	622	596	4	14	0.01	0.05	0	0.01	0
0.028	0.0944	1.5723	-1.0346	0.9368	0.303	-0.1059	0.9471	621	623	596	4	15	0.0039	0.14	0	0.01	0
0.028	0.0732	1.6388	-1.0566	0.8968	0.9016	-0.3173	0.2941	622	0	596	4	16	0.0053	0.1	0	0.01	0
0.0302	0.2059	0.5594	-1.1715	0.0053	0.2679	-0.6897	-0.6727	356	625	443	4	1	0.0026	0.225	0	0.0381	0
0.028	0.091	0.62	-1.31	-0.128	0.2807	-0.9049	0.32	624	626	443	4	2	0.0039	0.2917	0	0.0287	0
0.0213	0.0762	0.6265	-1.4087	-0.1207	0.4387	-0.8594	0.2627	625	627	443	4	3	0.0028	0.2917	0	0.0213	0
0.0185	0.1261	0.6615	-1.474	-0.1002	0.1498	-0.9841	-0.0955	626	628	443	4	4	0.0019	0.2813	0	0.0185	0
0.0126	0.0564	0.668	-1.6007	-0.1012	0.5292	0.4701	0.7064	627	629	443	4	5	0.01	0.05	0	0.01	0
0.0091	0.1389	0.6979	-1.5742	-0.0614	0.4225	0.5543	0.7171	628	0	443	4	6	0.01	0.05	0	0.01	0
0.0302	0.2213	-0.0621	-1.5822	0.6805	-0.1405	0.0215	-0.9899	385	631	382	4	1	0.0041	0.4583	0	0.0302	0
0.0302	0.1113	-0.0723	-1.6044	0.4464	-0.0979	-0.5434	0.8337	630	632	382	4	2	0.0087	0.22	0	0.0241	0
0.0302	0.0372	-0.0828	-1.6506	0.5398	0.0142	-0.0473	0.9988	631	0	382	4	3	0.0025	0.125	0	0.01	0
0.0141	0.0687	-0.0427	-1.6486	0.6668	0.4924	-0.8511	-0.1822	385	634	384	4	1	0.008	0.3	1	0.0329	0
0.0141	0.1421	-0.018	-1.6993	0.6614	-0.6868	-0.1622	-0.7086	633	635	384	4	2	0.015	0.1875	0	0.0329	0
0.01	0.0501	-0.0932	-1.7241	0.5583	-0.1234	-0.2563	-0.9587	634	0	384	4	3	0.01	0.05	0	0.01	0
0.01	0.0898	-0.2071	-1.7902	0.8231	0.0953	0.1158	-0.9887	394	637	387	4	1	0.01	0.05	1	0.01	0
0.01	0.0913	-0.1986	-1.7798	0.7344	-0.1808	0.2798	-0.9429	636	638	387	4	2	0.01	0.05	0	0.01	0
0.01	0.0809	-0.2151	-1.7542	0.6483	0.2311	-0.499	-0.8352	637	0	387	4	3	0.01	0.05	0	0.01	0
0.0194	0.2412	-0.2465	-1.5457	0.6583	0.0581	-0.854	-0.517	392	640	597	4	1	0.0043	0.375	0	0.0306	0
0.0194	0.0564	-0.2125	-1.7458	0.5263	-0.0912	-0.6344	-0.7676	639	641	597	4	2	0.004	0.375	0	0.0267	0
0.0194	0.029	-0.2266	-1.7826	0.4847	0.0051	-0.8501	-0.5267	640	0	597	4	3	0.0089	0.45	0	0.0194	0
0.0195	0.1101	-0.3283	-2.0097	0.7776	-0.8966	-0.2817	0.3418	403	643	598	4	1	0.0046	0.0978	1	0.1092	0
0.0187	0.113	-0.3972	-2.002	0.7286	0.5635	0.6648	0.4905	642	644	598	4	2	0.0125	0.15	0	0.1092	0
0.0124	0.1276	-0.3837	-1.9127	0.7758	0.1668	0.8646	0.474	643	645	598	4	3	0.01	0.05	0	0.01	0
0.0126	0.1866	-0.3601	-1.8048	0.8357	-0.0898	-0.3182	0.9437	644	646	598	4	4	0.0016	0.1458	0	0.0133	0
0.0076	0.0384	-0.3773	-1.8614	1.0116	0.061	0.0915	0.9939	645	647	598	4	5	0.01	0.05	0	0.01	0
0.0045	0.0424	-0.3767	-1.8562	1.0512	0.0783	-0.6002	0.796	646	0	598	4	6	0.0079	0.15	0	0.01	1
0.0096	0.1117	-0.0853	-2.2311	0.7789	-0.0074	0.6723	0.7402	407	649	459	4	1	0.0132	0.15	0	0.0267	0
0.0074	0.0612	-0.0757	-2.1565	0.8624	0.0127	0.9265	0.3762	648	0	459	4	2	0.0127	0.175	0	0.0225	0
0.007	0.1742	-0.6369	-2.2958	0.7205	0.5348	-0.2553	0.8055	413	651	390	4	1	0.0201	0.1667	0	0.0279	0
0.0072	0.0101	-0.5666	-2.3103	0.8696	0.5586	0.1897	0.8075	650	0	390	4	2	0.01	0.05	0	0.01	0
0.0235	0.0846	-1.3517	-0.4092	1.1415	-0.9995	0.0208	0.0224	435	653	600	4	1	0.0026	0.2813	1	0.0242	1
0.0196	0.0949	-1.4363	-0.4075	1.1434	-0.7532	0.0147	0.6577	652	654	600	4	2	0.0026	0.2813	0	0.0242	1
0.01	0.0567	-1.4993	-0.4129	1.2276	-0.9317	-0.2084	0.2975	653	0	600	4	3	0.01	0.05	0	0.01	1
0.0121	0.0691	-1.4034	-0.5274	1.4942	-0.8399	0.3442	-0.4197	438	656	498	4	1	0.0105	0.225	0	0.0286	1
0.0107	0.0887	-1.4935	-0.4991	1.4594	0.1923	0.1109	-0.975	655	657	498	4	2	0.01	0.05	0	0.01	1
0.01	0.0631	-1.4764	-0.4892	1.3729	-0.961	0.2321	-0.1504	656	0	498	4	3	0.01	0.05	0	0.01	1
0.0333	0.0668	-1.3853	-0.2025	1.0459	0.7198	-0.5357	0.4415	454	659	464	4	1	0.0083	0.525	0	0.0333	1
0.0333	0.0425	-1.3345	-0.2252	1.072	-0.4004	0.3091	0.8626	658	660	464	4	2	0.0099	0.25	0	0.0239	1
0.0333	0.077	-1.3496	-0.1972	1.1084	0.9082	-0.108	0.4044	659	0	464	4	3	0.0063	0.0545	0	0.01	1
0.0105	0.1013	0.7762	-0.1756	-0.1379	-0.4666	-0.6191	0.6317	467	662	602	4	1	0.0329	0.2375	0	0.0458	1
0.0102	0.0676	0.7436	-0.2505	-0.0351	-0.8363	0.3475	0.4242	661	0	602	4	2	0.0178	0.275	0	0.0302	1
0.0245	0.08	-0.2471	-0.1635	0.1404	-0.45	-0.8886	-0.0889	0	664	603	0	1	0.0046	0.5	0	0.0245	0
0.0245	0.0451	-0.2724	-0.2453	0.1406	-0.5042	-0.7682	-0.3945	663	0	603	0	2	0.0091	0.18	0	0.01	0
0.028	0.0514	-0.9023	-1.6288	0.357	-0.678	0.4477	0.583	488	666	604	4	1	0.0068	0.175	0	0.035	1
0.028	0.0729	-0.9703	-1.6053	0.4331	0.0851	-0.9937	0.0733	665	667	604	4	2	0.004	0.4583	0	0.028	1
0.028	0.0908	-0.9739	-1.6688	0.4515	-0.582	-0.8051	0.1143	666	0	604	4	3	0.0084	0.325	0	0.0238	1
0.0271	0.0705	-0.8456	-1.5152	0.517	-0.1772	0.1594	0.9712	490	669	565	4	1	0.0108	0.4167	0	0.0271	1
0.0271	0.1046	-0.8425	-1.5006	0.5515	0.891	-0.2411	0.3847	668	670	565	4	2	0.0076	0.15	0	0.0378	1
0.0271	0.0389	-0.7731	-1.4956	0.5971	0.2733	0.0456	0.9608	669	0	565	4	3	0.0067	0.12	0	0.01	1
0.0236	0.1899	1.089	-0.1395	0.5728	0.729	-0.4852	-0.4829	533	672	508	4	1	0.0031	0.2917	0	0.0259	1
0.0201	0.0925	1.2305	-0.2281	0.4827	0.6503	-0.6973	0.3015	671	673	508	4	2	0.0018	0.4167	0	0.0195	1
0.0211	0.0745	1.2943	-0.2882	0.5029	0.9198	-0.2736	0.2813	672	674	508	4	3	0.0039	0.3333	0	0.0219	1
0.0195	0.0432	1.3622	-0.3235	0.5352	0.8635	-0.3271	-0.3838	673	0	508	4	4	0.01	0.05	0	0.01	1
0.0108	0.0821	1.1172	-0.171	0.5353	-0.7472	0.4215	0.5138	534	676	608	4	1	0.0125	0.15	0	0.0418	1
0.0102	0.11	1.0333	-0.1461	0.5675	-0.4524	0.1494	0.8792	675	677	608	4	2	0.01	0.05	0	0.01	1
0.01	0.0707	0.9836	-0.1296	0.6643	0.6783	-0.6471	0.3481	676	0	608	4	3	0.01	0.05	0	0.01	1
0.0285	0.112	0.1402	0.4569	0.5328	0.5192	-0.3326	0.7873	553	679	609	4	1	0.015	0.2	0	0.0448	1
0.0176	0.0914	0.1934	0.4094	0.6016	0.7538	-0.6414	0.1428	678	680	609	4	2	0.0095	0.225	0	0.01	1
0.0138	0.0237	0.2703	0.3573	0.6145	-0.0099	-0.0099	-0.9999	679	681	609	4	3	0.01	0.05	0	0.01	1
0.01	0.0635	0.2701	0.3571	0.5908	-0.6678	-0.7441	0.0191	680	0	609	4	4	0.01	0.05	0	0.01	1
0.0079	0.1084	0.1072	0.3503	0.751	-0.5828	0.1373	0.801	562	683	610	4	1	0.0146	0.15	0	0.0478	1
0.0062	0.2026	0.041	0.3666	0.8441	-0.548	0.7197	-0.4262	682	684	610	4	2	0.0104	0.075	0	0.0229	1
0.004	0.0135	-0.0411	0.4974	0.7454	-0.2096	0.3452	-0.9148	683	0	610	4	3	0.0064	0.15	0	0.0185	1
0.0194	0.0831	0.5935	0.9463	0.5582	-0.528	-0.2164	0.8212	591	686	172	4	1	0.0038	0.4167	1	0.0194	1
0.0194	0.0841	0.5496	0.9283	0.6264	0.3316	-0.0492	0.9421	685	687	172	4	2	0.0038	0.4167	0	0.0194	1
0.0194	0.0883	0.5643	0.933	0.7051	0.5126	0.786	0.3457	686	0	172	4	3	0.0094	0.18	0	0.01	1
0.0224	0.1244	0.6266	0.9085	0.5461	0.2363	-0.2617	0.9358	591	689	173	4	1	0.0037	0.3438	0	0.0246	1
0.0163	0.0116	0.6409	0.8589	0.6569	0.6846	-0.6846	0.2503	688	690	173	4	2	0.0089	0.175	0	0.01	1
0.0132	0.1022	0.6537	0.8477	0.6573	0.3463	0.8409	-0.4159	689	691	173	4	3	0.01	0.05	0	0.01	1
0.01	0.0392	0.6891	0.9336	0.6148	-0.0992	0.9013	0.4217	690	0	173	4	4	0.01	0.05	0	0.01	1
0.0199	0.0965	0.8217	1.0781	0.6574	-0.2906	0.2691	-0.9182	0	693	473	0	1	0.0158	0.26	0	0.0372	0
0.0247	0.0939	0.7888	1.0903	0.5875	-0.8443	-0.303	-0.442	692	0	473	0	2	0.0091	0.3125	0	0.0307	0
0.0329	0.1182	0.8118	-1.6236	0.2352	-0.8855	-0.459	-0.0725	604	695	444	5	1	0.0089	0.4375	0	0.0329	1
0.0329	0.0257	0.7005	-1.6837	0.2245	-0.6428	0.7622	-0.0765	694	0	444	5	2	0.0066	0.1061	0	0.01	1
0.0115	0.2912	0.8641	-0.5982	0.3112	-0.9023	0.4077	-0.1403	613	697	362	5	1	0.0102	0.25	1	0.0322	1
0.0115	0.1248	0.6005	-0.4625	0.2552	0.1853	0.6601	0.7279	696	698	362	5	2	0.0094	0.1571	0	0.0322	1
0.0079	0.1237	0.6182	-0.4033	0.3461	0.7011	-0.1634	0.6941	697	0	362	5	3	0.0199	0.0667	0	0.0323	1
0.0214	0.1157	1.3946	-0.9257	0.5396	-0.9677	0.1353	0.2125	617	700	376	5	1	0.0066	0.4167	0	0.0214	0
0.0214	0.1168	1.279	-0.9342	0.5686	0.3981	0.1069	0.9111	699	0	376	5	2	0.0126	0.1714	0	0.0344	0
0.0197	0.1195	1.44	-0.9028	0.4933	0.7345	-0.4171	0.5354	617	702	378	5	1	0.0026	0.2813	0	0.0215	1
0.014	0.0639	1.5189	-0.967	0.5495	0.3959	-0.6144	0.6825	701	703	378	5	2	0.01	0.05	0	0.01	1
0.01	0.0504	1.5442	-1.0063	0.5931	0.9974	0.0454	0.0557	702	0	378	5	3	0.01	0.05	0	0.01	1
0.0045	0.0666	-0.1981	-1.7929	0.767	0.1854	-0.7203	0.6684	636	705	456	5	1	0.0053	0.3333	1	0.0184	0
0.0045	0.0585	-0.1925	-1.8285	0.8248	-0.058	-0.7448	0.6647	704	706	456	5	2	0.007	0.075	0	0.0184	0
0.0025	0.1599	-0.1959	-1.8763	0.8675	-0.0617	-0.6685	-0.7411	705	0	456	5	3	0.021	0.2143	0	0.01	0
0.0085	0.0896	1.2389	-0.237	0.5034	-0.0864	-0.3965	0.9139	672	708	622	5	1	0.0095	0.14	0	0.0158	1
0.006	0.1033	1.2286	-0.2779	0.5879	0.4951	0.1817	0.8496	707	709	622	5	2	0.0144	0.2	0	0.0211	1
0.0063	0.0394	1.2746	-0.2611	0.6804	0.6255	0.164	0.7628	708	0	622	5	3	0.01	0.05	0	0.01	1
