radius (m)	length (m)	start_point	axis_direction	parent	extension	branch	branch_order	position_in_branch	mad	SurfCov	added	UnmodRadius (m)	Rama_podada
0.0618	0.3233	-0.2403	-0.0953	-2.6985	0.142	-0.0171	0.9897	0	2	1	0	1	0.0114	0.7343	0	0.0618	0
0.0613	0.1822	-0.1959	-0.1113	-2.3798	0.0425	-0.1304	0.9905	1	3	1	0	2	0.0078	0.8132	0	0.0613	0
0.0636	0.1824	-0.1818	-0.1276	-2.1983	0.091	-0.2167	0.972	2	4	1	0	3	0.008	0.7653	0	0.0636	0
0.0533	0.1282	-0.1551	-0.1683	-2.0219	0.0751	-0.0909	0.993	3	5	1	0	4	0.007	0.9333	0	0.0533	0
0.0497	0.1713	-0.1488	-0.1733	-1.8939	0.0245	-0.1018	0.9945	4	6	1	0	5	0.0076	0.8788	0	0.0497	0
0.048	0.1582	-0.1498	-0.188	-1.7235	0.0352	0.0797	0.9962	5	7	1	0	6	0.0074	0.9091	0	0.048	0
0.0473	0.1464	-0.1318	-0.1908	-1.564	-0.0538	0.0781	0.9955	6	8	1	0	7	0.0074	0.96	0	0.0473	0
0.0489	0.1346	-0.1481	-0.1693	-1.4173	0.0567	-0.0514	0.9971	7	9	1	0	8	0.0077	0.8545	0	0.0489	0
0.0474	0.125	-0.1402	-0.1712	-1.2835	0.1284	0.0745	0.9889	8	10	1	0	9	0.0077	0.88	0	0.0474	0
0.0496	0.1507	-0.1272	-0.1772	-1.1557	-0.0961	0.2828	0.9543	9	11	1	0	10	0.0086	0.7576	0	0.0496	0
0.051	0.1679	-0.1279	-0.1646	-0.9987	-0.0365	0.3851	0.9222	10	12	1	0	11	0.0089	0.7532	0	0.051	0
0.0511	0.2086	-0.1249	-0.1167	-0.8468	-0.5445	-0.4221	0.7248	11	13	1	0	12	0.0095	0.7045	0	0.0511	0
0.0515	0.1025	-0.2272	-0.199	-0.6929	-0.2151	-0.0392	0.9758	12	14	1	0	13	0.0086	0.8636	0	0.0515	0
0.0554	0.1034	-0.256	-0.2055	-0.5924	0.0376	0.077	0.9963	13	15	1	0	14	0.0098	0.7708	0	0.0554	0
0.0535	0.1638	-0.268	-0.2055	-0.4895	0.0157	-0.0435	0.9989	14	16	1	0	15	0.0095	0.8472	0	0.0535	0
0.0586	0.1514	-0.262	-0.2735	-0.3024	0.0626	0.3622	0.93	15	17	1	0	16	0.01	0.7949	0	0.0586	0
0.0678	0.2284	-0.299	-0.2395	-0.169	0.037	-0.405	0.9136	16	18	1	0	17	0.0127	0.7083	0	0.0678	0
0.0626	0.1955	-0.278	-0.2948	0.0062	0.0266	0.6632	0.748	17	19	1	0	18	0.011	0.4222	0	0.0674	0
0.063	0.101	-0.2933	-0.234	0.2369	0.0493	0.7681	0.6384	18	20	1	0	19	0.0255	0.4077	0	0.0709	0
0.056	0.0995	-0.23	-0.2321	0.3723	0.1811	0.7433	0.644	19	21	1	0	20	0.0078	0.7833	0	0.056	0
0.0775	0.0958	-0.242	-0.2025	0.4773	0.5326	0.3502	0.7705	20	22	1	0	21	0.0115	0.6912	0	0.0778	0
0.0561	0.1991	-0.2232	-0.1652	0.5394	-0.35	-0.4574	0.8175	21	23	1	0	22	0.0111	0.4519	0	0.0574	0
0.0417	0.1007	-0.2458	-0.2748	0.7166	-0.272	0.0567	0.9606	22	24	1	0	23	0.0056	0.6111	0	0.0417	0
0.041	0.0804	-0.2877	-0.2619	0.8265	0.5795	-0.2475	0.7765	23	25	1	0	24	0.0058	0.4167	0	0.041	0
0.041	0.0627	-0.2823	-0.3041	0.9018	0.4609	-0.3934	0.7955	24	26	1	0	25	0.013	0.1846	0	0.0328	0
0.041	0.1775	-0.3117	-0.3128	0.9541	0.0525	0.0382	0.9979	25	27	1	0	26	0.0078	0.0962	0	0.0202	0
0.041	0.0289	-0.2902	-0.2734	1.1553	-0.0885	-0.5706	0.8165	26	28	1	0	27	0.0092	0.1154	0	0.01	0
0.041	0.3495	-0.3	-0.3475	1.1525	-0.0993	-0.4043	0.9092	27	0	1	0	28	0.0298	0.0283	0	0.01	0
0.0486	0.2901	-0.0804	-0.1319	-0.8265	0.3187	0.7071	0.6312	12	30	2	1	1	0.0118	0.5152	0	0.0506	0
0.0501	0.1871	0.046	0.0271	-0.6137	0.1991	0.6295	0.751	29	31	2	1	2	0.0081	0.8409	0	0.0501	1
0.0519	0.1131	0.1081	0.1281	-0.4562	-0.0344	0.6869	0.7259	30	32	2	1	3	0.008	0.6727	0	0.0496	1
0.054	0.1549	0.1248	0.1862	-0.3814	0.4118	0.0973	0.906	31	33	2	1	4	0.0101	0.7778	0	0.054	1
0.0518	0.1109	0.1686	0.2409	-0.2466	0.3999	0.3218	0.8582	32	34	2	1	5	0.0095	0.7955	0	0.0518	1
0.0485	0.129	0.2081	0.2704	-0.1379	0.8343	0.3223	0.4473	33	35	2	1	6	0.0216	0.6111	0	0.0582	1
0.0486	0.157	0.2912	0.3493	-0.0152	0.7754	-0.3753	0.5078	34	36	2	1	7	0.0261	0.7102	0	0.0658	1
0.048	0.1839	0.4049	0.3113	0.073	0.2478	-0.2806	0.9273	35	37	2	1	8	0.0302	0.6193	0	0.0682	1
0.0479	0.1262	0.491	0.3282	0.2768	0.1572	-0.5051	0.8487	36	38	2	1	9	0.0212	0.6063	0	0.0612	1
0.0478	0.1641	0.5581	0.2973	0.3541	-0.1909	0.7974	0.5724	37	39	2	1	10	0.0086	0.5455	0	0.0491	1
0.0475	0.141	0.5681	0.3706	0.5128	0.2949	0.8008	0.5213	38	40	2	1	11	0.0217	0.6	0	0.0632	1
0.0472	0.1038	0.6334	0.4718	0.6455	0.0274	0.9823	0.1853	39	41	2	1	12	0.0087	0.5091	0	0.0503	1
0.048	0.1197	0.6781	0.5373	0.6826	0.5446	0.7795	0.3096	40	42	2	1	13	0.0207	0.5156	0	0.0565	1
0.0468	0.113	0.729	0.6399	0.7395	0.7585	0.5934	0.2693	41	43	2	1	14	0.0197	0.5714	0	0.0583	1
0.0484	0.1185	0.824	0.6753	0.799	0.7016	0.5825	0.4104	42	44	2	1	15	0.0084	0.7273	0	0.0484	1
0.0453	0.0882	0.9045	0.7442	0.8517	0.6897	0.5534	0.4671	43	45	2	1	16	0.0077	0.8333	0	0.0453	1
0.0429	0.1342	0.9852	0.7892	0.8888	0.2719	0.6352	0.7229	44	46	2	1	17	0.0073	0.7037	0	0.0429	1
0.0467	0.0911	1.0664	0.8908	0.9682	0.0719	0.6338	0.7702	45	47	2	1	18	0.0072	0.64	0	0.0474	1
0.0483	0.1013	1.0878	0.9468	1.0263	0.6034	0.4122	0.6826	46	48	2	1	19	0.0079	0.6818	0	0.0505	1
0.0473	0.0887	1.1424	0.9898	1.1047	0.7932	0.3084	0.5252	47	49	2	1	20	0.0075	0.9	0	0.0473	1
0.0485	0.1189	1.2304	1.0337	1.1349	0.5292	0.2423	0.8131	48	50	2	1	21	0.0081	0.6364	0	0.0488	1
0.0482	0.1318	1.3164	1.0496	1.2227	0.5546	0.5841	0.5926	49	51	2	1	22	0.0088	0.7636	0	0.052	1
0.0455	0.0947	1.3864	1.1171	1.3031	0.7089	-0.0626	0.7025	50	52	2	1	23	0.0159	0.5067	0	0.0536	1
0.0384	0.0916	1.4578	1.1242	1.3766	0.9531	-0.3024	-0.0133	51	53	2	1	24	0.0047	0.5833	0	0.0392	1
0.0391	0.1172	1.5314	1.1042	1.3864	0.6941	0.2799	0.6632	52	54	2	1	25	0.0045	0.4722	0	0.0418	1
0.0267	0.1464	1.6559	1.093	1.457	0.4251	0.2766	0.8618	53	55	2	1	26	0.0041	0.35	0	0.0267	1
0.0236	0.0575	1.7248	1.1237	1.5771	0.7848	0.1603	0.5986	54	56	2	1	27	0.0025	0.4167	0	0.0219	1
0.0231	0.1141	1.7673	1.136	1.6137	0.8173	0.3851	0.4287	55	57	2	1	28	0.0022	0.25	0	0.0187	1
0.0298	0.1208	1.8616	1.1817	1.66	0.659	0.4707	0.5866	56	0	2	1	29	0.0082	0.175	0	0.0304	1
0.0372	0.2192	-0.2979	-0.2241	-0.3008	-0.6517	0.3839	-0.6542	16	59	3	1	1	0.0043	0.5	0	0.0372	0
0.0372	0.1394	-0.4299	-0.1343	-0.4257	-0.8675	0.2307	0.4407	58	0	3	1	2	0.0114	0.1111	0	0.01	0
0.0317	0.1522	-0.306	-0.2161	-0.2461	-0.8149	0.5759	-0.0657	16	61	5	1	1	0.0067	0.4167	1	0.0317	0
0.0317	0.0816	-0.43	-0.1285	-0.2561	-0.8695	-0.3099	0.3847	60	62	5	1	2	0.0067	0.4167	0	0.0317	0
0.0317	0.133	-0.5019	-0.1397	-0.1912	-0.0376	-0.922	0.3853	61	63	5	1	3	0.0061	0.1667	0	0.0263	0
0.0317	0.1114	-0.5147	-0.2623	-0.1458	-0.2385	-0.9255	0.2943	62	64	5	1	4	0.0023	0.25	0	0.0305	0
0.0317	0.1195	-0.5441	-0.3507	-0.104	-0.5414	-0.5155	0.6642	63	65	5	1	5	0.002	0.2813	0	0.028	0
0.0317	0.0661	-0.5917	-0.4125	-0.0309	0.3349	-0.1929	0.9223	64	0	5	1	6	0.0112	0.1167	0	0.01	0
0.0316	0.3292	-0.2771	-0.1839	-0.2223	-0.1241	0.7397	0.6614	16	67	13	1	1	0.0082	0.275	1	0.0328	1
0.0253	0.1289	-0.3211	0.0524	-0.0036	-0.1938	0.2139	0.9574	66	68	13	1	2	0.0079	0.1286	0	0.0328	1
0.01	0.0534	-0.3687	0.0746	0.1231	0.1628	-0.0909	0.9825	67	0	13	1	3	0.01	0.05	0	0.01	1
0.0313	0.2933	-0.3271	-0.1803	-0.1499	-0.3759	0.6504	0.6601	17	70	22	1	1	0.0088	0.2708	1	0.0313	0
0.0313	0.1506	-0.4374	0.0104	0.0437	-0.1761	0.7069	0.685	69	71	22	1	2	0.0088	0.2708	0	0.0313	0
0.0294	0.0882	-0.4569	0.0901	0.1475	0.3137	0.1053	0.9437	70	72	22	1	3	0.0032	0.25	0	0.0304	0
0.0286	0.1011	-0.4694	0.116	0.2221	-0.0395	0.3807	0.9238	71	73	22	1	4	0.0089	0.18	0	0.0375	0
0.013	0.019	-0.4931	0.1413	0.3001	-0.7128	0.352	0.6067	72	74	22	1	5	0.01	0.05	0	0.01	0
0.0091	0.0896	-0.5067	0.148	0.3116	-0.0155	0.8135	0.5814	73	0	22	1	6	0.01	0.05	0	0.01	0
0.0557	0.7045	-0.2686	-0.3276	-0.2809	-0.1425	-0.7218	0.6773	16	76	34	1	1	0.0429	0.1921	1	0.0712	0
0.0554	0.21	-0.3456	-0.8043	0.2021	-0.2568	0.0108	0.9664	75	77	34	1	2	0.0263	0.5309	0	0.0712	0
0.0551	0.1213	-0.386	-0.802	0.4127	-0.2092	-0.9035	0.374	76	78	34	1	3	0.0236	0.4375	0	0.064	0
0.0554	0.1917	-0.4092	-0.9088	0.4621	0.114	-0.8506	0.5133	77	79	34	1	4	0.0251	0.6222	0	0.0643	0
0.0562	0.1191	-0.4116	-1.0508	0.5947	-0.0792	-0.8717	0.4836	78	80	34	1	5	0.008	0.75	0	0.0562	0
0.0554	0.0887	-0.4367	-1.1599	0.6458	0.0941	-0.8704	0.4832	79	81	34	1	6	0.008	0.6667	0	0.0563	0
0.0485	0.092	-0.4357	-1.2315	0.7038	-0.0276	-0.941	0.3372	80	82	34	1	7	0.0074	0.6364	0	0.0485	0
0.054	0.1321	-0.4624	-1.3542	0.7104	0.1013	-0.6024	0.7917	81	83	34	1	8	0.0088	0.5417	0	0.0564	0
0.0536	0.1102	-0.4454	-1.4394	0.8139	-0.194	-0.2972	0.9349	82	84	34	1	9	0.0089	0.6458	0	0.0542	0
0.0435	0.0612	-0.4764	-1.541	0.9058	0.1297	-0.1765	0.9757	83	85	34	1	10	0.0061	0.5333	0	0.0435	0
0.0476	0.0998	-0.4725	-1.5503	0.9643	-0.333	-0.9429	0.0048	84	86	34	1	11	0.0064	0.4848	0	0.0489	0
0.0416	0.1769	-0.5197	-1.6432	0.9812	-0.4924	-0.7931	-0.3586	85	87	34	1	12	0.0071	0.3333	0	0.0416	0
0.0436	0.141	-0.6081	-1.7722	0.8926	-0.1764	-0.9012	-0.396	86	88	34	1	13	0.0059	0.5	0	0.0447	0
0.0373	0.086	-0.6375	-1.8984	0.8547	-0.1548	-0.9879	0.0082	87	89	34	1	14	0.0051	0.5417	0	0.0373	0
0.0378	0.0842	-0.6358	-1.9906	0.8389	-0.3965	-0.9172	0.0386	88	90	34	1	15	0.0055	0.5625	0	0.0378	0
0.0385	0.0735	-0.6724	-2.0677	0.8484	-0.3156	-0.9384	-0.141	89	91	34	1	16	0.0054	0.5556	0	0.0389	0
0.0351	0.1018	-0.6953	-2.1376	0.8444	-0.3829	-0.9163	-0.1176	90	92	34	1	17	0.005	0.6563	0	0.0351	0
0.0324	0.0841	-0.7242	-2.2321	0.8343	-0.0896	-0.9788	-0.1842	91	93	34	1	18	0.0045	0.6667	0	0.0324	0
0.0387	0.0859	-0.7362	-2.3121	0.8191	-0.2983	-0.68	0.6699	92	94	34	1	19	0.0053	0.5556	0	0.0403	0
0.033	0.1513	-0.7642	-2.3735	0.8548	-0.3829	-0.9086	0.1671	93	95	34	1	20	0.0066	0.55	0	0.0336	0
0.0274	0.0865	-0.8161	-2.5079	0.8887	-0.488	-0.6632	0.5674	94	96	34	1	21	0.0033	0.5833	0	0.0274	0
0.0226	0.096	-0.8632	-2.5629	0.9296	-0.5294	-0.8455	0.0703	95	97	34	1	22	0.0034	0.4167	0	0.0226	0
0.0226	0.0968	-0.8981	-2.658	0.938	-0.5597	-0.5724	0.5992	96	98	34	1	23	0.0027	0.2917	0	0.0207	0
0.0248	0.0573	-0.9353	-2.7338	1.0041	-0.7751	-0.6314	0.0226	97	99	34	1	24	0.0031	0.2917	0	0.0259	0
0.0255	0.0601	-0.9582	-2.7909	1.0239	-0.7914	-0.4309	0.4336	98	100	34	1	25	0.0038	0.375	0	0.0277	0
0.0226	0.0303	-1.0129	-2.8193	1.049	0.3482	-0.773	-0.5303	99	101	34	1	26	0	0.04	0	0.01	0
0.0226	0.0452	-0.9925	-2.8461	1.0305	0.0405	0.6519	-0.7572	100	0	34	1	27	0.0042	0.18	0	0.01	0
0.0339	0.2405	-0.3313	-0.1599	0.1228	-0.2865	0.7248	0.6265	18	103	37	1	1	0.0035	0.375	1	0.0338	0
0.0302	0.0826	-0.4002	0.0144	0.2735	0.4374	0.2864	0.8524	102	104	37	1	2	0.0035	0.375	0	0.0338	0
0.0261	0.1112	-0.3525	0.0511	0.3386	0.387	0.0288	0.9216	103	105	37	1	3	0.0076	0.18	0	0.0397	0
0.01	0.0226	-0.2927	0.0531	0.4455	-0.1562	0.616	0.7721	104	0	37	1	4	0.01	0.05	0	0.01	0
0.0371	0.3374	-0.3494	-0.1928	0.298	-0.6995	0.5362	-0.4724	19	0	38	1	1	0.0133	0.25	0	0.0371	0
0.0379	0.3398	-0.2569	-0.1175	0.5029	-0.8069	0.5702	-0.1546	22	108	40	1	1	0.0059	0.3125	1	0.0379	0
0.0379	0.1149	-0.5311	0.0762	0.4504	0.2897	0.9397	0.1819	107	109	40	1	2	0.0059	0.3125	0	0.0379	0
0.0383	0.7157	-0.5264	0.1704	0.4632	-0.3841	0.9042	-0.1868	108	110	40	1	3	0.0046	0.0324	0	0.0383	0
0.0348	0.2777	-0.7939	0.826	0.3344	-0.6248	0.7213	-0.2991	109	111	40	1	4	0.003	0.25	0	0.0378	0
0.0274	0.5608	-1.0242	0.9919	0.2692	-0.5568	0.7943	-0.243	110	112	40	1	5	0.0648	0.0286	0	0.2069	0
0.0102	0.5439	-1.4038	1.3534	0.1863	-0.8056	0.5844	-0.0977	111	113	40	1	6	0.01	0.05	0	0.01	0
0.0048	0.0741	-1.5589	1.7618	0.0505	-0.3686	0.881	-0.2967	112	0	40	1	7	0.0176	0.2	0	0.01	0
0.0403	0.505	-0.2985	-0.2827	0.3338	-0.7876	-0.0987	-0.6082	20	115	41	1	1	0.0062	0.125	0	0.0525	0
0.0348	0.1647	-0.7041	-0.3167	0.0233	-0.8635	-0.4676	-0.189	114	116	41	1	2	0.0062	0.125	0	0.0348	0
0.0277	0.0879	-0.8258	-0.4001	-0.0116	-0.1572	-0.8278	0.5386	115	117	41	1	3	0.0029	0.3333	0	0.022	0
0.0319	0.07	-0.841	-0.477	0.0437	-0.6298	-0.6438	-0.4347	116	118	41	1	4	0.0039	0.4583	0	0.0319	0
0.032	0.0495	-0.8836	-0.5269	0.0116	-0.9539	-0.2149	-0.2096	117	119	41	1	5	0.0026	0.2917	0	0.032	0
0.0352	0.0988	-0.8998	-0.5545	-0.0191	-0.6404	-0.3476	-0.6849	118	120	41	1	6	0.0035	0.2188	0	0.0352	0
0.0271	0.0876	-0.9712	-0.5785	-0.0837	-0.7044	-0.375	-0.6026	119	121	41	1	7	0.0029	0.3333	0	0.0211	0
0.0269	0.108	-1.0411	-0.6211	-0.1201	-0.6214	-0.4949	-0.6074	120	122	41	1	8	0.0032	0.3438	0	0.0268	0
0.0318	0.1732	-1.1081	-0.6735	-0.1874	-0.486	-0.7294	-0.4815	121	123	41	1	9	0.0053	0.4375	0	0.0318	1
0.0402	0.0976	-1.1971	-0.8138	-0.2512	-0.9169	-0.1805	-0.3559	122	124	41	1	10	0.0052	0.6389	0	0.0407	1
0.0376	0.0727	-1.2862	-0.8338	-0.2879	-0.983	-0.0355	-0.1801	123	125	41	1	11	0.0042	0.6667	0	0.0377	1
0.0323	0.086	-1.3409	-0.8718	-0.2946	-0.8111	-0.4522	-0.371	124	126	41	1	12	0.0049	0.6667	0	0.0323	1
0.0425	0.1213	-1.4403	-0.8751	-0.3208	-0.7719	-0.6321	-0.0677	125	127	41	1	13	0.0057	0.5	0	0.0462	1
0.0301	0.0718	-1.5376	-0.9364	-0.3734	-0.9839	-0.1773	0.0202	126	128	41	1	14	0.0045	0.5833	0	0.0301	1
0.027	0.0892	-1.6083	-0.9527	-0.3646	-0.6063	-0.7138	-0.3506	127	129	41	1	15	0.0045	0.4167	0	0.027	1
0.0256	0.1592	-1.6738	-1.0094	-0.4011	-0.6069	-0.6551	0.45	128	130	41	1	16	0.0029	0.325	0	0.0254	1
0.0256	0.0806	-1.7694	-1.1176	-0.3353	-0.9158	-0.389	0.0997	129	131	41	1	17	0.0023	0.3333	0	0.0216	1
0.0328	0.1257	-1.8444	-1.1694	-0.3267	-0.9582	0.0592	0.2797	130	132	41	1	18	0.0035	0.5	0	0.0337	1
0.0279	0.0651	-1.958	-1.1742	-0.2988	-0.8181	-0.5516	0.1629	131	133	41	1	19	0.0029	0.4583	0	0.0279	1
0.0256	0.0906	-2.0052	-1.2214	-0.2722	-0.7836	-0.6064	-0.1351	132	134	41	1	20	0.0035	0.4167	0	0.0256	1
0.0256	0.0428	-2.0898	-1.2686	-0.2992	-0.3298	-0.926	-0.1839	133	135	41	1	21	0.01	0.05	0	0.01	1
0.0256	0.0875	-2.1039	-1.3082	-0.307	-0.732	-0.4444	-0.5163	134	0	41	1	22	0.01	0.05	0	0.01	1
0.0589	0.0767	-0.2471	-0.0662	0.5095	-0.1335	0.7668	0.6279	20	137	54	1	1	0.011	0.6282	1	0.0589	0
0.0589	0.1754	-0.2573	-0.0074	0.5577	0.0308	0.6518	0.7578	136	138	54	1	2	0.011	0.6282	0	0.0589	0
0.0589	0.1766	-0.2684	0.1118	0.7396	0.1073	0.9923	-0.0616	137	139	54	1	3	0.0072	0.4821	0	0.0623	0
0.0589	0.0864	-0.2328	0.278	0.7626	0.2434	0.9602	0.1369	138	140	54	1	4	0.0085	0.0947	0	0.0326	0
0.0589	0.0451	-0.2508	0.3794	0.7974	0.3862	0.9187	-0.0827	139	141	54	1	5	0.0104	0.2593	0	0.026	0
0.0589	0.1419	-0.2847	0.407	0.8248	-0.0336	0.9322	0.3604	140	142	54	1	6	0.0108	0.0855	0	0.0311	0
0.0589	0.1636	-0.203	0.5022	0.9001	0.2252	0.8439	0.487	141	143	54	1	7	0.0036	0.0409	0	0.01	0
0.0589	0.1231	-0.2756	0.6661	0.8883	-0.2166	0.8404	0.4968	142	144	54	1	8	0.0118	0.0567	0	0.0281	0
0.0589	0.1644	-0.2994	0.6746	1.043	-0.1958	0.6852	0.7015	143	145	54	1	9	0.0053	0.0409	0	0.01	0
0.0589	0.1699	-0.3473	0.759	1.0026	0.0493	0.9819	-0.1831	144	146	54	1	10	0.0063	0.0478	0	0.0248	0
0.0589	0.1666	-0.3581	0.9313	0.932	-0.1196	0.9734	0.1955	145	147	54	1	11	0.012	0.0307	0	0.0499	0
0.0589	0.0858	-0.2807	1.0709	0.9979	-0.1536	0.5495	0.8213	146	148	54	1	12	0.0061	0.0632	0	0.01	0
0.0589	0.0451	-0.3464	1.1383	1.054	-0.0141	0.5524	0.8335	147	149	54	1	13	0.0095	0.0585	0	0.0177	0
0.0589	0.216	-0.3702	1.1626	1.0965	0.1174	0.7465	0.655	148	150	54	1	14	0.0106	0.0526	0	0.0402	0
0.0589	0.1056	-0.3594	1.299	1.2541	-0.0753	0.5742	0.8152	149	151	54	1	15	0.0085	0.0526	0	0.01	0
0.0589	0.1406	-0.2664	1.334	1.3481	-0.0125	0.2491	0.9684	150	152	54	1	16	0.0096	0.0395	0	0.01	0
0.0589	0.0298	-0.3738	1.4005	1.4531	-0.0637	0.5856	0.8081	151	0	54	1	17	0.0049	0.0263	0	0.01	0
0.0532	0.3593	-0.1877	-0.2003	0.5942	0.8098	-0.351	0.4701	22	154	518	1	1	0.015	0.3202	0	0.0567	0
0.0453	0.0754	0.0954	-0.3429	0.7587	0.7004	-0.4755	0.5323	153	155	518	1	2	0.0063	0.8333	0	0.0453	0
0.0508	0.1271	0.1505	-0.3722	0.8312	0.9846	-0.1719	-0.0329	154	156	518	1	3	0.0076	0.5303	0	0.0513	0
0.0508	0.1549	0.2758	-0.4118	0.861	0.974	-0.1996	-0.1075	155	157	518	1	4	0.0168	0.4097	0	0.0663	0
0.0316	0.0909	0.4335	-0.4096	0.8803	0.71	-0.581	0.3978	156	158	518	1	5	0.0046	0.5	0	0.0309	0
0.0309	0.0983	0.5127	-0.4683	0.891	0.8457	-0.1292	0.5178	157	159	518	1	6	0.0105	0.32	0	0.0236	0
0.0309	0.0828	0.6066	-0.4961	0.9209	0.53	-0.5358	0.6573	158	160	518	1	7	0.0058	0.18	0	0.01	0
0.0309	0.1222	0.6438	-0.5099	1.0123	0.891	-0.2578	0.3737	159	0	518	1	8	0.0025	0.0857	0	0.01	0
0.0461	0.2249	0.4559	0.3158	0.0517	0.4249	0.7231	-0.5446	35	162	87	2	1	0.0139	0.5111	1	0.0541	1
0.046	0.4489	0.5529	0.4784	-0.0725	0.06	0.997	0.048	161	163	87	2	2	0.0219	0.4464	0	0.0541	1
0.0518	0.1201	0.5256	0.9551	-0.049	0.4724	0.8804	-0.0423	162	164	87	2	3	0.0089	0.7727	0	0.0518	1
0.046	0.0877	0.666	1.0648	-0.0524	-0.0492	0.9973	0.055	163	165	87	2	4	0.0062	0.625	0	0.0464	1
0.0458	0.1265	0.6396	1.1738	-0.0319	0.6251	0.7626	-0.1661	164	166	87	2	5	0.0083	0.5758	0	0.0506	1
0.0456	0.1765	0.7187	1.2729	-0.0604	0.0306	0.943	0.3313	165	167	87	2	6	0.0228	0.5455	0	0.0572	1
0.0511	0.1531	0.7568	1.4186	-0.0209	0.5585	0.8278	0.0533	166	168	87	2	7	0.0093	0.7576	0	0.0511	1
0.0505	0.0894	0.8323	1.5505	-0.0101	0.5048	0.7999	0.3245	167	169	87	2	8	0.0078	0.75	0	0.0505	1
0.0449	0.1171	0.868	1.6435	0.0308	0.9325	0.3366	0.131	168	170	87	2	9	0.016	0.475	0	0.0523	1
0.0443	0.2547	0.9285	1.7412	0.0522	0.7543	0.6043	0.2566	169	171	87	2	10	0.0318	0.6582	0	0.0881	1
0.0439	0.1692	1.1175	1.9036	0.1078	0.8876	0.4483	0.1058	170	172	87	2	11	0.0205	0.5714	0	0.0611	1
0.0434	0.1133	1.2577	2.0087	0.1276	0.9365	0.3089	0.1659	171	173	87	2	12	0.006	0.75	0	0.0434	1
0.0393	0.0786	1.3729	2.0272	0.1393	0.8863	0.4548	0.0877	172	174	87	2	13	0.005	0.6667	0	0.0395	1
0.0367	0.0837	1.4335	2.0761	0.1614	0.8971	0.1346	0.4209	173	175	87	2	14	0.0052	0.625	0	0.0369	1
0.0391	0.1334	1.5077	2.0952	0.2053	0.9646	0.2398	-0.1101	174	176	87	2	15	0.0057	0.5778	0	0.0402	1
0.0358	0.0839	1.6127	2.1085	0.2049	0.5642	-0.0873	0.821	175	177	87	2	16	0.006	0.4167	0	0.0377	1
0.0277	0.0832	1.7184	2.1423	0.2693	-0.0067	0.1168	0.9931	176	178	87	2	17	0.0035	0.375	0	0.0268	1
0.0309	0.1922	1.7237	2.1682	0.3446	0.7179	0.0561	0.6939	177	179	87	2	18	0.0052	0.4286	0	0.0312	1
0.0277	0.0741	1.8653	2.1642	0.4717	0.8897	0.0249	0.4558	178	180	87	2	19	0.0032	0.5833	0	0.0277	1
0.0299	0.0658	1.9233	2.1701	0.5239	0.9209	0.1095	0.3742	179	181	87	2	20	0.0041	0.5417	0	0.0304	1
0.0327	0.0562	1.9936	2.1909	0.5505	-0.2251	0.0246	0.974	180	182	87	2	21	0.0039	0.375	0	0.0373	1
0.0277	0.1322	1.978	2.1461	0.6083	0.3668	0.0387	0.9295	181	0	87	2	22	0.0025	0.05	0	0.0178	1
0.0254	0.2561	0.3251	0.3868	-0.007	0.6622	0.7318	0.1612	35	184	88	2	1	0.0059	0.4583	1	0.0254	1
0.0254	0.0817	0.4947	0.5742	0.0343	0.8553	-0.4807	0.1934	183	185	88	2	2	0.0059	0.4583	0	0.0254	1
0.0254	0.0254	0.5308	0.5802	0.0996	-0.8085	0.0393	-0.5872	184	0	88	2	3	0.0143	0.1429	0	0.0366	1
0.0371	0.1837	0.4682	0.312	0.1703	0.7795	0.6263	0.0072	36	187	91	2	1	0.0051	0.2083	1	0.0286	1
0.0371	0.1663	0.6116	0.4292	0.1676	0.776	-0.5681	-0.274	186	188	91	2	2	0.0083	0.0833	0	0.0286	1
0.0395	0.1637	0.7577	0.3505	0.1392	0.6611	-0.7497	0.0306	187	189	91	2	3	0.0039	0.1778	0	0.0395	1
0.0371	0.1222	0.8604	0.2361	0.1203	0.9735	0.1485	-0.1741	188	190	91	2	4	0.0036	0.3438	0	0.035	1
0.0371	0.1562	0.9792	0.2488	0.0926	0.9234	0.2811	-0.2614	189	191	91	2	5	0.0091	0.3333	0	0.0285	1
0.043	0.0085	1.0728	0.2244	0.0422	0.7566	-0.5037	-0.417	190	192	91	2	6	0.0042	0.375	0	0.0446	1
0.0381	0.0867	1.0906	0.239	0.0498	0.8826	-0.3432	-0.3213	191	193	91	2	7	0.0047	0.5	0	0.0381	1
0.0427	0.0851	1.1725	0.2309	0.0524	0.8729	-0.4573	0.1702	192	194	91	2	8	0.0057	0.7407	0	0.0427	1
0.0395	0.0762	1.2311	0.2203	0.0056	0.9388	-0.1501	-0.31	193	195	91	2	9	0.0049	0.5185	0	0.0395	1
0.0371	0.0996	1.319	0.2283	0.0205	0.6537	0.526	-0.544	194	196	91	2	10	0.0045	0.4063	0	0.0371	1
0.0371	0.0641	1.3902	0.2389	0.0085	0.9191	0.3373	0.2036	195	197	91	2	11	0.0114	0.2708	0	0.0312	1
0.0371	0.054	1.4679	0.2847	0.0083	0.7639	-0.273	0.5848	196	198	91	2	12	0.0101	0.2083	0	0.0293	1
0.0371	0.0945	1.4654	0.2711	0.0305	-0.0806	-0.9638	0.2541	197	199	91	2	13	0.0067	0.15	0	0.0207	1
0.0407	0.104	1.5202	0.1954	0.097	0.5649	-0.5206	-0.6402	198	200	91	2	14	0.0022	0.2	0	0.044	1
0.0371	0.031	1.5964	0.1008	0.0535	0.919	0.2064	-0.3359	199	201	91	2	15	0.0055	0.125	0	0.01	1
0.0371	0.0903	1.6266	0.1037	0.042	0.6642	0.4974	-0.5581	200	0	91	2	16	0.0044	0.0833	0	0.01	1
0.0461	0.3281	0.3053	0.3912	0.0057	0.2894	0.8561	0.4281	35	203	92	2	1	0.0135	0.3846	1	0.0585	1
0.0461	0.1457	0.4044	0.6634	0.1453	0.2944	0.0471	0.9545	202	204	92	2	2	0.0163	0.2417	0	0.0585	1
0.0238	0.0814	0.4398	0.7117	0.2541	-0.6891	0.341	0.6394	203	205	92	2	3	0.0209	0.06	0	0.0333	1
0.01	0.0503	0.3812	0.7565	0.301	-0.8584	-0.2595	-0.4425	204	0	92	2	4	0.01	0.05	0	0.01	1
0.0456	0.3028	0.4116	0.3321	0.1633	-0.2693	0.8977	0.3487	36	207	93	2	1	0.006	0.3	1	0.0461	1
0.0456	0.0783	0.33	0.604	0.2689	0.9556	0.2888	0.0589	206	208	93	2	2	0.006	0.3	0	0.0461	1
0.0393	0.0856	0.4144	0.6498	0.298	0.9031	-0.4262	0.0526	207	209	93	2	3	0.0063	0.2222	0	0.0384	1
0.0384	0.0312	0.4784	0.5786	0.2723	0.9412	-0.3366	-0.0285	208	0	93	2	4	0.0077	0.25	0	0.0385	1
0.0156	0.1447	0.4867	0.3902	0.4309	-0.9748	-0.2151	0.059	38	211	101	2	1	0.011	0.3125	1	0.0349	1
0.0156	0.1621	0.3404	0.358	0.4414	-0.3057	0.8811	-0.3609	210	0	101	2	2	0.0196	0.2333	0	0.0349	1
0.0275	0.245	0.6726	0.5988	0.6698	-0.7879	0.0557	-0.6133	41	213	112	2	1	0.0088	0.25	1	0.0296	1
0.024	0.1376	0.4818	0.6138	0.5132	0.9419	-0.0132	0.3358	212	214	112	2	2	0.0085	0.1714	0	0.0296	1
0.015	0.1213	0.5892	0.6139	0.5436	-0.4523	0.5491	0.7028	213	215	112	2	3	0.0021	0.0375	0	0.01	1
0.01	0.0803	0.539	0.6776	0.6359	-0.8532	-0.1249	0.5064	214	0	112	2	4	0.01	0.05	0	0.01	1
0.037	0.2268	0.5976	0.3732	0.5665	0.3952	-0.556	0.7312	39	217	117	2	1	0.0064	0.5139	1	0.037	1
0.037	0.2602	0.6873	0.2471	0.7324	0.7492	-0.4916	0.444	216	218	117	2	2	0.0064	0.5139	0	0.037	1
0.0357	0.0876	0.8809	0.1101	0.8314	0.8094	-0.5387	0.2337	217	219	117	2	3	0.0043	0.5417	0	0.0357	1
0.0364	0.1212	0.9479	0.0654	0.8709	0.7987	-0.5541	0.2347	218	220	117	2	4	0.0053	0.5938	0	0.0364	1
0.0312	0.0863	1.0341	-0.0054	0.9166	0.685	-0.6716	0.2822	219	221	117	2	5	0.004	0.5417	0	0.0312	1
0.0393	0.173	1.1094	-0.0611	0.9282	0.5916	-0.4441	0.6729	220	222	117	2	6	0.006	0.5	0	0.0402	1
0.0358	0.0858	1.2157	-0.1376	1.0235	0.9359	-0.3079	0.1708	221	223	117	2	7	0.0048	0.4167	0	0.0358	1
0.0361	0.0938	1.2877	-0.1632	1.0622	0.7487	-0.6011	0.2796	222	224	117	2	8	0.0032	0.2917	0	0.0368	1
0.0312	0.0397	1.3693	-0.2218	1.0699	0.7981	-0.2948	0.5256	223	225	117	2	9	0.0074	0.1167	0	0.01	1
0.0312	0.1123	1.4393	-0.1943	1.0836	0.3849	-0.2124	0.8982	224	226	117	2	10	0.0025	0.0714	0	0.01	1
0.0312	0.1585	1.4282	-0.2416	1.198	0.3689	-0.3587	0.8574	225	0	117	2	11	0.0033	0.0556	0	0.01	1
0.0071	0.1675	0.6352	0.4303	0.5865	0.7927	-0.3884	0.4699	39	228	119	2	1	0.0106	0.1099	1	0.0602	1
0.0071	0.202	0.7818	0.3807	0.6692	-0.0598	0.2993	-0.9523	227	229	119	2	2	0.0394	0.0364	0	0.0602	1
0.0073	0.0972	0.8082	0.4108	0.4736	-0.4825	-0.5369	-0.692	228	0	119	2	3	0.01	0.05	0	0.01	1
0.0418	0.1253	0.9499	0.8374	0.8908	-0.2066	0.978	0.0278	44	231	140	2	1	0.0077	0.2889	1	0.0418	1
0.0406	0.1218	0.9241	0.9599	0.8943	-0.1748	0.6606	0.7301	230	232	140	2	2	0.0077	0.2889	0	0.0418	1
0.0258	0.1384	0.9113	1.0495	0.9516	0.4946	0.7899	0.3626	231	233	140	2	3	0.0031	0.15	0	0.0258	1
0.017	0.1217	0.9928	1.1339	1.0108	0.7568	0.5345	0.3763	232	234	140	2	4	0.002	0.0714	0	0.01	1
0.0097	0.0239	0.9985	1.1948	0.9745	0.1774	0.9558	-0.2346	233	0	140	2	5	0.01	0.05	0	0.01	1
0.0408	0.2562	0.984	0.8878	0.9606	0.0346	0.8513	0.5235	45	236	141	2	1	0.0092	0.0769	1	0.0504	1
0.0401	0.1178	0.9998	1.109	1.0781	0.7837	0.4648	0.412	235	237	141	2	2	0.0098	0.141	0	0.0504	1
0.0392	0.031	1.076	1.2117	1.1001	0.7619	0.4896	0.424	236	238	141	2	3	0.02	0.1633	0	0.0429	1
0.0377	0.0056	1.112	1.2054	1.1179	0.0878	0.2554	0.9628	237	239	141	2	4	0.0078	0.0417	0	0.0508	1
0.0304	0.0795	1.143	1.2059	1.1422	-0.0835	0.9799	0.1813	238	240	141	2	5	0.0137	0.2333	0	0.0304	1
0.027	0.1036	1.1388	1.29	1.1391	0.5283	0.7746	0.3477	239	241	141	2	6	0.0086	0.2444	0	0.027	1
0.0205	0.082	1.168	1.3674	1.1503	0.022	0.9903	-0.1369	240	242	141	2	7	0.0045	0.1	0	0.01	1
0.0255	0.1355	1.1752	1.4399	1.1682	0.1854	0.9506	0.2491	241	243	141	2	8	0.0102	0.11	0	0.0896	1
0.0212	0.1504	1.1926	1.5803	1.1902	0.8151	0.5783	0.0344	242	244	141	2	9	0.0288	0.1111	0	0.0581	1
0.01	0.0029	1.2468	1.6697	1.1813	0.1266	0.8774	-0.4627	243	245	141	2	10	0.01	0.05	0	0.01	1
0.0074	0.1262	1.2471	1.6723	1.18	0.3998	0.8455	-0.354	244	0	141	2	11	0.01	0.05	0	0.01	1
0.0213	0.2537	1.1701	0.991	1.0663	0.8142	0.5418	-0.2085	48	247	149	2	1	0.0063	0.2813	0	0.0243	1
0.0158	0.0401	1.3782	1.1241	1.0153	0.8495	0.061	-0.524	246	248	149	2	2	0.0014	0.1	0	0.01	1
0.0129	0.0729	1.4163	1.1222	1.0004	0.2283	0.8574	0.4613	247	249	149	2	3	0.01	0.05	0	0.01	1
0.01	0.0814	1.433	1.1846	1.034	0.9336	0.3179	-0.1652	248	0	149	2	4	0.01	0.05	0	0.01	1
0.0458	0.5462	1.274	0.9546	1.109	0.8952	0.09	-0.4364	50	251	150	2	1	0.0035	0.085	0	0.0801	1
0.0381	0.1001	1.7425	0.956	0.8181	0.9314	0.0003	-0.364	250	252	150	2	2	0.0258	0.0913	0	0.0381	1
0.0246	0.0752	1.7858	0.9231	0.8064	0.5627	-0.8258	0.0365	251	253	150	2	3	0.01	0.05	0	0.01	1
0.0246	0.0748	1.8286	0.9618	0.7948	0.8577	-0.0769	-0.5084	252	254	150	2	4	0.0036	0.1875	0	0.0246	1
0.0284	0.1397	1.8885	0.9324	0.7123	0.9522	-0.2975	0.0687	253	255	150	2	5	0.002	0.1231	0	0.0592	1
0.0265	0.1059	2.0249	0.9065	0.7243	0.3333	-0.2062	0.92	254	256	150	2	6	0.0035	0.3333	0	0.0333	1
0.0225	0.1589	2.1043	0.8325	0.7903	0.0574	-0.4795	0.8757	255	257	150	2	7	0.0021	0.1667	0	0.0471	1
0.0092	0.0752	2.0793	0.7563	0.923	-0.1713	-0.3826	0.9079	256	0	150	2	8	0.01	0.05	0	0.01	1
0.0404	0.0925	1.3714	1.1695	1.2868	-0.2224	0.9656	-0.1349	50	259	157	2	1	0.0046	0.3704	1	0.0425	1
0.0403	0.0773	1.3508	1.2589	1.2744	0.1045	0.5661	0.8177	258	260	157	2	2	0.0046	0.3704	0	0.0425	1
0.03	0.0966	1.3648	1.2935	1.3443	0.5099	0.7013	0.4981	259	261	157	2	3	0.0037	0.5	0	0.03	1
0.0317	0.0607	1.4049	1.3728	1.3862	0.2693	0.6142	0.7418	260	262	157	2	4	0.0037	0.4583	0	0.0317	1
0.03	0.08	1.4356	1.4047	1.4328	0.1606	0.6414	0.7502	261	263	157	2	5	0.0135	0.3857	0	0.0296	1
0.03	0.1789	1.4578	1.4712	1.4944	-0.8264	0.5273	-0.1975	262	264	157	2	6	0.0026	0.02	0	0.01	1
0.03	0.0548	1.3054	1.5536	1.4504	-0.5175	-0.36	0.7763	263	0	157	2	7	0.021	0.1	0	0.01	1
0.0347	0.5194	-0.3948	-1.0159	0.4622	-0.0114	0.0807	-0.9967	78	266	172	2	1	0.0114	0.3333	1	0.0347	0
0.0347	0.1565	-0.4008	-0.974	-0.0554	-0.4456	-0.5394	0.7145	265	0	172	2	2	0.0114	0.3333	0	0.0347	0
0.0314	0.3067	-0.345	-0.7517	0.276	0.2707	0.9089	0.3172	76	268	181	2	1	0.0062	0.5625	1	0.0314	0
0.0314	0.1116	-0.262	-0.4729	0.3733	0.623	-0.7366	-0.2633	267	269	181	2	2	0.0062	0.5625	0	0.0314	0
0.0314	0.1146	-0.1749	-0.5668	0.3396	0.4771	0.8276	-0.2957	268	270	181	2	3	0.0047	0.3125	0	0.0311	0
0.0314	0.0539	-0.1032	-0.4744	0.2867	0.5382	0.7502	0.3841	269	0	181	2	4	0.0105	0.2813	0	0.0275	0
0.0247	0.1631	-0.3872	-0.9141	0.4034	0.2842	-0.6457	-0.7087	77	272	182	2	1	0.0065	0.375	1	0.0251	0
0.0214	0.1102	-0.3409	-1.0194	0.2878	-0.5452	-0.5699	-0.6148	271	273	182	2	2	0.0065	0.375	0	0.0251	0
0.01	0.186	-0.3956	-1.0899	0.217	-0.4182	-0.5767	0.7018	272	0	182	2	3	0.01	0.05	0	0.01	0
0.0323	0.182	-0.3315	-0.8578	0.2045	0.266	-0.964	0.0002	76	275	183	2	1	0.0059	0.175	1	0.0323	0
0.0323	0.1235	-0.2831	-1.0332	0.2045	0.672	-0.7345	0.0951	274	276	183	2	2	0.0059	0.175	0	0.0323	0
0.0319	0.3619	-0.2107	-1.1735	0.1881	0.2797	-0.5193	0.8076	275	277	183	2	3	0.0164	0.0657	0	0.0683	0
0.0149	0.0087	-0.1093	-1.3796	0.4468	0.0472	-0.8778	0.4767	276	278	183	2	4	0.01	0.05	0	0.01	0
0.0105	0.0845	-0.1089	-1.3872	0.451	0.8519	-0.1242	0.5088	277	279	183	2	5	0.01	0.05	0	0.01	0
0.0072	0.113	-0.0369	-1.3977	0.494	-0.1435	-0.9895	0.0171	278	0	183	2	6	0.01	0.05	0	0.01	0
0.0109	1.0054	-0.4429	-1.221	0.7516	0.134	0.925	-0.3555	79	281	184	2	1	0.0255	0.188	0	0.0405	0
0.0154	0.0194	-0.3339	-0.3422	0.3859	0.8923	-0.4224	-0.1591	280	282	184	2	2	0.0138	0.25	0	0.0178	0
0.0145	0.0201	-0.3292	-0.3291	0.3934	0.6181	-0.0235	0.7857	281	0	184	2	3	0.0073	0.2188	0	0.0225	0
0.01	0.2304	-0.4006	-1.2782	0.7703	-0.6429	0.7214	0.2574	80	0	202	2	1	0.01	0.05	0	0.01	0
0.0136	0.1523	-0.4944	-1.4808	0.9826	-0.2918	0.9249	0.2437	85	285	204	2	1	0.01	0.05	1	0.01	0
0.0118	0.0964	-0.5388	-1.34	1.0197	-0.8713	0.2694	-0.4102	284	286	204	2	2	0.01	0.05	0	0.01	0
0.0154	0.059	-0.6389	-1.3122	0.9685	0.5897	0.222	-0.7765	285	0	204	2	3	0.0245	0.22	0	0.0432	0
0.0283	0.1523	-0.5775	-1.6651	0.9431	-0.1936	0.9786	-0.0698	86	288	209	2	1	0.0069	0.25	1	0.0295	0
0.0226	0.168	-0.6122	-1.5141	0.9281	0.1129	-0.8491	-0.516	287	289	209	2	2	0.0062	0.0667	0	0.0295	0
0.01	0.0825	-0.6083	-1.6705	0.8567	-0.0493	-0.7171	-0.6952	288	0	209	2	3	0.01	0.05	0	0.01	0
0.0313	0.2125	-0.4493	-1.5276	1.0095	0.3552	0.1325	0.9253	85	291	211	2	1	0.0041	0.375	1	0.0313	0
0.0313	0.061	-0.3739	-1.4995	1.2061	0.4318	-0.6555	-0.6196	290	292	211	2	2	0.0041	0.375	0	0.0313	0
0.0336	0.1273	-0.3097	-1.5499	1.1568	-0.0797	-0.8534	0.5151	291	293	211	2	3	0.0025	0.2	0	0.0336	0
0.0341	0.1452	-0.3037	-1.6783	1.1671	0.1541	-0.9159	0.3707	292	294	211	2	4	0.0043	0.225	0	0.0366	0
0.0305	0.1302	-0.3087	-1.8037	1.2215	-0.266	-0.9467	-0.1818	293	295	211	2	5	0.0095	0.0556	0	0.0381	0
0.0237	0.1153	-0.3344	-1.9026	1.243	0.0467	-0.8827	0.4677	294	296	211	2	6	0.0138	0.0667	0	0.0508	0
0.0169	0.0075	-0.3778	-1.9691	1.3039	-0.484	-0.7568	0.4393	295	0	211	2	7	0.0122	0.1111	0	0.0557	0
0.031	0.1159	-0.5154	-1.5751	0.9995	-0.581	0.3653	0.7273	85	298	212	2	1	0.003	0.1786	1	0.031	0
0.031	0.1935	-0.5827	-1.5327	1.0838	0.6495	-0.6672	0.3648	297	299	212	2	2	0.003	0.1786	0	0.031	0
0.0306	0.1316	-0.4633	-1.6612	1.1525	-0.1767	-0.9424	0.2838	298	300	212	2	3	0.0029	0.2	0	0.0306	0
0.0272	0.3383	-0.455	-1.7915	1.1566	-0.1853	-0.9826	0.0112	299	301	212	2	4	0.0269	0.0611	0	0.0941	0
0.0115	0.0729	-0.507	-2.0808	1.1275	0.3568	-0.6203	-0.6985	300	302	212	2	5	0.01	0.05	0	0.01	0
0.0072	0.1104	-0.481	-2.126	1.0766	0.066	0.5481	-0.8338	301	0	212	2	6	0.01	0.05	0	0.01	0
0.0311	0.104	-0.4945	-1.6486	0.9187	-0.1846	-0.9106	-0.3697	85	304	217	2	1	0.0072	0.5417	0	0.031	0
0.031	0.1358	-0.5194	-1.7531	0.8279	0.0008	-0.9831	0.1833	303	305	217	2	2	0.0093	0.1667	0	0.0222	0
0.031	0.0394	-0.5049	-1.8853	0.8666	-0.0332	-0.9912	0.1283	304	306	217	2	3	0.01	0.05	0	0.01	0
0.0315	0.244	-0.5069	-1.9242	0.8765	-0.1159	-0.9932	0.0096	305	0	217	2	4	0.0072	0.1111	0	0.0341	0
0.0086	0.0838	-0.5172	-1.7085	0.9393	0.5274	-0.7957	0.298	86	308	218	2	1	0.0157	0.225	1	0.0479	0
0.0086	0.1829	-0.535	-1.8095	1.0035	0.5563	-0.8135	0.1694	307	309	218	2	2	0.0323	0.1444	0	0.0479	0
0.0087	0.018	-0.4531	-1.9677	1.011	0.7262	0.15	-0.6709	308	0	218	2	3	0.01	0.05	0	0.01	0
0.0236	0.0677	-0.6511	-1.8641	0.8895	-0.6385	-0.4229	0.643	87	311	221	2	1	0.0063	0.4167	1	0.0236	0
0.0236	0.0897	-0.6943	-1.8928	0.933	0.2562	-0.7959	0.5486	310	312	221	2	2	0.0063	0.4167	0	0.0236	0
0.0236	0.0794	-0.6888	-1.9684	0.9743	0.3373	-0.9079	-0.249	311	0	221	2	3	0.011	0.18	0	0.0391	0
0.0126	0.0538	-0.9458	-2.7216	0.9853	0.7703	0.4154	0.4839	98	314	521	2	1	0.0199	0.2167	0	0.0344	0
0.011	0.0784	-0.8879	-2.6882	1.0311	-0.2929	-0.7079	0.6428	313	315	521	2	2	0.01	0.05	0	0.01	0
0.01	0.0617	-0.9109	-2.7437	1.0815	0.4167	0.1848	0.8901	314	0	521	2	3	0.01	0.05	0	0.01	0
0.0207	0.3159	-0.9914	1.0147	0.2735	-0.5927	0.6885	-0.4179	110	317	229	2	1	0.0067	0.0833	0	0.0265	0
0.0154	0.0077	-1.1733	1.2365	0.1651	0.9759	-0.023	-0.217	316	318	229	2	2	0.0071	0.18	0	0.01	0
0.0127	0.0903	-1.1657	1.238	0.1579	0.7435	-0.6451	-0.1762	317	319	229	2	3	0.01	0.05	0	0.01	0
0.01	0.0866	-1.0986	1.1798	0.142	0.7772	-0.5988	0.1935	318	0	229	2	4	0.01	0.05	0	0.01	0
0.0144	0.2392	-0.8253	-0.5013	0.057	0.7739	0.1672	0.6108	117	321	234	2	1	0.0194	0.2167	0	0.0408	0
0.01	0.1317	-0.6437	-0.4976	0.1929	0.5756	0.1685	-0.8002	320	0	234	2	2	0.01	0.05	0	0.01	0
0.0394	0.4004	-0.6237	-0.2338	0.0477	-0.9902	0.1398	-0.0028	115	323	235	2	1	0.0053	0.225	0	0.0322	0
0.0394	0.1175	-1.0211	-0.1944	0.0028	-0.8272	0.5317	-0.182	322	324	235	2	2	0.0032	0.25	0	0.0424	0
0.0394	0.063	-1.1139	-0.1427	-0.0232	-0.9139	-0.2328	-0.3327	323	325	235	2	3	0.0031	0.2222	0	0.0386	0
0.0394	0.0968	-1.1673	-0.1312	-0.0931	-0.7399	0.6173	0.2673	324	326	235	2	4	0.0037	0.4074	0	0.0394	0
0.0394	0.0401	-1.2421	-0.082	-0.0867	-0.8572	0.4984	-0.1295	325	327	235	2	5	0.0031	0.2963	0	0.0398	0
0.0394	0.0379	-1.2593	-0.069	-0.0977	-0.4637	-0.6104	-0.6422	326	328	235	2	6	0.01	0.05	0	0.01	0
0.0394	0.1415	-1.2875	-0.0881	-0.0761	-0.9683	0.0894	-0.2333	327	329	235	2	7	0.0032	0.2	0	0.0433	0
0.0394	0.0225	-1.3809	-0.0462	-0.1016	-0.4222	0.4222	0.8022	328	330	235	2	8	0.01	0.05	0	0.01	0
0.0394	0.1854	-1.4051	-0.0411	-0.1273	-0.9456	-0.0363	0.3234	329	331	235	2	9	0.004	0.2083	0	0.0271	0
0.0394	0.1035	-1.5601	-0.0426	-0.0385	-0.8192	0.1713	0.5474	330	332	235	2	10	0.01	0.05	0	0.01	0
0.0394	0.0419	-1.6578	-0.0373	-0.0401	-0.9678	0.1807	0.1752	331	333	235	2	11	0.003	0.175	0	0.027	0
0.0394	0.026	-1.6892	-0.0477	-0.0252	-0.3704	0.194	0.9084	332	334	235	2	12	0.01	0.05	0	0.01	0
0.0394	0.0817	-1.6989	-0.0427	-0.0015	-0.9726	0.1254	-0.1957	333	335	235	2	13	0.01	0.05	0	0.01	0
0.0394	0.0865	-1.7784	-0.0324	-0.0175	-0.6619	0.4585	-0.593	334	0	235	2	14	0.01	0.05	0	0.01	0
0.0347	0.2857	-0.811	-0.3478	0.0285	0.2043	0.7059	0.6782	115	337	236	2	1	0.0086	0.4063	1	0.0347	0
0.0347	0.1224	-0.7526	-0.1461	0.2222	-0.2769	-0.5561	-0.7836	336	0	236	2	2	0.0086	0.4063	0	0.0347	0
0.0383	0.365	-0.5627	-0.3534	0.1452	-0.645	0.0008	0.7642	114	339	522	2	1	0.0319	0.3547	0	0.0766	0
0.0374	0.1642	-0.814	-0.3835	0.3813	-0.7775	-0.3396	0.5293	338	340	522	2	2	0.0155	0.3796	0	0.0455	0
0.0366	0.0915	-0.9418	-0.4559	0.4555	-0.9077	-0.2552	0.3332	339	341	522	2	3	0.0046	0.3333	0	0.0393	0
0.0343	0.1126	-0.9989	-0.4467	0.5007	-0.8006	0.4663	0.3762	340	342	522	2	4	0.0045	0.3125	0	0.0348	0
0.0348	0.0606	-1.0759	-0.393	0.5583	-0.7145	-0.2826	0.64	341	343	522	2	5	0.0048	0.2917	0	0.0379	0
0.0342	0.1674	-1.1407	-0.4091	0.6525	-0.8956	-0.283	-0.3432	342	344	522	2	6	0.0101	0.2273	0	0.0408	0
0.0219	0.0779	-1.2962	-0.4431	0.6133	-0.883	-0.4647	0.0664	343	345	522	2	7	0.0039	0.125	0	0.01	0
0.0199	0.0909	-1.3706	-0.4737	0.6083	-0.7577	-0.6492	0.0661	344	346	522	2	8	0.001	0.1875	0	0.0161	0
0.0183	0.1159	-1.4331	-0.5365	0.6066	-0.5238	-0.8516	-0.0215	345	347	522	2	9	0.0026	0.1875	0	0.0183	0
0.0181	0.2279	-1.5018	-0.6177	0.6191	-0.8953	-0.4434	0.043	346	348	522	2	10	0.0101	0.15	0	0.0196	0
0.01	0.0959	-1.7066	-0.6677	0.6292	-0.9806	-0.0141	0.1957	347	349	522	2	11	0.01	0.05	0	0.01	0
0.0076	0.1233	-1.7579	-0.7479	0.6387	-0.8587	-0.4846	0.1666	348	350	522	2	12	0.01	0.05	0	0.01	0
0.004	0.0795	-1.7744	-0.8566	0.6187	-0.4963	-0.8668	-0.0489	349	0	522	2	13	0.0084	0.125	0	0.01	0
0.0263	0.1812	-0.8111	-0.4572	0.0365	0.905	0.4169	0.0848	116	352	348	2	1	0.0095	0.3	1	0.0477	0
0.0263	0.1038	-0.6647	-0.3705	0.0519	-0.5032	-0.7891	-0.3524	351	353	348	2	2	0.0122	0.2	0	0.0477	0
0.0263	0.0482	-0.7191	-0.4449	0.0327	-0.2147	-0.9055	0.366	352	354	348	2	3	0.0082	0.275	0	0.0401	0
0.0263	0.0628	-0.7422	-0.4908	0.0632	0.1377	-0.9899	-0.0341	353	0	348	2	4	0.0109	0.1	0	0.0366	0
0.0315	0.0679	-1.669	-1.0397	-0.382	0.4339	-0.8995	0.0507	129	356	425	2	1	0.0052	0.375	0	0.0289	1
0.0315	0.1094	-1.6636	-1.1274	-0.3463	0.8064	-0.5784	0.1232	355	357	425	2	2	0.0151	0.3167	0	0.0452	1
0.0315	0.1179	-1.6061	-1.1767	-0.3231	-0.4853	-0.7552	-0.4407	356	358	425	2	3	0.0078	0.22	0	0.0245	1
0.0315	0.0804	-1.6536	-1.2898	-0.3575	-0.9067	-0.06	0.4174	357	359	425	2	4	0.0106	0.25	0	0.0205	1
0.0315	0.097	-1.7031	-1.3381	-0.3412	-0.8188	-0.5295	0.2218	358	360	425	2	5	0.0031	0.4167	0	0.0315	1
0.0315	0.1218	-1.7796	-1.3905	-0.3242	-0.6692	-0.6792	-0.3014	359	361	425	2	6	0.0031	0.275	0	0.035	1
0.0315	0.1041	-1.8653	-1.4622	-0.3519	-0.9253	-0.3785	0.023	360	362	425	2	7	0.0114	0.22	0	0.0373	1
0.0315	0.186	-1.9649	-1.5022	-0.3286	-0.7041	-0.6982	-0.1295	361	363	425	2	8	0.0028	0.1875	0	0.0342	1
0.0315	0.0809	-2.0836	-1.6368	-0.3936	-0.65	-0.7524	-0.1068	362	364	425	2	9	0.0082	0.1	0	0.01	1
0.0315	0.0102	-2.1306	-1.6851	-0.3453	-0.3196	-0.9182	0.2338	363	0	425	2	10	0.0096	0.1143	0	0.01	1
0.01	0.1826	-1.1339	-0.7638	-0.2069	0.6871	0.5439	0.4818	123	366	437	2	1	0.01	0.05	1	0.01	1
0.01	0.0814	-1.0084	-0.6645	-0.1189	0.6372	0.5991	0.4847	365	367	437	2	2	0.01	0.05	0	0.01	1
0.01	0.0434	-0.9566	-0.6157	-0.0794	0.5827	0.7975	0.1563	366	0	437	2	3	0.01	0.05	0	0.01	1
0.0167	0.2206	-1.2953	-0.8395	-0.2473	-0.8427	-0.5321	0.082	123	369	440	2	1	0.0032	0.275	0	0.0168	1
0.016	0.1162	-1.4708	-0.9694	-0.2302	-0.7581	-0.6062	-0.2403	368	370	440	2	2	0.0021	0.25	0	0.019	1
0.012	0.0248	-1.5434	-1.0448	-0.2469	-0.1597	-0.965	-0.2083	369	371	440	2	3	0.01	0.05	0	0.01	1
0.01	0.0492	-1.5474	-1.0687	-0.252	0.2846	-0.9422	-0.1767	370	0	440	2	4	0.01	0.05	0	0.01	1
0.0338	0.1392	-1.5636	-0.9674	-0.3576	0.0849	-0.9686	0.2335	127	373	444	2	1	0.0094	0.4688	0	0.0338	1
0.0338	0.06	-1.5402	-1.0768	-0.3168	0.4563	-0.4583	0.7627	372	0	444	2	2	0.0112	0.2	0	0.0265	1
0.0238	0.038	-2.0584	-1.2782	-0.2601	0.3822	-0.2972	0.875	133	375	479	2	1	0.0057	0.3333	1	0.0238	1
0.0238	0.0803	-2.0439	-1.2895	-0.2269	-0.9237	0.3828	-0.016	374	376	479	2	2	0.0057	0.3333	0	0.0238	1
0.0233	0.1184	-2.0978	-1.2611	-0.2351	-0.3036	0.1609	-0.9391	375	377	479	2	3	0.0026	0.3125	0	0.0219	1
0.0243	0.0522	-2.143	-1.2681	-0.3485	-0.8672	0.2747	0.4154	376	378	479	2	4	0.0113	0.275	0	0.0349	1
0.0233	0.1694	-2.1767	-1.2664	-0.3214	-0.6587	-0.306	0.6874	377	379	479	2	5	0.0031	0.2917	0	0.0189	1
0.0233	0.1181	-2.2865	-1.3138	-0.2019	-0.6848	-0.1967	0.7017	378	380	479	2	6	0.0031	0.5313	0	0.0233	1
0.0233	0.0847	-2.3665	-1.3341	-0.118	-0.7063	-0.0439	0.7065	379	381	479	2	7	0.0022	0.25	0	0.0211	1
0.0241	0.0926	-2.4294	-1.3577	-0.071	-0.7586	-0.2679	0.5939	380	382	479	2	8	0.0109	0.26	0	0.0353	1
0.024	0.0723	-2.4794	-1.3808	-0.0099	-0.0798	-0.8655	0.4946	381	383	479	2	9	0.0096	0.275	0	0.0301	1
0.0237	0.0764	-2.498	-1.4216	0.043	-0.4153	-0.7017	0.5789	382	384	479	2	10	0.0142	0.0714	0	0.0357	1
0.0233	0.0269	-2.5017	-1.4369	0.0838	-0.3363	0.3243	0.8841	383	385	479	2	11	0.0075	0.1143	0	0.01	1
0.0233	0.0666	-2.5216	-1.3998	0.0913	-0.9495	-0.2822	0.1372	384	386	479	2	12	0.0103	0.2	0	0.01	1
0.0233	0.1059	-2.5676	-1.4299	0.1045	-0.5615	-0.6812	0.4698	385	0	479	2	13	0.012	0.1143	0	0.01	1
0.014	0.2913	-0.3148	0.1146	0.7035	-0.319	-0.9473	-0.0313	138	388	248	2	1	0.0203	0.0667	0	0.0481	0
0.0113	0.0669	-0.3425	-0.1627	0.6727	0.3094	0.2548	0.9161	387	389	248	2	2	0.01	0.05	0	0.01	0
0.01	0.076	-0.3219	-0.1457	0.734	-0.7482	0.4256	0.509	388	0	248	2	3	0.01	0.05	0	0.01	0
0.0307	0.0988	-0.2359	-0.0494	0.593	0.3459	0.5664	0.748	137	0	249	2	1	0.0102	0.3333	0	0.0307	0
0.0313	0.0649	-0.2858	0.138	0.6524	-0.5497	0.7607	-0.3452	137	392	251	2	1	0.0049	0.4	1	0.0313	0
0.0313	0.1202	-0.3215	0.1873	0.6301	0.5098	0.8543	0.1015	391	393	251	2	2	0.0049	0.4	0	0.0313	0
0.0313	0.1312	-0.2999	0.3176	0.6468	0.5018	0.6249	0.5981	392	0	251	2	3	0.0071	0.3	0	0.0299	0
0.0336	0.2132	-0.2915	0.8777	0.9619	0.0846	-0.8937	-0.4406	145	395	364	2	1	0.0046	0.0826	0	0.0411	0
0.0271	0.2096	-0.28	0.6868	0.8656	0.2667	-0.7429	-0.614	394	396	364	2	2	0.0082	0.1111	0	0.0358	0
0.0167	0.0306	-0.2319	0.5381	0.7398	-0.0624	0.3155	-0.9469	395	397	364	2	3	0.0158	0.15	0	0.01	0
0.01	0.1004	-0.2405	0.5447	0.7147	-0.1879	0.9075	0.3758	396	0	364	2	4	0.01	0.05	0	0.01	0
0.0047	0.2493	0.0813	-0.3685	0.8013	-0.3175	0.4277	0.8463	154	399	61	2	1	0.0181	0.05	1	0.0711	0
0.0047	0.119	0.0704	-0.2591	0.9895	0.084	-0.9878	0.1312	398	400	61	2	2	0.0497	0.09	0	0.0711	0
0.0051	0.1517	0.0855	-0.3824	0.9897	-0.4198	-0.8873	0.191	399	0	61	2	3	0.01	0.05	0	0.01	0
0.0323	0.2968	0.3769	-0.3646	0.8834	0.2007	-0.6436	0.7386	157	402	525	2	1	0.0035	0.4688	0	0.0323	0
0.0323	0.0623	0.427	-0.5636	1.1017	0.363	-0.5092	0.7803	401	403	525	2	2	0.01	0.05	0	0.01	0
0.0323	0.0478	0.4496	-0.5954	1.1503	-0.4664	-0.7836	-0.4104	402	0	525	2	3	0.01	0.05	0	0.01	0
0.0437	0.243	0.5909	0.6862	-0.024	0.6153	-0.7256	0.3079	162	405	262	3	1	0.005	0.1667	0	0.0455	1
0.021	0.0092	0.7538	0.4992	0.0206	0.0818	-0.9275	0.3648	404	406	262	3	2	0.0062	0.15	0	0.01	1
0.0155	0.0947	0.754	0.4726	0.0233	0.991	-0.0349	0.1295	405	407	262	3	3	0.0024	0.0833	0	0.01	1
0.01	0.0734	0.8483	0.4699	0.0282	-0.063	-0.994	-0.0897	406	0	262	3	4	0.01	0.05	0	0.01	1
0.0406	0.1731	0.6167	1.1421	-0.0411	-0.9876	-0.0434	0.1508	164	409	273	3	1	0.0118	0.3333	1	0.0406	1
0.0388	0.0754	0.4457	1.1346	-0.0149	-0.6651	-0.0562	0.7447	408	410	273	3	2	0.0118	0.3333	0	0.0406	1
0.0251	0.0445	0.387	1.1392	0.0368	-0.758	-0.5909	0.276	409	411	273	3	3	0.0103	0.15	0	0.01	1
0.0218	0.0592	0.4058	1.1125	0.0422	0.0914	-0.6542	0.7508	410	412	273	3	4	0.0063	0.175	0	0.01	1
0.0156	0.0549	0.3875	1.1104	0.0248	0.7931	0.6065	0.0558	411	413	273	3	5	0.0076	0.1333	0	0.01	1
0.0088	0.0581	0.4299	1.1437	0.0272	-0.3679	0.6197	0.6933	412	0	273	3	6	0.01	0.05	0	0.01	1
0.0437	0.1249	0.7099	1.1023	-0.0451	0.9916	0.0561	0.1169	164	415	279	3	1	0.0086	0.2182	1	0.0506	1
0.0399	0.143	0.8293	1.105	-0.0374	0.033	0.8411	-0.5398	414	416	279	3	2	0.0107	0.1154	0	0.0506	1
0.0346	0.0804	0.9012	1.1929	-0.1095	0.0451	0.245	0.9685	415	417	279	3	3	0.01	0.2545	0	0.0422	1
0.0153	0.0351	0.9328	1.2431	-0.032	0.2945	-0.258	0.9201	416	418	279	3	4	0.0107	0.175	0	0.01	1
0.0094	0.0898	0.9394	1.2291	0.0072	-0.3256	-0.6803	-0.6566	417	0	279	3	5	0.01	0.05	0	0.01	1
0.0141	0.0972	0.6968	1.323	-0.0844	-0.4622	0.6215	-0.6325	166	420	280	3	1	0.012	0.2813	1	0.0352	1
0.0141	0.119	0.6451	1.3796	-0.1508	-0.6481	0.6741	0.3544	419	421	280	3	2	0.0201	0.3	0	0.0352	1
0.0188	0.0642	0.5744	1.4862	-0.1399	-0.0913	0.7692	0.6324	420	0	280	3	3	0.0057	0.1	0	0.0258	1
0.0305	0.3637	0.8287	1.6274	0.0378	-0.039	0.8478	0.5288	168	423	526	3	1	0.0076	0.4722	1	0.0305	1
0.0305	0.2618	0.8145	1.9358	0.2302	0.3945	0.8829	0.2548	422	424	526	3	2	0.0076	0.4722	0	0.0305	1
0.0348	0.0394	0.8975	2.1808	0.3296	-0.3263	0.7797	-0.5344	423	425	526	3	3	0.0048	0.4167	0	0.0348	1
0.0387	0.095	0.8979	2.2412	0.3122	-0.377	0.0538	0.9246	424	426	526	3	4	0.0053	0.3333	0	0.042	1
0.0365	0.0882	0.9331	2.2597	0.4324	-0.234	0.9654	0.1149	425	427	526	3	5	0.0043	0.2593	0	0.0385	1
0.0364	0.2445	0.9183	2.3388	0.4534	-0.242	0.7902	0.563	426	428	526	3	6	0.0095	0.0577	0	0.0477	1
0.0305	0.0235	0.8212	2.5075	0.6058	-0.3166	0.7979	0.5129	427	429	526	3	7	0.0085	0.0556	0	0.01	1
0.0305	0.1862	0.8442	2.5509	0.5984	-0.0895	0.6808	0.7269	428	0	526	3	8	0.003	0.0545	0	0.01	1
0.0353	0.0443	1.3138	2.0716	0.1503	0.3174	0.9039	0.2869	172	431	370	3	1	0.0097	0.5	1	0.0353	1
0.0353	0.0773	1.3279	2.1117	0.163	0.5937	0.7732	-0.2229	430	432	370	3	2	0.0097	0.5	0	0.0353	1
0.0353	0.1193	1.2619	2.2336	0.2027	0.4364	0.8922	-0.1165	431	0	370	3	3	0.011	0.0648	0	0.01	1
0.0348	0.0697	1.4629	2.0985	0.2118	-0.3036	0.4402	0.845	174	434	376	3	1	0.0104	0.375	1	0.0379	1
0.0343	0.113	1.4417	2.1292	0.2707	0.3925	0.9197	0.0126	433	435	376	3	2	0.0104	0.375	0	0.0379	1
0.0232	0.0168	1.4884	2.2348	0.2831	0.9064	0.3459	-0.2424	434	436	376	3	3	0.01	0.05	0	0.01	1
0.0175	0.1641	1.5122	2.2426	0.306	-0.0518	0.9972	-0.0548	435	437	376	3	4	0.0121	0.05	0	0.01	1
0.0095	0.1076	1.4905	2.3946	0.2806	0.3084	0.6388	-0.7049	436	0	376	3	5	0.01	0.05	0	0.01	1
0.0352	0.049	1.0983	0.3205	0.0716	0.1466	0.9204	-0.3625	190	439	387	3	1	0.0057	0.2407	0	0.0394	1
0.0196	0.0059	1.1117	0.3665	0.0479	-0.4044	0.8628	-0.3033	438	440	387	3	2	0.0079	0.14	0	0.01	1
0.0148	0.0883	1.1093	0.3724	0.0479	-0.9626	0.2369	-0.1316	439	441	387	3	3	0.01	0.05	0	0.01	1
0.01	0.1093	1.0243	0.3933	0.0363	-0.5655	0.4676	0.6794	440	0	387	3	4	0.01	0.05	0	0.01	1
0.0068	0.2968	0.5222	0.0367	0.2319	0.7122	0.7009	-0.0375	0	443	528	0	1	0.0288	0.06	0	0.0346	0
0.007	0.1179	0.7304	0.2499	0.2246	-0.106	0.5584	-0.8227	442	0	528	0	2	0.01	0.05	0	0.01	0
0.0044	0.1651	0.595	0.6305	0.554	-0.9245	-0.0278	0.3802	214	445	530	3	1	0.0227	0.15	0	0.0285	1
0.0056	0.0395	0.4325	0.6236	0.6199	0.368	-0.6134	0.6988	444	446	530	3	2	0.01	0.05	0	0.01	1
0.0048	0.1086	0.4468	0.5993	0.6475	0.0984	-0.995	-0.0183	445	0	530	3	3	0.0148	0.07	0	0.01	1
0.0228	0.1919	1.0403	-0.0302	0.9523	0.1411	-0.5639	0.8137	220	448	309	3	1	0.0058	0.3125	1	0.0228	1
0.0228	0.1078	1.0674	-0.1384	1.1085	0.7832	0.0037	0.6218	447	449	309	3	2	0.0058	0.3125	0	0.0228	1
0.021	0.1862	1.1385	-0.1398	1.2395	0.9604	0.1881	0.2055	448	450	309	3	3	0.0106	0.1333	0	0.1126	1
0.0102	0.1226	1.3143	-0.1139	1.2554	0.9794	0.1023	-0.1742	449	451	309	3	4	0.01	0.05	0	0.01	1
0.0071	0.0451	1.3516	-0.0936	1.3132	0.6778	0.2751	0.6818	450	0	309	3	5	0.01	0.05	0	0.01	1
0.0227	0.1112	1.1429	1.287	1.127	-0.0587	0.3368	-0.9397	239	453	531	3	1	0.0077	0.375	0	0.0227	1
0.0231	0.0824	1.1338	1.326	1.0311	0.1062	0.9835	-0.1467	452	454	531	3	2	0.0035	0.375	0	0.0236	1
0.0146	0.153	1.1403	1.4295	0.9962	0.6068	0.5949	0.5271	453	455	531	3	3	0.0015	0.175	0	0.0128	1
0.01	0.0113	1.2324	1.5173	1.0801	0.5476	0.5291	0.6482	454	456	531	3	4	0.01	0.05	0	0.01	1
0.0057	0.0712	1.2386	1.5233	1.0875	0.4413	0.6482	0.6206	455	0	531	3	5	0.01	0.05	0	0.01	1
0.0323	0.0472	1.7398	0.9858	0.7936	-0.0705	0.7702	-0.6339	251	458	458	3	1	0.0113	0.275	1	0.0346	1
0.0281	0.1278	1.7374	1.022	0.7652	0.4958	0.8284	-0.2606	457	459	458	3	2	0.0135	0.2143	0	0.0346	1
0.0164	0.0258	1.8135	1.0924	0.7331	0.9225	0.3227	-0.2119	458	460	458	3	3	0.0117	0.16	0	0.01	1
0.01	0.0723	1.8339	1.1098	0.7241	0.202	0.4201	0.8847	459	0	458	3	4	0.01	0.05	0	0.01	1
0.0175	0.1485	-0.4296	-0.9948	-0.0682	0.9045	-0.3743	0.2043	266	0	534	3	1	0.0194	0.3111	0	0.0398	0
0.0297	0.0785	-0.3381	-1.5133	1.1544	0.0591	-0.4189	0.9061	291	463	537	3	1	0.0049	0.1	0	0.0361	0
0.0212	0.2661	-0.3063	-1.5166	1.2501	0.168	-0.7161	0.6775	462	464	537	3	2	0.0037	0.25	0	0.0238	0
0.0179	0.1293	-0.2579	-1.7024	1.4335	0.258	-0.6578	0.7076	463	465	537	3	3	0.0083	0.0636	0	0.0237	0
0.01	0.0681	-0.2556	-1.7943	1.5078	0.0083	-0.9346	0.3556	464	0	537	3	4	0.01	0.05	0	0.01	0
0.01	0.0469	-0.4444	-1.6776	1.1955	0.3495	-0.4111	0.842	298	467	538	3	1	0.01	0.05	1	0.01	0
0.01	0.0963	-0.428	-1.6969	1.235	0.2401	-0.5796	0.7787	466	468	538	3	2	0.01	0.05	0	0.01	0
0.01	0.0982	-0.4049	-1.7527	1.31	0.4295	-0.7435	0.5126	467	0	538	3	3	0.01	0.05	0	0.01	0
0.0375	0.2453	-0.954	-0.152	0.0653	0.7765	-0.6158	0.1336	322	470	539	3	1	0.0287	0.1154	1	0.0456	0
0.0375	0.0856	-0.8337	-0.3812	0.0769	0.7344	-0.6762	0.0581	469	471	539	3	2	0.0092	0.1667	0	0.0456	0
0.017	0.0497	-0.756	-0.417	0.0883	-0.1859	0.385	-0.904	470	472	539	3	3	0.0025	0.08	0	0.01	0
0.01	0.0367	-0.7809	-0.402	0.039	0.345	-0.4312	-0.8337	471	0	539	3	4	0.01	0.05	0	0.01	0
0.0186	0.1602	-0.6663	-0.3905	0.2499	-0.04	-0.9892	-0.1409	338	474	239	3	1	0.0142	0.1444	1	0.01	0
0.0143	0.0596	-0.6697	-0.5526	0.228	-0.5478	-0.5549	-0.6261	473	475	239	3	2	0.01	0.05	0	0.01	0
0.0137	0.0836	-0.6893	-0.5889	0.1909	-0.2121	-0.8006	0.5605	474	0	239	3	3	0.0089	0.0714	0	0.0246	0
0.0308	0.0797	-1.2714	-0.416	0.6164	-0.3207	0.9031	0.2856	343	477	246	3	1	0.003	0.25	1	0.0308	0
0.0304	0.0812	-1.297	-0.344	0.6392	-0.2972	0.9337	0.1998	476	478	246	3	2	0.003	0.25	0	0.0308	0
0.0209	0.1199	-1.3342	-0.2706	0.6326	-0.8461	0.2734	0.4576	477	479	246	3	3	0.0021	0.2188	0	0.0192	0
0.0226	0.2245	-1.4804	-0.1923	0.6795	-0.5292	-0.3878	0.7547	478	480	246	3	4	0.0309	0.1182	0	0.1225	0
0.01	0.0417	-1.6211	-0.2198	0.8186	-0.9077	-0.1306	0.3987	479	481	246	3	5	0.01	0.05	0	0.01	0
0.0066	0.0664	-1.6633	-0.2284	0.8407	-0.7438	-0.1211	-0.6573	480	0	246	3	6	0.01	0.05	0	0.01	0
0.0299	0.1261	-1.6342	-1.07	-0.3541	-0.0956	-0.0263	0.9951	355	483	449	3	1	0.0184	0.1333	1	0.035	1
0.0299	0.1274	-1.6477	-1.0458	-0.2201	-0.9756	0.018	-0.219	482	484	449	3	2	0.0099	0.2	0	0.035	1
0.0153	0.0187	-1.7414	-1.067	-0.2531	-0.3574	-0.2723	-0.8934	483	485	449	3	3	0.0092	0.15	0	0.01	1
0.01	0.0938	-1.7469	-1.0706	-0.2676	-0.6131	0.7664	-0.1916	484	0	449	3	4	0.01	0.05	0	0.01	1
0.0044	0.15	-0.9952	-0.6627	-0.1201	-0.0892	-0.9263	-0.3662	366	487	541	3	1	0.0233	0.2286	0	0.0331	1
0.0025	0.053	-1.0006	-0.7962	-0.153	-0.9338	-0.0601	0.3527	486	0	541	3	2	0.0158	0.2	0	0.01	1
0.0054	0.0703	-1.5537	-1.0444	-0.2406	0.2284	0.9695	0.089	370	489	485	3	1	0.0223	0.275	0	0.0303	1
0.0046	0.0552	-1.5425	-0.9446	-0.2617	0.6344	-0.4464	-0.6311	488	0	485	3	2	0.0159	0.15	0	0.0219	1
0.0221	0.0856	-2.2061	-1.2826	-0.2578	0.0869	-0.0654	0.9941	378	491	486	3	1	0.0053	0.25	0	0.0225	1
0.0215	0.1394	-2.1901	-1.3018	-0.1624	-0.7748	-0.0159	0.632	490	492	486	3	2	0.0038	0.25	0	0.026	1
0.0191	0.1267	-2.2995	-1.2976	-0.079	-0.7325	0.2848	0.6183	491	493	486	3	3	0.005	0.08	0	0.0255	1
0.01	0.1143	-2.3728	-1.2459	0.0077	-0.5947	0.3625	0.7176	492	494	486	3	4	0.01	0.05	0	0.01	1
0.0087	0.0038	-2.4032	-1.2984	0.0115	-0.7074	-0.5975	0.3777	493	495	486	3	5	0.01	0.05	0	0.01	1
0.0051	0.0701	-2.4059	-1.3007	0.013	-0.9745	-0.0928	0.2042	494	0	486	3	6	0.01	0.05	0	0.01	1
0.0221	0.0931	-2.1122	-1.2343	-0.3506	0.8185	0.368	-0.4411	376	497	487	3	1	0.002	0.25	1	0.0227	1
0.0221	0.1126	-2.036	-1.2	-0.3917	0.2796	0.9184	-0.28	496	498	487	3	2	0.002	0.25	0	0.0227	1
0.0131	0.0494	-2.0047	-1.0837	-0.3986	-0.2268	0.8619	-0.4536	497	499	487	3	3	0.01	0.05	0	0.01	1
0.01	0.0671	-2.0159	-1.0412	-0.421	0.9711	-0.1301	0.2002	498	0	487	3	4	0.01	0.05	0	0.01	1
0.0352	0.0691	-2.2149	-1.3081	-0.2836	0.6431	-0.722	0.255	378	501	544	3	1	0.0057	0.375	0	0.0325	1
0.0352	0.0749	-2.1741	-1.395	-0.304	-0.8853	-0.2882	0.365	500	502	544	3	2	0.004	0.4167	0	0.0352	1
0.0352	0.0545	-2.221	-1.4097	-0.2873	-0.1211	-0.7156	-0.6879	501	503	544	3	3	0.0109	0.2083	0	0.0274	1
0.0352	0.1571	-2.2218	-1.4618	-0.3398	-0.5678	-0.7169	0.4045	502	504	544	3	4	0.0046	0.15	0	0.0375	1
0.0352	0.1197	-2.3686	-1.5694	-0.2952	-0.2852	-0.6696	0.6858	503	505	544	3	5	0.0098	0.1548	0	0.0457	1
0.0352	0.0903	-2.4307	-1.6487	-0.2281	-0.395	-0.5916	0.7028	504	506	544	3	6	0.0013	0.0227	0	0.0282	1
0.0352	0.0314	-2.4253	-1.7012	-0.2098	0.147	-0.9826	0.1133	505	0	544	3	7	0.0085	0.1875	0	0.036	1
0.0221	0.056	-2.3597	-1.3217	-0.0973	0.4471	0.5363	0.7159	380	508	505	3	1	0.0096	0.2593	1	0.0397	1
0.0215	0.1658	-2.3343	-1.2944	-0.0489	0.0787	-0.9451	-0.3172	507	509	505	3	2	0.0172	0.2	0	0.0397	1
0.0195	0.0899	-2.3283	-1.4823	-0.0632	0.1072	-0.7794	-0.6172	508	510	505	3	3	0.0203	0.18	0	0.0454	1
0.0104	0.0176	-2.3174	-1.5566	-0.1033	0.4398	-0.8574	-0.2672	509	511	505	3	4	0.01	0.05	0	0.01	1
0.007	0.1075	-2.3097	-1.5717	-0.108	-0.522	-0.102	-0.8468	510	0	505	3	5	0.01	0.05	0	0.01	1
0.0122	0.1368	-2.5046	-1.3954	-0.003	-0.8515	0.1357	0.5065	382	513	515	3	1	0.0128	0.1571	0	0.0278	1
0.0108	0.0216	-2.6136	-1.3929	0.0528	-0.7777	-0.5764	0.2509	512	514	515	3	2	0.01	0.05	0	0.01	1
0.01	0.044	-2.6304	-1.4053	0.0582	-0.8473	-0.0113	0.531	513	0	515	3	3	0.01	0.05	0	0.01	1
0.0257	0.4028	0.8482	2.2406	0.3321	-0.1952	-0.9193	-0.3418	425	516	294	4	1	0.0028	0.02	0	0.01	1
0.029	0.1628	0.7173	1.8764	0.2047	-0.1518	0.2813	-0.9475	515	517	294	4	2	0.0098	0.13	0	0.0532	1
0.0165	0.0816	0.6481	1.9215	0.0674	-0.308	0.539	-0.784	516	518	294	4	3	0.0034	0.1	0	0.01	1
0.0182	0.0279	0.638	1.9755	0.016	-0.062	0.814	-0.5775	517	519	294	4	4	0.003	0.1875	0	0.0207	1
0.01	0.039	0.6124	1.9914	0.0046	-0.3281	0.7017	-0.6325	518	520	294	4	5	0.01	0.05	0	0.01	1
0.0061	0.0594	0.5996	2.0188	-0.02	0.4071	0.9123	-0.0436	519	0	294	4	6	0.01	0.05	0	0.01	1
0.0129	0.085	0.9195	2.1724	0.3039	0.6159	0.1457	-0.7743	424	0	295	4	1	0.0159	0.2417	0	0.029	1
0.0168	0.1679	0.8825	2.1075	0.2483	-0.7031	-0.3596	-0.6134	423	523	296	4	1	0.0054	0.3	0	0.0199	1
0.0117	0.1019	0.7598	2.0509	0.1447	-0.5212	-0.7002	-0.4879	522	524	296	4	2	0.0166	0.2	0	0.0356	1
0.0117	0.0361	0.703	1.9767	0.0952	0.5116	-0.6994	-0.4992	523	0	296	4	3	0.0101	0.12	0	0.0295	1
0.0082	0.1372	0.9011	2.3148	0.4076	-0.3155	-0.4407	-0.8404	427	526	545	4	1	0.0151	0.1667	1	0.0375	1
0.0082	0.3465	0.8579	2.2544	0.289	0.9414	-0.3368	0.0167	525	0	545	4	2	0.0291	0.1556	0	0.0375	1
0.0236	0.0869	-0.6737	-2.6253	0.8386	0.2114	-0.8626	-0.4596	0	528	551	0	1	0.0044	0.375	0	0.0233	0
0.0232	0.1146	-0.6581	-2.7027	0.7839	0.2668	-0.9572	0.1119	527	529	551	0	2	0.0073	0.1833	0	0.0304	0
0.0143	0.0967	-0.6013	-2.8043	0.7948	0.2939	-0.8421	0.4522	528	530	551	0	3	0.01	0.05	0	0.01	0
0.01	0.0809	-0.5729	-2.8857	0.8385	0.2181	-0.637	-0.7393	529	0	551	0	4	0.01	0.05	0	0.01	0
0.0235	0.0729	-1.3314	-0.5099	0.6155	0.5647	-0.727	-0.3906	0	532	552	0	1	0.0074	0.375	0	0.0255	0
0.0169	0.0518	-1.2927	-0.5635	0.5831	0.8394	-0.017	-0.5432	531	533	552	0	2	0.0065	0.125	0	0.01	0
0.0134	0.0635	-1.2466	-0.5648	0.5565	-0.0212	-0.9776	-0.2096	532	534	552	0	3	0.01	0.05	0	0.01	0
0.01	0.0706	-1.248	-0.6269	0.5432	0.4612	-0.8561	-0.2332	533	0	552	0	4	0.01	0.05	0	0.01	0
0.0204	0.0725	-2.1611	-1.3059	-0.159	0.9833	-0.1391	0.1175	491	536	498	4	1	0.007	0.3333	1	0.0241	1
0.0201	0.0842	-2.0898	-1.316	-0.1504	0.4532	0.877	0.1598	535	537	498	4	2	0.007	0.3333	0	0.0241	1
0.0183	0.1867	-2.0724	-1.2495	-0.1727	-0.4523	0.8882	0.0803	536	538	498	4	3	0.0145	0.1857	0	0.0664	1
0.01	0.1193	-2.1605	-1.0737	-0.144	-0.0823	0.7964	-0.5992	537	539	498	4	4	0.01	0.05	0	0.01	1
0.0062	0.0772	-2.1704	-0.9787	-0.2155	-0.8011	-0.2504	-0.5436	538	0	498	4	5	0.01	0.05	0	0.01	1
0.0298	0.2763	-2.3682	-1.2371	0.0071	0.615	-0.3097	-0.7252	493	541	554	4	1	0.0101	0.5	0	0.0298	1
0.0298	0.0942	-2.2042	-1.311	-0.2189	-0.8838	0.3135	0.3472	540	542	554	4	2	0.0081	0.175	0	0.0238	1
0.0298	0.1265	-2.2872	-1.2512	-0.1711	-0.9499	0.1459	-0.2763	541	543	554	4	3	0.0024	0.2	0	0.0271	1
0.0298	0.0464	-2.4083	-1.2055	-0.1663	-0.9997	-0.0256	-0.0051	542	544	554	4	4	0.0052	0.0667	0	0.01	1
0.0298	0.1044	-2.4381	-1.2127	-0.2288	-0.8506	-0.4948	-0.1779	543	0	554	4	5	0.0082	0.075	0	0.01	1
0.0117	0.1642	-2.212	-1.3273	-0.2552	-0.1507	-0.8148	0.5598	500	546	493	4	1	0.0138	0.0889	0	0.0292	1
0.01	0.0574	-2.229	-1.4724	-0.1756	-0.4646	-0.7787	0.4216	545	0	493	4	2	0.01	0.05	0	0.01	1
0.004	0.066	0.7006	1.9995	0.1082	-0.089	0.8644	0.4949	524	548	558	5	1	0.0083	0.25	1	0.0298	1
0.004	0.1677	0.694	2.065	0.1332	0.6956	0.5131	0.5029	547	549	558	5	2	0.0212	0.0889	0	0.0298	1
0.0053	0.0426	0.7962	2.1358	0.2367	0.8592	-0.273	0.4328	548	0	558	5	3	0.0168	0.1	0	0.0228	1
0.0304	0.1329	-2.1527	-1.1167	-0.1458	-0.9032	-0.3183	-0.2881	537	0	563	5	1	0.0094	0.4	0	0.0304	1
0.0191	0.0911	-2.242	-1.2676	-0.1321	-0.2358	0.2498	-0.9391	540	552	564	5	1	0.0037	0.4583	0	0.0187	1
0.0202	0.0707	-2.2607	-1.2259	-0.1987	0.5008	0.5742	-0.6477	551	553	564	5	2	0.0027	0.375	0	0.021	1
0.0187	0.0831	-2.2218	-1.1941	-0.2524	0.8892	0.4463	-0.1007	552	0	564	5	3	0.0095	0.18	0	0.01	1
0.0296	0.0788	-2.2506	-1.2667	-0.1036	0.3266	0.934	-0.1447	0	555	567	0	1	0.0053	0.2917	0	0.0344	0
0.02	0.067	-2.2195	-1.186	-0.123	0.4168	0.526	0.7413	554	556	567	0	2	0.0074	0.1167	0	0.01	0
0.015	0.0676	-2.1773	-1.1591	-0.0793	-0.2896	-0.8298	0.477	555	557	567	0	3	0.01	0.05	0	0.01	0
0.01	0.0578	-2.1969	-1.2152	-0.047	0.0103	-0.832	-0.5547	556	0	567	0	4	0.01	0.05	0	0.01	0
