--- RESULTADOS ---
Ant Elite #1
Valor objetivos: [10 8.8985424041748 24.1979751586914 2.17646932601929 180 34.6572685241699 45.3985214233398 1]
Valor verdad: [0.99062567949295 0.999316453933716 0.999973118305206 0.988561689853668 0.368068635463715 0.998992145061493 0.745227217674255 0.990742325782776]
Predicado: 0.827491565666122
Puntos de corte: [2021 2014 1939 1933 1910 1890 1852 1699 1389 1114 1095 1005 972 570 549 150 138 101 86 35]
Cortes: 20
------------------------
Ant Elite #2
Valor objetivos: [10 8.8985424041748 24.1979751586914 2.17446970939636 179 34.6572685241699 45.5197868347168 1]
Valor verdad: [0.99062567949295 0.999316453933716 0.999973118305206 0.988588035106659 0.350298464298248 0.998992145061493 0.739819645881653 0.990742325782776]
Predicado: 0.820811270842968
Puntos de corte: [2021 2014 1939 1933 1932 1914 1910 1852 1633 1346 1114 1095 972 570 549 150 138 101 86 35]
Cortes: 20
------------------------
Ant Elite #3
Valor objetivos: [10 8.8985424041748 24.1979751586914 2.14573788642883 172 34.6572685241699 42.3819961547852 1]
Valor verdad: [0.99062567949295 0.999316453933716 0.999973118305206 0.988959968090057 0.238987445831299 0.998992145061493 0.855318129062653 0.990742325782776]
Predicado: 0.793493917182757
Puntos de corte: [2021 2014 1997 1939 1937 1933 1914 1913 1910 1905 1852 1633 1346 1114 1095 1032 972 721 570 549 537 157 138 101 86 35]
Cortes: 26
------------------------
Ant Elite #4
Valor objetivos: [11 10.0086879730225 17.4802341461182 2.1164698600769 173 34.3302993774414 43.2767028808594 0]
Valor verdad: [0.976530194282532 0.99858433008194 0.999994277954102 0.989326477050781 0.253312528133392 0.999013960361481 0.827532768249512 0.95752090215683]
Predicado: 0.790826698504354
Puntos de corte: [2021 2014 1997 1939 1937 1933 1914 1913 1910 1905 1852 1694 1633 1389 1346 1149 1114 1032 1027 972 721 570 556 549 537 157 101 86 35]
Cortes: 29
------------------------
Ant Elite #5
Valor objetivos: [10 8.8985424041748 24.1979751586914 2.13977241516113 170 34.7417144775391 42.2905197143555 1]
Valor verdad: [0.99062567949295 0.999316453933716 0.999973118305206 0.989035665988922 0.21204024553299 0.998986423015594 0.857938647270203 0.990742325782776]
Predicado: 0.780396638826225
Puntos de corte: [2021 2014 1997 1939 1937 1933 1914 1913 1905 1724 1672 1633 1346 1114 1095 1032 721 570 549 537 157 138 101 35]
Cortes: 24
------------------------
Ant Elite #6
Valor objetivos: [10 8.8985424041748 24.1979751586914 2.14401626586914 169 34.6572685241699 41.7828750610352 1]
Valor verdad: [0.99062567949295 0.999316453933716 0.999973118305206 0.98898184299469 0.199425876140594 0.998992145061493 0.871768176555634 0.990742325782776]
Predicado: 0.775352559496118
Puntos de corte: [2020 2014 1997 1939 1937 1933 1914 1913 1910 1905 1852 1114 1095 1056 1032 972 721 570 549 157 138 101 86 35]
Cortes: 24
------------------------
Ant Elite #7
Valor objetivos: [11 10.0086879730225 17.4802341461182 2.17286562919617 171 34.3302993774414 43.7603416442871 0]
Valor verdad: [0.976530194282532 0.99858433008194 0.999994277954102 0.988609135150909 0.225228190422058 0.999013960361481 0.810832738876343 0.95752090215683]
Predicado: 0.775319870231313
Puntos de corte: [2014 1939 1910 1890 1114 972 570 549 150 101 86 35]
Cortes: 12
------------------------
Ant Elite #8
Valor objetivos: [10 8.8985424041748 24.1979751586914 2.42904472351074 166 35.2660675048828 34.690601348877 1]
Valor verdad: [0.99062567949295 0.999316453933716 0.999973118305206 0.984703421592712 0.164993345737457 0.998950183391571 0.972641587257385 0.990742325782776]
Predicado: 0.766057656820689
Puntos de corte: [2021 2014 1997 1939 1937 1933 1913 1910 1905 1852 1633 1346 1095 1090 1048 1032 972 570 549 537 492 152 138 101 86]
Cortes: 25
------------------------
Ant Elite #9
Valor objetivos: [11 10.0086879730225 17.4802341461182 2.19427084922791 167 34.4078063964844 40.940731048584 0]
Valor verdad: [0.976530194282532 0.99858433008194 0.999994277954102 0.988324522972107 0.175908386707306 0.99900883436203 0.892171621322632 0.95752090215683]
Predicado: 0.758682396562154
Puntos de corte: [2020 2014 1905 1852 570 526 101 35]
Cortes: 8
------------------------
Ant Elite #10
Valor objetivos: [10 8.8985424041748 24.1979751586914 2.13404989242554 165 35.2660675048828 40.3780517578125 1]
Valor verdad: [0.99062567949295 0.999316453933716 0.999973118305206 0.9891077876091 0.154628574848175 0.998950183391571 0.904163420200348 0.990742325782776]
Predicado: 0.751594659914553
Puntos de corte: [2020 2014 1997 1939 1937 1933 1913 1910 1905 1114 1095 1073 1032 570 549 165 138 101 86 36]
Cortes: 20
------------------------

--- PRIMER PREDICADO ---
0.69893070263772

--- MEJOR PREDICADO ---
[0.827491565666122 0 0 0 0 0]

--- OBJETIVOS CON PRIORIDAD ---
Prioridad: [1 0 0 1 1 0 1 1]
Max Prioridad: []

--- OBJETIVOS NOGAL INICIAL ---
Objetivos NI: [11 10.0086879730225 17.4802341461182 2.3713800907135 0 34.9656448364258 0 0]

--- METAS ---
Primarias: [10 5 3]
Vertical: [0 20 35]
Helicoidal: [0 70 110]
LAI: [2 6 8]
Tercio ramas: [249 187 0]
Apertura: [0 137.5 275]
Volumen: [30 10 0]
Primarias podadas: [1 4 6]

--- TIEMPO TOTAL ---
911.2 segundos
