radius (m)	length (m)	start_point	axis_direction	parent	extension	branch	branch_order	position_in_branch	mad	SurfCov	added	UnmodRadius (m)	Rama_podada
0.0477	0.4178	-0.1313	0.4592	-2.7229	-0.0714	-0.0581	0.9958	0	2	1	0	1	0.0113	0.6071	0	0.0477	0
0.046	0.1055	-0.1421	0.4361	-2.3061	-0.0277	-0.139	0.9899	1	3	1	0	2	0.0064	0.85	0	0.046	0
0.0475	0.137	-0.1467	0.4263	-2.2018	-0.0123	0.0163	0.9998	2	4	1	0	3	0.0074	0.86	0	0.0475	0
0.0489	0.1197	-0.1633	0.4166	-2.0603	0.0936	0.2415	0.9659	3	5	1	0	4	0.0079	0.8727	0	0.0489	0
0.0473	0.3848	-0.1741	0.4696	-1.9414	0.0191	-0.1204	0.9925	4	6	1	0	5	0.0295	0.3558	0	0.0457	0
0.0458	0.0996	-0.1663	0.4274	-1.5595	-0.0167	0.0045	0.9999	5	7	1	0	6	0.0057	0.85	0	0.0458	0
0.0445	0.0828	-0.1691	0.4212	-1.4599	0.0244	-0.0007	0.9997	6	8	1	0	7	0.0059	0.9	0	0.0445	0
0.0492	0.0858	-0.1674	0.4225	-1.3769	0.0469	-0.1917	0.9803	7	9	1	0	8	0.0075	0.9394	0	0.0492	0
0.0465	0.109	-0.1612	0.4005	-1.2919	-0.0112	0.1526	0.9882	8	10	1	0	9	0.0074	0.8	0	0.0465	0
0.05	0.1143	-0.1663	0.4382	-1.1749	-0.026	-0.4059	0.9135	9	11	1	0	10	0.0082	0.7273	0	0.05	0
0.0496	0.1013	-0.1796	0.4185	-1.0576	0.1511	-0.3828	0.9114	10	12	1	0	11	0.0078	0.75	0	0.0496	0
0.0518	0.1438	-0.1796	0.4169	-0.9471	0.0809	-0.4101	0.9084	11	13	1	0	12	0.0098	0.7273	0	0.0518	0
0.049	0.1155	-0.167	0.371	-0.8172	0.0065	0.0577	0.9983	12	14	1	0	13	0.0089	0.9318	0	0.049	0
0.0529	0.1493	-0.1464	0.364	-0.7036	-0.0462	-0.1848	0.9817	13	15	1	0	14	0.011	0.7917	0	0.0529	0
0.058	0.3147	-0.1751	0.3616	-0.5571	0.4361	0.3818	0.8149	14	16	1	0	15	0.022	0.6175	0	0.0653	0
0.0551	0.4907	-0.0667	0.4522	-0.3016	0.2314	-0.2547	0.9389	15	17	1	0	16	0.0706	0.5516	0	0.0564	0
0.0589	0.1231	0.0084	0.4982	-0.0223	0.2065	0.7332	0.6479	16	18	1	0	17	0.0231	0.7594	0	0.0759	0
0.0558	0.046	0.0246	0.4167	0.0392	0.164	-0.1133	0.9799	17	19	1	0	18	0.0109	0.8095	0	0.0558	0
0.0524	0.1549	0.0331	0.4396	0.0784	0.7166	0.1161	0.6878	18	20	1	0	19	0.0197	0.5752	0	0.1137	0
0.0607	0.0986	0.0336	0.4265	0.2313	0.3468	0.1461	0.9265	19	21	1	0	20	0.047	0.725	0	0.0607	0
0.057	0.2833	0.0837	0.446	0.2744	0.918	0.2239	0.3273	20	22	1	0	21	0.0271	0.6154	0	0.071	0
0.0572	0.1946	0.2982	0.4789	0.3445	-0.4829	0.0715	0.8728	21	23	1	0	22	0.0243	0.5051	0	0.0688	0
0.0588	0.0748	0.2142	0.4792	0.4688	0.9697	0.1882	0.1558	22	24	1	0	23	0.027	0.6842	0	0.0807	0
0.0557	0.1362	0.2708	0.5189	0.4813	-0.3545	-0.2492	0.9013	23	25	1	0	24	0.028	0.4583	0	0.0811	0
0.058	0.152	0.2699	0.5168	0.6138	-0.1713	-0.0459	0.9841	24	26	1	0	25	0.0252	0.5066	0	0.068	0
0.0553	0.1026	0.2581	0.517	0.7524	0.5219	0.2311	0.8211	25	27	1	0	26	0.0175	0.3333	0	0.0625	0
0.0445	0.1798	0.2757	0.538	0.83	-0.1904	0.122	0.9741	26	28	1	0	27	0.0094	0.4143	0	0.0444	0
0.0447	0.0705	0.245	0.5625	1.0073	-0.6483	0.3179	0.6918	27	29	1	0	28	0.0046	0.2	0	0.0447	0
0.0445	0.0526	0.2025	0.5412	1.0384	-0.987	-0.1173	0.1097	28	0	1	0	29	0.0018	0.0268	0	0.0358	0
0.0513	0.186	-0.122	0.4646	-0.4735	-0.0525	0.9289	-0.3666	15	31	13	1	1	0.0112	0.5758	1	0.0513	0
0.0513	0.2663	-0.1318	0.6373	-0.5417	-0.8226	0.4048	0.3993	30	32	13	1	2	0.0112	0.5758	0	0.0513	0
0.055	0.2351	-0.3536	0.7629	-0.4483	0.1942	0.5968	0.7785	31	33	13	1	3	0.0104	0.641	0	0.0582	0
0.0525	0.0781	-0.3548	0.9277	-0.226	0.6999	0.4516	0.5534	32	34	13	1	4	0.0079	0.6	0	0.0525	0
0.0616	0.1482	-0.3533	0.9586	-0.1956	-0.237	0.5801	0.7793	33	35	13	1	5	0.0115	0.7692	0	0.0616	0
0.0586	0.1408	-0.3888	1.0447	-0.0798	0.5288	0.6368	0.5612	34	36	13	1	6	0.0196	0.4561	0	0.0527	0
0.0574	0.1196	-0.3946	1.146	0.0427	0.4167	0.6994	0.5807	35	37	13	1	7	0.0101	0.7385	0	0.0574	0
0.0544	0.1143	-0.373	1.242	0.1404	0.7236	0.4346	0.5361	36	38	13	1	8	0.0213	0.5139	0	0.0658	0
0.0547	0.1141	-0.3281	1.3273	0.2517	0.8185	0.5167	0.2512	37	39	13	1	9	0.0304	0.6587	0	0.0789	0
0.0541	0.1435	-0.2526	1.4047	0.3161	0.8832	0.4082	0.2311	38	40	13	1	10	0.0237	0.5062	0	0.0703	0
0.0536	0.1032	-0.1507	1.4886	0.3886	0.5905	0.7952	-0.1375	39	41	13	1	11	0.0087	0.5167	0	0.0562	0
0.0546	0.1099	-0.0871	1.5498	0.3959	-0.2165	0.6874	0.6933	40	42	13	1	12	0.0086	0.65	0	0.0557	0
0.041	0.1256	-0.082	1.6169	0.4755	0.2506	0.9436	0.2165	41	43	13	1	13	0.0073	0.5778	0	0.041	0
0.0432	0.0989	-0.0598	1.7175	0.524	0.4051	0.6072	0.6835	42	44	13	1	14	0.0069	0.525	0	0.0432	0
0.0379	0.1463	-0.0131	1.7817	0.5826	-0.0305	0.9176	0.3963	43	45	13	1	15	0.0071	0.525	0	0.0379	0
0.0508	0.1073	-0.069	1.9224	0.6885	0.3243	0.9189	0.2246	44	46	13	1	16	0.0184	0.3672	0	0.0652	0
0.0451	0.1115	-0.041	2.0208	0.7487	-0.0403	0.9992	0.0004	45	47	13	1	17	0.0037	0.225	0	0.047	0
0.0379	0.0559	-0.1076	2.1542	0.743	0.1377	0.5953	0.7916	46	48	13	1	18	0.0105	0.2292	0	0.0325	0
0.0451	0.0883	-0.0826	2.1874	0.7983	-0.5082	0.3185	0.8002	47	49	13	1	19	0.0016	0.2727	0	0.0488	0
0.0379	0.1878	-0.1936	2.2162	0.8213	-0.4036	0.7144	0.5716	48	50	13	1	20	0.006	0.0577	0	0.0255	0
0.0379	0.0681	-0.2058	2.3502	0.9272	0.009	0.9644	0.2643	49	51	13	1	21	0.0103	0.2083	0	0.0235	0
0.0379	0.0789	-0.2209	2.4099	0.9476	-0.2358	0.8261	0.5119	50	52	13	1	22	0.012	0.2917	0	0.0309	0
0.0394	0.0634	-0.2417	2.4818	0.9815	-0.0225	0.684	0.7291	51	53	13	1	23	0.0032	0.3704	0	0.0403	0
0.0379	0.0885	-0.1999	2.5004	1.033	0.4313	0.8274	0.3596	52	54	13	1	24	0.0086	0.2	0	0.021	0
0.0379	0.1147	-0.179	2.5719	1.0822	0.4843	0.6788	0.552	53	55	13	1	25	0.0083	0.1111	0	0.01	0
0.0379	0.0952	-0.1215	2.6639	1.1194	0.3297	0.8191	0.4694	54	56	13	1	26	0.0071	0.1167	0	0.01	0
0.0379	0.0934	-0.1292	2.7731	1.1525	0.441	0.7409	0.5065	55	57	13	1	27	0.0075	0.1167	0	0.01	0
0.0379	0.0149	-0.1444	2.696	1.148	-0.4551	-0.1365	0.8799	56	0	13	1	28	0.0261	0.0833	0	0.01	0
0.0319	0.3086	-0.1381	0.3911	-0.5717	0.2668	0.9564	0.1189	14	59	14	1	1	0.0051	0.375	1	0.0319	0
0.0319	0.0884	-0.0558	0.6862	-0.535	0.7386	-0.4057	0.5383	58	60	14	1	2	0.0051	0.375	0	0.0319	0
0.0305	0.1349	0.0134	0.6621	-0.4708	0.7734	-0.5891	0.2341	59	61	14	1	3	0.0089	0.1571	0	0.0405	0
0.0139	0.1057	0.142	0.5856	-0.4709	0.6468	0.5356	0.543	60	62	14	1	4	0.01	0.05	0	0.01	0
0.0088	0.0943	0.2104	0.6423	-0.4135	0.2985	0.5553	0.7762	61	0	14	1	5	0.01	0.05	0	0.01	0
0.0419	0.3628	-0.0936	0.382	-0.5271	0.791	-0.5373	0.2928	15	64	18	1	1	0.0251	0.0677	0	0.0748	1
0.0419	0.1116	0.2472	0.217	-0.4592	0.326	-0.9105	-0.2544	63	65	18	1	2	0.0042	0.4074	0	0.0419	1
0.0419	0.0712	0.2787	0.1054	-0.5061	0.7327	0.4998	-0.4619	64	0	18	1	3	0	0.0179	0	0.0328	1
0.0328	0.3044	-0.0357	0.4107	-0.3205	0.5959	-0.7703	-0.2271	16	67	20	1	1	0.0034	0.375	0	0.0328	0
0.031	0.1702	0.1522	0.1647	-0.4039	0.8317	0.5515	-0.064	66	68	20	1	2	0.003	0.1667	0	0.031	0
0.0319	0.0939	0.2694	0.2734	-0.4236	0.5697	0.7735	-0.2776	67	69	20	1	3	0.0086	0.1818	0	0.0369	0
0.0162	0.0756	0.2948	0.3655	-0.4333	0.4749	0.8564	-0.2026	68	70	20	1	4	0.01	0.05	0	0.01	0
0.01	0.002	0.2929	0.3714	-0.431	-0.6238	0.5631	0.5421	69	0	20	1	5	0.01	0.05	0	0.01	0
0.044	0.4224	0.0447	0.3847	0.3307	-0.0572	-0.6383	0.7677	20	72	22	1	1	0.0063	0.7333	1	0.044	0
0.044	0.0839	0.0205	0.1151	0.6549	-0.044	-0.6441	0.7637	71	73	22	1	2	0.0063	0.7333	0	0.044	0
0.0434	0.111	0.0132	0.0717	0.7255	0.0927	-0.4943	0.8644	72	74	22	1	3	0.0069	0.625	0	0.0434	0
0.0487	0.1313	0.0322	0.0013	0.8069	0.5394	-0.3962	0.743	73	75	22	1	4	0.0077	0.5818	0	0.0497	0
0.0427	0.1435	0.0953	-0.055	0.9125	0.7661	-0.3426	0.5439	74	76	22	1	5	0.0066	0.4889	0	0.0427	0
0.032	0.1211	0.1735	-0.1168	1.0205	0.7005	-0.0751	0.7097	75	77	22	1	6	0.0036	0.25	0	0.0312	0
0.0346	0.1377	0.2771	-0.12	1.092	0.6358	-0.413	0.6521	76	78	22	1	7	0.0138	0.1071	0	0.0346	0
0.0304	0.0018	0.3378	-0.1222	1.1479	0.6631	0.6011	0.4462	77	79	22	1	8	0.0021	0.1	0	0.01	0
0.0296	0.2002	0.3291	-0.1245	1.1481	0.1713	-0.6429	0.7465	78	80	22	1	9	0.008	0.1167	0	0.0218	0
0.0315	0.18	0.3707	-0.2423	1.2999	0.484	-0.4756	0.7345	79	81	22	1	10	0.0028	0.2292	0	0.0315	0
0.0275	0.1119	0.4524	-0.3369	1.4305	0.5581	-0.4539	0.6946	80	82	22	1	11	0.0033	0.25	0	0.0265	0
0.0356	0.0707	0.5165	-0.3879	1.5071	0.429	-0.5259	0.7345	81	83	22	1	12	0.0037	0.25	0	0.0356	0
0.03	0.1039	0.5658	-0.3963	1.5598	0.4794	-0.3356	0.8109	82	84	22	1	13	0.0042	0.4688	0	0.03	0
0.0266	0.0863	0.6073	-0.4343	1.6543	0.786	-0.3217	0.5279	83	85	22	1	14	0.0037	0.5417	0	0.0266	0
0.0344	0.0896	0.6713	-0.4818	1.6931	0.3805	-0.3697	0.8477	84	86	22	1	15	0.0044	0.5417	0	0.0348	0
0.0266	0.0934	0.7066	-0.5003	1.7523	0.6681	-0.5845	-0.4604	85	87	22	1	16	0.0035	0.3333	0	0.0253	0
0.0295	0.0634	0.7813	-0.5501	1.7292	0.8124	-0.4262	-0.3978	86	88	22	1	17	0.0038	0.5	0	0.0295	0
0.0266	0.1178	0.8268	-0.5875	1.7113	0.7749	-0.5948	-0.2139	87	89	22	1	18	0.0066	0.1833	0	0.0204	0
0.0314	0.1039	0.9445	-0.6527	1.6879	0.0951	-0.7612	0.6415	88	90	22	1	19	0.007	0.1429	0	0.1326	0
0.0266	0.063	0.9814	-0.7428	1.7353	0.2088	-0.6959	0.6872	89	91	22	1	20	0.008	0.125	0	0.01	0
0.0266	0.0836	0.9918	-0.8112	1.7388	0.4131	-0.7862	0.4597	90	92	22	1	21	0.004	0.14	0	0.01	0
0.0266	0.0207	1.0299	-0.8594	1.8105	0.3506	-0.8433	0.4074	91	0	22	1	22	0.0051	0.075	0	0.01	0
0.0492	0.3273	-0.2101	0.3489	-0.884	-0.3126	-0.6961	0.6463	12	94	593	1	1	0.0274	0.2065	1	0.2037	1
0.049	0.6649	-0.3707	-0.0207	-0.6147	0.7938	-0.0806	0.6028	93	95	593	1	2	0.0547	0.4816	0	0.2037	1
0.0486	0.0234	0.1344	-0.174	-0.2546	0.8778	-0.3386	0.339	94	96	593	1	3	0.0401	0.3264	0	0.0987	1
0.0479	0.2028	0.1495	-0.1602	-0.299	0.9828	-0.1094	-0.1486	95	97	593	1	4	0.0314	0.2386	0	0.0827	1
0.0351	0.1354	0.3683	-0.1012	-0.2984	0.7366	-0.3866	0.5549	96	98	593	1	5	0.0071	0.05	0	0.0236	1
0.0478	0.1559	0.4191	-0.178	-0.2466	-0.0035	-0.6869	0.7267	97	99	593	1	6	0.0062	0.3485	0	0.05	1
0.0541	0.1019	0.413	-0.2902	-0.1374	-0.0462	-0.5899	0.8061	98	100	593	1	7	0.0067	0.8125	0	0.0541	1
0.0492	0.1146	0.4485	-0.3609	-0.0726	0.1214	-0.697	0.7067	99	101	593	1	8	0.0237	0.75	0	0.063	1
0.0492	0.1063	0.4712	-0.4403	-0.0105	0.5181	-0.8262	0.2211	100	102	593	1	9	0.0242	0.7813	0	0.0663	1
0.0577	0.1203	0.5097	-0.5423	0.0669	0.6758	-0.737	0.0135	101	103	593	1	10	0.0084	0.8154	0	0.0577	1
0.0485	0.1135	0.5854	-0.6413	0.0728	0.7551	-0.5562	-0.3472	102	104	593	1	11	0.019	0.5804	0	0.0564	1
0.0481	0.1057	0.6807	-0.7425	0.0766	0.5807	-0.5424	-0.6071	103	105	593	1	12	0.0208	0.5391	0	0.0546	1
0.0491	0.1757	0.7367	-0.7917	0.067	0.5926	-0.7859	0.1766	104	106	593	1	13	0.0091	0.6818	0	0.0518	1
0.049	0.0892	0.8334	-0.9349	0.1265	0.5797	-0.8148	0.0023	105	107	593	1	14	0.0073	0.6727	0	0.051	1
0.0487	0.1047	0.8919	-0.9988	0.1526	0.5796	-0.8053	0.1249	106	108	593	1	15	0.019	0.5804	0	0.0539	1
0.049	0.0719	0.9667	-1.0956	0.2104	0.8194	-0.4287	-0.3805	107	109	593	1	16	0.0074	0.6818	0	0.0497	1
0.0479	0.1719	1.0413	-1.1217	0.1897	-0.0271	-0.7833	0.6211	108	110	593	1	17	0.0204	0.5114	0	0.057	1
0.047	0.1434	1.0747	-1.2048	0.2744	0.6418	-0.6486	-0.4092	109	111	593	1	18	0.0197	0.4815	0	0.0528	1
0.0466	0.0744	1.2036	-1.2898	0.2574	0.7075	-0.4597	-0.5367	110	112	593	1	19	0.0084	0.5273	0	0.0505	1
0.0429	0.1488	1.2442	-1.388	0.2469	0.7721	0.1393	0.6201	111	113	593	1	20	0.0058	0.4167	0	0.0465	1
0.0386	0.1192	1.3782	-1.3765	0.2991	0.8332	-0.2957	0.4673	112	114	593	1	21	0.0231	0.3512	0	0.0406	1
0.0312	0.2079	1.4985	-1.4014	0.3281	0.7885	-0.4035	0.4642	113	115	593	1	22	0.0047	0.5179	0	0.0312	1
0.0387	0.0746	1.6648	-1.4988	0.4105	0.7706	-0.3928	0.5018	114	116	593	1	23	0.0058	0.4444	0	0.0413	1
0.0349	0.1283	1.7184	-1.5245	0.4293	0.7379	-0.6186	-0.2698	115	117	593	1	24	0.0044	0.225	0	0.0376	1
0.0338	0.1378	1.8429	-1.5673	0.4034	0.7796	-0.6246	-0.0455	116	118	593	1	25	0.0029	0.1299	0	0.3731	1
0.0312	0.1244	1.9327	-1.6724	0.443	0.7942	-0.6052	0.0538	117	119	593	1	26	0.0066	0.0615	0	0.014	1
0.0312	0.0992	2.0373	-1.7395	0.4594	0.8105	-0.5856	0.017	118	120	593	1	27	0.0027	0.14	0	0.01	1
0.0312	0.0791	2.0422	-1.7427	0.3768	0.541	-0.3962	-0.7419	119	0	593	1	28	0.0074	0.2917	0	0.027	1
0.0358	0.233	-0.0115	0.4604	-0.3033	0.9742	0.1791	-0.1376	16	122	144	1	1	0.0102	0.275	1	0.0358	1
0.0336	0.1492	0.2155	0.5022	-0.3354	0.9107	0.4089	-0.0579	121	123	144	1	2	0.0102	0.275	0	0.0358	1
0.0182	0.0108	0.3145	0.5271	-0.3232	0.739	-0.4856	0.467	122	124	144	1	3	0.006	0.12	0	0.01	1
0.0128	0.0765	0.3278	0.5208	-0.3344	0.7318	0.653	0.1951	123	125	144	1	4	0.01	0.05	0	0.01	1
0.0081	0.0931	0.3839	0.5708	-0.3195	0.8644	-0.4349	0.2523	124	0	144	1	5	0.01	0.05	0	0.01	1
0.056	0.7775	0.056	0.5381	-0.0409	0.9694	-0.1453	0.1976	17	127	157	1	1	0.0158	0.0127	1	0.2458	0
0.0446	0.3134	0.787	0.2622	0.1619	0.9787	-0.0798	0.189	126	128	157	1	2	0.0443	0.0286	0	0.2458	0
0.0272	0.0283	1.0234	0.1716	0.2422	0.6379	-0.4947	0.5902	127	129	157	1	3	0.0035	0.125	0	0.01	0
0.0367	0.1734	1.0905	0.1439	0.2059	0.73	-0.0314	0.6828	128	130	157	1	4	0.0084	0.1111	0	0.057	0
0.019	0.0145	1.2437	0.1409	0.278	0.8674	-0.0314	0.4966	129	131	157	1	5	0.0027	0.12	0	0.01	1
0.0147	0.1622	1.2668	0.1422	0.2878	0.0124	-0.8542	0.5198	130	132	157	1	6	0.0024	0.2	0	0.0145	1
0.0153	0.1071	1.273	0.0092	0.3669	0.8629	-0.4637	0.2008	131	133	157	1	7	0.0024	0.2813	0	0.019	1
0.008	0.0584	1.3589	-0.0175	0.3689	0.9542	0.0134	-0.299	132	134	157	1	8	0.01	0.05	0	0.01	1
0.0048	0.0289	1.3628	-0.0316	0.3795	0.3788	-0.8979	0.2245	133	0	157	1	9	0.0094	0.15	0	0.01	1
0.0288	0.4104	0.3162	0.4865	0.4266	0.6632	-0.053	-0.7465	23	136	164	1	1	0.0046	0.325	1	0.0266	0
0.0251	0.1445	0.5884	0.4647	0.1203	-0.6257	-0.3816	0.6803	135	137	164	1	2	0.0046	0.325	0	0.0266	0
0.0277	0.1078	0.5199	0.406	0.2521	-0.8374	-0.0216	0.5462	136	138	164	1	3	0.0092	0.2167	0	0.0443	0
0.01	0.0733	0.4305	0.3984	0.3113	-0.4278	-0.0107	0.9038	137	0	164	1	4	0.01	0.05	0	0.01	0
0.0378	0.3804	0.3372	0.5259	0.3359	0.8726	-0.0898	0.4801	22	140	361	1	1	0.0057	0.4222	0	0.0384	0
0.037	0.0721	0.6686	0.4973	0.5248	0.6707	0.5829	-0.4587	139	141	361	1	2	0.0046	0.4583	0	0.0372	0
0.0373	0.1541	0.7209	0.556	0.4949	0.4704	-0.2731	0.8392	140	142	361	1	3	0.0044	0.2222	0	0.0393	0
0.0268	0.1539	0.8234	0.5018	0.5921	0.6901	-0.1643	0.7049	141	143	361	1	4	0.0092	0.1917	0	0.0205	0
0.0268	0.0533	0.8999	0.4407	0.7123	0.6134	-0.2645	0.7442	142	144	361	1	5	0.0143	0.2121	0	0.0268	0
0.0342	0.0239	0.9373	0.4403	0.7531	0.577	-0.263	0.7732	143	145	361	1	6	0.0136	0.2597	0	0.0343	0
0.025	0.1731	0.9559	0.4245	0.7662	0.7903	0.0613	0.6097	144	146	361	1	7	0.0145	0.2083	0	0.0208	0
0.033	0.099	1.0876	0.4641	0.8937	0.8994	-0.1531	0.4095	145	147	361	1	8	0.0147	0.175	0	0.0359	0
0.0351	0.0552	1.1877	0.4592	0.8775	0.9455	0.235	0.2253	146	148	361	1	9	0.0251	0.127	0	0.0579	0
0.0314	0.0637	1.2415	0.481	0.9881	0.9826	0.1827	-0.0326	147	149	361	1	10	0.023	0.1385	0	0.0391	0
0.0222	0.0866	1.3048	0.4843	0.9827	0.6655	-0.2205	0.7131	148	150	361	1	11	0.0032	0.375	0	0.0222	0
0.021	0.1022	1.3584	0.4695	1.0483	0.5903	-0.1472	0.7937	149	151	361	1	12	0.002	0.4583	0	0.021	0
0.021	0.0895	1.4208	0.4549	1.1278	0.5899	-0.0431	0.8063	150	152	361	1	13	0.0019	0.3333	0	0.0207	0
0.0223	0.098	1.4675	0.4442	1.2054	0.7184	-0.1073	0.6873	151	153	361	1	14	0.0094	0.2159	0	0.0223	0
0.021	0.0699	1.5515	0.4226	1.2488	0.8226	-0.1675	0.5434	152	154	361	1	15	0.01	0.05	0	0.01	0
0.0276	0.0159	1.5565	0.4063	1.2979	0.2124	-0.0905	0.973	153	155	361	1	16	0.0023	0.375	0	0.0313	0
0.021	0.0283	1.564	0.4176	1.3154	-0.1824	-0.0995	0.9782	154	156	361	1	17	0.01	0.05	0	0.01	0
0.021	0.0622	1.5583	0.4264	1.3409	0.9916	0.0696	0.1086	155	0	361	1	18	0.01	0.05	0	0.01	0
0.0373	0.2929	0.2936	0.5052	0.4233	0.9758	0.1464	-0.1622	23	0	362	1	1	0.0085	0.3333	0	0.0373	0
0.0254	0.33	0.2987	0.471	0.4744	0.4764	-0.3976	0.7842	24	159	368	1	1	0.0043	0.2813	0	0.0208	0
0.0281	0.1027	0.4613	0.3386	0.7651	-0.8691	-0.4776	0.1285	158	160	368	1	2	0.009	0.24	0	0.0378	0
0.01	0.0544	0.4222	0.2923	0.7926	-0.0278	-0.9591	0.2816	159	0	368	1	3	0.01	0.05	0	0.01	0
0.0276	0.1111	0.3004	0.575	0.8276	0.6176	0.3037	0.7255	27	162	372	1	1	0.007	0.5	0	0.0276	0
0.0284	0.0922	0.338	0.601	0.9274	0.4288	0.3488	0.8333	161	163	372	1	2	0.0037	0.5833	0	0.0284	0
0.0253	0.0903	0.3828	0.6461	1.001	0.4255	0.0543	0.9033	162	164	372	1	3	0.0032	0.4583	0	0.0253	0
0.0253	0.1222	0.4156	0.6429	1.0855	0.218	0.1985	0.9556	163	165	372	1	4	0.0024	0.2188	0	0.0225	0
0.0268	0.1063	0.4638	0.7101	1.2055	-0.074	-0.0362	0.9966	164	166	372	1	5	0.0042	0.25	0	0.0268	0
0.0253	0.0711	0.4522	0.7098	1.2986	0.9617	0.0563	-0.2682	165	167	372	1	6	0.0037	0.2917	0	0.0245	0
0.0289	0.0864	0.5007	0.7021	1.2926	0.1391	0.6264	0.767	166	168	372	1	7	0.0039	0.25	0	0.0316	0
0.0253	0.0074	0.5357	0.7452	1.353	-0.0058	-0.4817	0.8763	167	169	372	1	8	0.004	0.14	0	0.01	0
0.0253	0.0774	0.5122	0.7381	1.3744	0.3051	0.6975	0.6484	168	170	372	1	9	0.0062	0.1167	0	0.01	0
0.0253	0.0238	0.5461	0.7925	1.4258	-0.102	-0.34	0.9349	169	0	372	1	10	0.0105	0.1	0	0.01	0
0.0312	0.2016	0.3858	0.5871	0.8669	0.4858	0.5172	0.7046	26	0	373	1	1	0.0052	0.225	0	0.0312	0
0.0278	0.2339	-0.3478	0.8834	-0.1986	-0.8199	-0.3189	-0.4754	33	173	95	2	1	0.0047	0.3125	0	0.0255	1
0.0312	0.13	-0.5714	0.7892	-0.3267	-0.6108	0.407	0.6791	172	174	95	2	2	0.0084	0.1667	0	0.037	1
0.025	0.1338	-0.653	0.8489	-0.2466	-0.1627	0.7398	0.6528	173	0	95	2	3	0.0039	0.1607	0	0.025	1
0.0331	0.3208	-0.4252	0.9751	-0.1231	-0.6948	0.1592	0.7013	34	176	103	2	1	0.0043	0.225	1	0.0331	0
0.0316	0.1473	-0.648	1.0261	0.1019	-0.4083	0.4453	0.7969	175	177	103	2	2	0.0043	0.225	0	0.0331	0
0.0209	0.1079	-0.7164	1.0851	0.2181	-0.5972	0.6524	0.4667	176	178	103	2	3	0.0063	0.1167	0	0.01	0
0.0149	0.2866	-0.7344	1.0675	0.2188	-0.6197	-0.6074	0.497	177	179	103	2	4	0.01	0.05	0	0.01	0
0.0074	0.1119	-0.912	0.8934	0.3612	-0.9791	0.0063	-0.2033	178	0	103	2	5	0.01	0.05	0	0.01	0
0.0235	0.3486	-0.3959	1.1813	0.1304	-0.0145	0.3743	0.9272	36	181	114	2	1	0.0032	0.3333	1	0.024	0
0.0201	0.075	-0.401	1.3118	0.4536	0.2201	0.9613	0.1655	180	182	114	2	2	0.0032	0.3333	0	0.024	0
0.01	0.0785	-0.3991	1.3815	0.5006	0.4072	0.8827	0.2345	181	0	114	2	3	0.01	0.05	0	0.01	0
0.0382	0.3104	-0.4166	1.2551	0.1715	-0.7905	0.239	0.5639	37	184	116	2	1	0.0053	0.6389	1	0.0383	0
0.0382	0.108	-0.662	1.3293	0.3465	-0.5339	0.6301	0.5638	183	185	116	2	2	0.0053	0.6389	0	0.0383	0
0.0342	0.1409	-0.7243	1.4203	0.3978	-0.6783	0.162	0.7167	184	186	116	2	3	0.0055	0.5	0	0.0342	0
0.0274	0.0908	-0.8142	1.4633	0.4886	-0.7775	0.4441	0.4452	185	187	116	2	4	0.0041	0.4583	0	0.0274	0
0.0274	0.0852	-0.8865	1.5003	0.5299	-0.6545	0.4902	0.5757	186	188	116	2	5	0.0026	0.2917	0	0.0247	0
0.0274	0.129	-0.9457	1.5474	0.5733	-0.6551	0.311	0.6886	187	189	116	2	6	0.0048	0.15	0	0.0155	0
0.0354	0.2211	-1.0592	1.6122	0.639	-0.1848	0.546	0.8171	188	190	116	2	7	0.0152	0.0682	0	0.0607	0
0.0274	0.091	-1.1108	1.7465	0.8354	0.6881	-0.2482	0.6819	189	191	116	2	8	0.0091	0.1	0	0.01	0
0.0274	0.1723	-1.0485	1.7102	0.908	-0.8023	0.3754	0.4641	190	0	116	2	9	0.0042	0.07	0	0.01	0
0.052	0.0854	-0.3338	1.3577	0.3027	-0.3752	0.3814	0.8448	38	193	118	2	1	0.0117	0.197	1	0.052	0
0.0492	0.164	-0.3658	1.3902	0.3749	0.3523	-0.4497	0.8208	192	194	118	2	2	0.0117	0.197	0	0.052	0
0.0411	0.1577	-0.3105	1.3253	0.4989	0.4388	0.7384	0.5121	193	195	118	2	3	0.0107	0.1667	0	0.1021	0
0.0204	0.0518	-0.2187	1.4287	0.5836	0.3817	0.8	0.4629	194	196	118	2	4	0.01	0.05	0	0.01	0
0.01	0.0979	-0.199	1.4701	0.6075	0.2471	0.6814	0.6889	195	0	118	2	5	0.01	0.05	0	0.01	0
0.0392	0.54	-0.1865	1.3611	0.4313	0.7094	0.5891	0.3869	40	198	122	2	1	0.0062	0.5778	0	0.0398	0
0.0371	0.1011	0.1972	1.6791	0.6361	0.6005	0.796	0.076	197	199	122	2	2	0.0057	0.5938	0	0.0376	0
0.0311	0.1547	0.2641	1.7778	0.677	0.2302	0.8343	-0.5009	198	200	122	2	3	0.0047	0.4792	0	0.0305	0
0.0305	0.0392	0.3085	1.8995	0.6092	0.0104	0.8037	0.5949	199	0	122	2	4	0.01	0.05	0	0.01	0
0.0429	0.208	-0.0601	2.0496	0.7073	0.7782	0.2506	0.5759	46	202	594	2	1	0.0257	0.2908	0	0.0591	0
0.0379	0.0882	0.0542	2.1454	0.8135	0.1495	0.4384	0.8863	201	203	594	2	2	0.0197	0.3287	0	0.0379	0
0.0318	0.0523	0.0588	2.2091	0.8937	0.0375	-0.0672	0.997	202	204	594	2	3	0.0032	0.3333	0	0.0318	0
0.027	0.133	0.0772	2.2522	0.9413	0.1502	0.0428	0.9877	203	205	594	2	4	0.0043	0.275	0	0.027	0
0.0193	0.0073	0.0872	2.2585	1.0678	-0.3991	-0.4832	0.7793	204	206	594	2	5	0.0125	0.175	0	0.01	0
0.0226	0.1523	0.0711	2.2454	1.0946	0.4086	0.7077	0.5764	205	207	594	2	6	0.0055	0.1429	0	0.099	0
0.01	0.0495	0.1428	2.3341	1.1929	0.4363	0.5893	0.68	206	208	594	2	7	0.01	0.05	0	0.01	0
0.0057	0.0329	0.1644	2.3633	1.2265	0.4757	0.777	-0.4123	207	0	594	2	8	0.01	0.05	0	0.01	0
0.0216	0.0362	-0.2313	2.3623	0.9595	-0.606	0.2469	0.7562	50	210	497	2	1	0.0021	0.3333	1	0.022	0
0.0187	0.0554	-0.2532	2.3712	0.9869	-0.4239	0.223	0.8778	209	211	497	2	2	0.0021	0.3333	0	0.022	0
0.01	0.0553	-0.2812	2.3925	1.0307	-0.1422	0.4108	0.9006	210	0	497	2	3	0.01	0.05	0	0.01	0
0.0405	0.2676	0.0149	0.4425	0.3068	-0.7262	0.3043	0.6164	71	213	167	2	1	0.0087	0.537	1	0.0405	0
0.0405	0.1639	-0.1794	0.5239	0.4717	-0.9264	-0.2715	0.2611	212	214	167	2	2	0.0087	0.537	0	0.0405	0
0.0418	0.088	-0.3271	0.5001	0.5222	-0.8107	-0.052	0.5831	213	215	167	2	3	0.0075	0.575	0	0.0463	0
0.0417	0.187	-0.3969	0.4991	0.5799	-0.9638	-0.0496	0.2619	214	216	167	2	4	0.007	0.5143	0	0.0459	0
0.0381	0.0073	-0.5529	0.4809	0.6786	-0.7054	-0.6731	0.2221	215	217	167	2	5	0.0213	0.2933	0	0.0381	0
0.0381	0.1888	-0.5526	0.4525	0.6947	-0.9305	0.0101	0.3663	216	218	167	2	6	0.0045	0.3125	0	0.0381	0
0.0377	0.161	-0.7243	0.432	0.7523	-0.9685	-0.2268	0.1031	217	219	167	2	7	0.0054	0.5	0	0.0377	0
0.0411	0.1179	-0.8641	0.4126	0.7927	-0.7135	-0.242	0.6575	218	220	167	2	8	0.0141	0.2564	0	0.0481	0
0.0413	0.0739	-0.963	0.389	0.8626	-0.4637	-0.0332	0.8854	219	221	167	2	9	0.0042	0.4444	0	0.042	0
0.0377	0.094	-1.0142	0.4101	0.8911	-0.8683	0.1255	0.4799	220	222	167	2	10	0.0052	0.2083	0	0.035	0
0.0377	0.1042	-1.0871	0.4323	0.944	-0.6065	-0.076	0.7914	221	223	167	2	11	0.0055	0.1833	0	0.0297	0
0.0377	0.1401	-1.1634	0.4202	1.0035	-0.8226	-0.2433	0.5139	222	224	167	2	12	0.0054	0.1071	0	0.0163	0
0.0377	0.1548	-1.2742	0.4012	1.0827	-0.702	-0.1324	0.6998	223	225	167	2	13	0.0066	0.1458	0	0.0161	0
0.0377	0.0907	-1.3466	0.3375	1.2092	-0.6315	-0.2171	0.7444	224	226	167	2	14	0.0069	0.2	0	0.0184	0
0.0377	0.116	-1.4405	0.3624	1.2471	-0.6717	-0.0614	0.7382	225	227	167	2	15	0.005	0.125	0	0.0169	0
0.0377	0.0925	-1.4781	0.3062	1.3616	-0.5819	0.0004	0.8133	226	228	167	2	16	0.0046	0.15	0	0.0129	0
0.0387	0.1323	-1.5664	0.3545	1.4098	-0.5532	0.0697	0.8301	227	229	167	2	17	0.0051	0.1319	0	0.3697	0
0.0377	0.0854	-1.6327	0.3621	1.5232	-0.4587	0.0573	0.8867	228	230	167	2	18	0.0051	0.1167	0	0.01	0
0.0377	0.1099	-1.6872	0.3164	1.5882	-0.7878	0.11	0.6061	229	231	167	2	19	0.0097	0.1528	0	0.0217	0
0.0377	0.1036	-1.7617	0.3483	1.6672	-0.6182	-0.1108	0.7782	230	232	167	2	20	0.0063	0.1111	0	0.01	0
0.0377	0.0932	-1.7823	0.285	1.7674	-0.5618	-0.163	0.8111	231	0	167	2	21	0.0066	0.15	0	0.0216	0
0.041	0.2359	0.0175	0.414	0.3491	-0.6199	0.6476	0.4432	71	234	168	2	1	0.0097	0.5333	1	0.0449	0
0.041	0.1657	-0.1288	0.5668	0.4537	0.685	0.6896	0.235	233	235	168	2	2	0.0097	0.5333	0	0.0449	1
0.0385	0.0802	-0.034	0.6773	0.5176	0.4032	0.8109	0.4242	234	236	168	2	3	0.006	0.5278	0	0.0386	1
0.0287	0.0518	-0.0063	0.7534	0.5645	0.4681	0.7486	-0.4696	235	237	168	2	4	0.0034	0.5	0	0.0285	1
0.0285	0.1798	0.0156	0.8218	0.5423	0.9893	0.0682	0.1288	236	238	168	2	5	0.008	0.1222	0	0.0216	1
0.0285	0.2373	0.1905	0.8232	0.5754	0.5302	0.4883	0.6932	237	239	168	2	6	0.0024	0.125	0	0.0262	1
0.0285	0.1467	0.2684	0.938	0.7691	0.4641	0.427	0.776	238	240	168	2	7	0.0044	0.0625	0	0.01	1
0.0349	0.0962	0.3505	0.9797	0.7468	0.9794	0.1886	0.0722	239	241	168	2	8	0.0045	0.2321	0	0.0349	1
0.0285	0.094	0.4354	1.0088	0.7344	0.8323	0.5472	-0.0888	240	242	168	2	9	0.0132	0.2556	0	0.0259	1
0.0285	0.066	0.5018	1.0752	0.7207	0.7962	0.5394	-0.2741	241	243	168	2	10	0.0004	0.0273	0	0.0191	1
0.0377	0.1073	0.5678	1.086	0.7521	0.1968	0.8974	0.3949	242	244	168	2	11	0.0052	0.2963	0	0.0419	1
0.0353	0.113	0.6237	1.1735	0.7776	0.4686	0.59	0.6575	243	245	168	2	12	0.0223	0.053	0	0.054	1
0.0285	0.0424	0.6757	1.237	0.8659	0.8136	0.5531	0.1796	244	246	168	2	13	0.022	0.1556	0	0.0212	1
0.0285	0.0041	0.715	1.2631	0.8711	0.269	0.3397	0.9013	245	247	168	2	14	0.01	0.05	0	0.01	1
0.0285	0.2293	0.7185	1.2794	0.8641	0.7075	0.3347	0.6225	246	248	168	2	15	0.0208	0.0467	0	0.01	1
0.0285	0.1427	0.8946	1.329	1.0106	0.4099	0.3272	0.8514	247	0	168	2	16	0.0038	0.05	0	0.01	1
0.0414	0.1271	0.0305	0.3924	0.3875	-0.2387	0.9155	0.3238	71	250	595	2	1	0.0129	0.2879	1	0.0501	0
0.0412	0.5133	0.0017	0.5045	0.4241	-0.477	-0.7087	0.5198	249	251	595	2	2	0.0209	0.2781	0	0.0501	0
0.0414	0.084	-0.2278	0.1518	0.708	-0.3638	-0.593	0.7183	250	252	595	2	3	0.0056	0.575	0	0.0434	0
0.0413	0.0892	-0.2547	0.1136	0.7726	-0.4388	-0.1813	0.8801	251	253	595	2	4	0.0062	0.55	0	0.0435	0
0.0374	0.0726	-0.2802	0.0895	0.8512	-0.3503	-0.5823	0.7336	252	254	595	2	5	0.0059	0.7917	0	0.0374	0
0.0365	0.0833	-0.3022	0.0433	0.9048	-0.6519	-0.5335	0.5389	253	255	595	2	6	0.0059	0.7917	0	0.0365	0
0.0315	0.0809	-0.3452	-0.0019	0.9542	-0.3637	-0.4166	0.8332	254	256	595	2	7	0.0044	0.75	0	0.0315	0
0.0311	0.1991	-0.3734	-0.0353	1.0227	-0.5636	-0.4249	0.7084	255	257	595	2	8	0.0051	0.5179	0	0.0311	0
0.0293	0.0929	-0.4729	-0.1237	1.17	-0.5016	-0.4225	0.7549	256	258	595	2	9	0.0042	0.5833	0	0.0293	0
0.0266	0.0764	-0.5131	-0.1603	1.2454	-0.5252	-0.2947	0.7983	257	259	595	2	10	0.0029	0.5833	0	0.0253	0
0.032	0.0813	-0.5569	-0.1808	1.306	-0.2429	-0.2853	0.9272	258	260	595	2	11	0.0049	0.5833	0	0.032	0
0.0319	0.0715	-0.5657	-0.1884	1.4046	-0.7953	-0.2602	0.5475	259	261	595	2	12	0.0037	0.75	0	0.0319	0
0.0405	0.0825	-0.6226	-0.202	1.4432	-0.253	0.1032	0.9619	260	262	595	2	13	0.0053	0.5926	0	0.0419	0
0.0332	0.1199	-0.659	-0.2246	1.5115	-0.598	0.0128	0.8014	261	263	595	2	14	0.0069	0.3125	0	0.0343	0
0.0348	0.1004	-0.752	-0.1593	1.625	-0.2302	-0.3274	0.9164	262	264	595	2	15	0.0107	0.1818	0	0.0523	0
0.0253	0.0634	-0.7675	-0.1903	1.7109	-0.2954	0.9524	-0.076	263	265	595	2	16	0.0061	0.1167	0	0.01	0
0.0253	0.1082	-0.7929	-0.11	1.7215	-0.8005	-0.513	0.3098	264	0	595	2	17	0.0126	0.0875	0	0.01	0
0.0466	0.1425	-0.2311	-0.0526	-0.4499	-0.5948	-0.2996	0.746	94	267	29	2	1	0.0119	0.5051	1	0.0525	1
0.0465	0.2463	-0.3155	-0.0956	-0.342	0.1142	-0.9671	-0.2272	266	268	29	2	2	0.0197	0.441	0	0.0525	1
0.052	0.1237	-0.2878	-0.3386	-0.4114	-0.6701	-0.6904	0.2725	267	269	29	2	3	0.0077	0.7091	0	0.052	1
0.0492	0.1434	-0.369	-0.4273	-0.3662	-0.3894	-0.9004	-0.194	268	270	29	2	4	0.0243	0.5781	0	0.057	1
0.0466	0.0924	-0.4349	-0.555	-0.3896	-0.3071	-0.8377	-0.4516	269	271	29	2	5	0.0195	0.5778	0	0.0562	1
0.0488	0.1055	-0.4556	-0.6414	-0.4049	-0.4676	-0.8695	-0.1588	270	272	29	2	6	0.0078	0.8864	0	0.0488	1
0.0464	0.1086	-0.5005	-0.7385	-0.4279	-0.8225	-0.559	-0.1048	271	273	29	2	7	0.0073	0.6591	0	0.0494	1
0.0463	0.1222	-0.6066	-0.795	-0.424	-0.0457	-0.9741	0.2214	272	274	29	2	8	0.0079	0.6545	0	0.0482	1
0.0488	0.0819	-0.6189	-0.9162	-0.413	-0.4579	-0.8347	0.3059	273	275	29	2	9	0.0075	0.7273	0	0.0488	1
0.0464	0.114	-0.6439	-1.0035	-0.3847	-0.7754	-0.559	-0.2936	274	276	29	2	10	0.0087	0.6727	0	0.05	1
0.0458	0.1404	-0.7092	-1.0707	-0.3993	-0.4277	-0.8217	0.3766	275	277	29	2	11	0.0097	0.6182	0	0.0488	1
0.0402	0.1049	-0.7637	-1.2009	-0.3551	-0.752	-0.5189	0.4066	276	278	29	2	12	0.0065	0.6667	0	0.0402	1
0.0396	0.2139	-0.7905	-1.2895	-0.3095	-0.5412	-0.8052	0.2425	277	279	29	2	13	0.0096	0.325	0	0.043	1
0.0309	0.0701	-0.9117	-1.4295	-0.2434	-0.6062	-0.406	0.6839	278	280	29	2	14	0.0053	0.2917	0	0.0309	1
0.0269	0.054	-0.9564	-1.4656	-0.1909	-0.2862	0.5505	0.7842	279	281	29	2	15	0.0032	0.2083	0	0.0269	1
0.0355	0.0834	-0.9685	-1.488	-0.1537	-0.6447	-0.1166	0.7555	280	282	29	2	16	0.0042	0.3333	0	0.0382	1
0.0289	0.1075	-1.0261	-1.4952	-0.0901	-0.3513	-0.6409	0.6825	281	283	29	2	17	0.0017	0.2813	0	0.0289	1
0.0266	0.1218	-1.095	-1.561	-0.0425	-0.523	-0.6455	0.5565	282	284	29	2	18	0.0035	0.175	0	0.0266	1
0.0252	0.1073	-1.1497	-1.6383	0.0357	-0.5931	-0.549	0.5889	283	285	29	2	19	0.0112	0.2292	0	0.0216	1
0.0252	0.1083	-1.227	-1.6847	0.0926	-0.6396	-0.3556	0.6815	284	286	29	2	20	0.0024	0.4167	0	0.0252	1
0.0252	0.0991	-1.2882	-1.7347	0.1592	-0.4414	-0.6774	0.5885	285	287	29	2	21	0.0023	0.25	0	0.0236	1
0.0252	0.0079	-1.3495	-1.7989	0.1849	-0.656	-0.6967	0.2903	286	288	29	2	22	0.0066	0.175	0	0.01	1
0.0252	0.0824	-1.3521	-1.7956	0.1909	0.1531	-0.4168	0.896	287	0	29	2	23	0.0034	0.1	0	0.01	1
0.0249	0.3128	0.3716	-0.1745	-0.2435	0.1774	0.7578	-0.6278	98	290	35	2	1	0.0057	0.25	0	0.0249	1
0.0272	0.0998	0.4331	0.0616	-0.4497	0.4093	0.897	0.167	289	291	35	2	2	0.0025	0.2917	0	0.0272	1
0.0254	0.167	0.476	0.1477	-0.4302	0.65	0.6769	0.3455	290	292	35	2	3	0.0066	0.1	0	0.0316	1
0.0114	0.0589	0.5746	0.2651	-0.3799	0.4973	0.8522	-0.1626	291	293	35	2	4	0.01	0.05	0	0.01	1
0.0069	0.0705	0.6039	0.3153	-0.3895	0.1921	0.9607	-0.2002	292	0	35	2	5	0.01	0.05	0	0.01	1
0.0413	0.3842	1.2505	-1.2928	0.1832	-0.3909	-0.478	0.7866	111	295	36	2	1	0.0201	0.2517	0	0.05	1
0.0365	0.086	1.1451	-1.4826	0.4708	0.2002	-0.5179	0.8317	294	296	36	2	2	0.0053	0.5417	0	0.0365	1
0.0341	0.0699	1.18	-1.531	0.5487	-0.3921	-0.4579	0.7979	295	297	36	2	3	0.0099	0.2182	0	0.0264	1
0.0341	0.0878	1.189	-1.5386	0.6519	-0.0161	-0.8835	0.4682	296	298	36	2	4	0.0034	0.4063	0	0.0341	1
0.037	0.1198	1.1847	-1.6078	0.7153	0.5853	-0.7313	0.3501	297	299	36	2	5	0.0048	0.4375	0	0.037	1
0.0341	0.0849	1.2533	-1.6816	0.7591	0.2539	-0.0991	0.9621	298	300	36	2	6	0.0028	0.2917	0	0.0299	1
0.0341	0.0621	1.2816	-1.6603	0.8288	0.1672	0.3357	0.927	299	301	36	2	7	0.0126	0.1818	0	0.0285	1
0.0341	0.0068	1.3112	-1.6214	0.8695	-0.3336	0.8066	0.4879	300	0	36	2	8	0.0058	0.1091	0	0.01	1
0.0395	0.1894	0.1548	-0.1126	-0.3013	0.3085	0.948	-0.0782	96	303	37	2	1	0.0125	0.2917	1	0.0395	1
0.0395	0.2334	0.2133	0.0669	-0.3161	0.4326	0.7356	0.5213	302	304	37	2	2	0.0125	0.2917	0	0.0395	1
0.0373	0.0686	0.3392	0.2474	-0.1966	0.3121	-0.9315	-0.1871	303	305	37	2	3	0.004	0.4583	0	0.0373	1
0.0373	0.0704	0.3944	0.182	-0.1727	0.399	-0.8248	-0.4007	304	306	37	2	4	0.0077	0.125	0	0.01	1
0.0373	0.0884	0.4143	0.1309	-0.2228	0.6421	-0.6265	-0.4418	305	0	37	2	5	0.0042	0.1167	0	0.01	1
0.0455	0.4157	0.1848	-0.2068	-0.2823	-0.8315	-0.4784	0.2823	96	308	596	2	1	0.0444	0.3841	0	0.1178	1
0.0454	0.2422	-0.0058	-0.5057	-0.1625	-0.5422	-0.8398	0.0262	307	309	596	2	2	0.0394	0.6167	0	0.0833	1
0.0455	0.1299	-0.0309	-0.7791	-0.1187	-0.5117	-0.8486	-0.1346	308	310	596	2	3	0.0201	0.6952	0	0.0509	1
0.0537	0.1008	-0.1071	-0.8965	-0.1111	0.062	-0.9661	-0.2504	309	311	596	2	4	0.0075	0.7083	0	0.0537	1
0.0452	0.1035	-0.1202	-1.0005	-0.1256	0.2943	-0.9538	-0.061	310	312	596	2	5	0.0221	0.581	0	0.0645	1
0.0453	0.0531	-0.1178	-1.1081	-0.1289	0.3138	-0.8768	0.3643	311	313	596	2	6	0.0071	0.6061	0	0.0491	1
0.0451	0.0751	-0.1343	-1.1727	-0.1124	0.4709	-0.8106	-0.348	312	314	596	2	7	0.0059	0.575	0	0.0461	1
0.045	0.0911	-0.1247	-1.2482	-0.1382	0.4787	-0.8332	0.277	313	315	596	2	8	0.0077	0.5636	0	0.0493	1
0.0425	0.1009	-0.1104	-1.3327	-0.157	-0.1345	-0.9521	0.2748	314	316	596	2	9	0.0072	0.7778	0	0.0425	1
0.04	0.0768	-0.1214	-1.4331	-0.1363	-0.3052	-0.8605	0.4079	315	317	596	2	10	0.0063	0.8519	0	0.04	1
0.0408	0.0948	-0.1309	-1.51	-0.0979	-0.2654	-0.7437	-0.6136	316	318	596	2	11	0.0065	0.6389	0	0.0408	1
0.0367	0.074	-0.1471	-1.5898	-0.1241	-0.0633	-0.9625	-0.2636	317	319	596	2	12	0.0052	0.625	0	0.0367	1
0.0316	0.0572	-0.1529	-1.66	-0.1428	-0.5011	-0.7761	0.3829	318	320	596	2	13	0.0038	0.5	0	0.0316	1
0.0298	0.0563	-0.1868	-1.744	-0.133	-0.4995	-0.1928	0.8446	319	321	596	2	14	0.0029	0.375	0	0.0255	1
0.033	0.0893	-0.2268	-1.7432	-0.0752	-0.084	-0.7013	0.7079	320	322	596	2	15	0.0028	0.375	0	0.033	1
0.0357	0.1668	-0.2523	-1.8069	0.0017	0.1765	-0.9724	0.1527	321	323	596	2	16	0.0055	0.4792	0	0.0357	1
0.0436	0.0867	-0.2379	-1.9735	0.0226	0.2916	-0.9564	-0.0173	322	324	596	2	17	0.0057	0.8333	0	0.0436	1
0.0431	0.106	-0.2358	-2.0532	0.0413	0.0217	-0.9827	0.1837	323	325	596	2	18	0.0183	0.5119	0	0.0487	1
0.0449	0.102	-0.2176	-2.1642	0.0468	-0.144	-0.9429	0.3002	324	326	596	2	19	0.0062	0.775	0	0.0449	1
0.0434	0.0722	-0.2305	-2.2698	0.0659	-0.3036	-0.762	0.572	325	327	596	2	20	0.0063	0.7667	0	0.0434	1
0.0403	0.1032	-0.252	-2.3444	0.0897	-0.1567	-0.6614	0.7335	326	328	596	2	21	0.0056	0.75	0	0.0403	1
0.041	0.0939	-0.2566	-2.4365	0.1361	-0.5026	-0.7569	0.4177	327	329	596	2	22	0.0067	0.6296	0	0.0418	1
0.0362	0.0634	-0.2944	-2.5202	0.1787	-0.7974	-0.5063	0.3285	328	330	596	2	23	0.0056	0.5	0	0.0373	1
0.0299	0.0942	-0.3321	-2.5494	0.1914	0.0925	-0.9767	-0.1938	329	331	596	2	24	0.0042	0.5833	0	0.0299	1
0.0282	0.092	-0.3063	-2.6411	0.1894	0.0685	-0.9962	-0.0541	330	332	596	2	25	0.0034	0.5	0	0.0282	1
0.0282	0.0473	-0.321	-2.7407	0.1684	0.5443	-0.7738	-0.3241	331	333	596	2	26	0.0036	0.3333	0	0.0243	1
0.0282	0.047	-0.2923	-2.7793	0.159	0.4828	-0.7357	-0.4751	332	0	596	2	27	0.0038	0.15	0	0.01	1
0.0409	0.1093	0.4574	-0.2484	-0.1314	0.7947	0.2867	0.535	98	335	234	2	1	0.0085	0.5556	1	0.0416	1
0.0409	0.1982	0.5442	-0.2171	-0.0729	0.6924	-0.7205	0.0374	334	336	234	2	2	0.0085	0.5556	0	0.0416	1
0.0374	0.1006	0.6881	-0.3543	-0.0513	0.7879	-0.6016	-0.1319	335	337	234	2	3	0.0053	0.775	0	0.0374	1
0.035	0.0756	0.765	-0.4157	-0.0573	0.8708	-0.4315	0.2357	336	338	234	2	4	0.0047	0.75	0	0.035	1
0.0322	0.0735	0.8306	-0.4482	-0.0388	0.7279	-0.6487	0.2222	337	339	234	2	5	0.0049	0.7083	0	0.0322	1
0.03	0.1103	0.8874	-0.5037	-0.0348	0.7941	-0.3927	0.464	338	340	234	2	6	0.0044	0.5625	0	0.03	1
0.0297	0.1013	0.9718	-0.5391	0.0324	0.811	-0.4451	0.3797	339	341	234	2	7	0.0042	0.5313	0	0.0297	1
0.0291	0.0806	1.055	-0.5964	0.064	0.9176	-0.1303	0.3756	340	342	234	2	8	0.004	0.5417	0	0.0291	1
0.0317	0.0665	1.1287	-0.6056	0.1105	0.9305	-0.3633	0.0477	341	343	234	2	9	0.004	0.7083	0	0.0317	1
0.0389	0.0895	1.1945	-0.6267	0.1103	0.7438	-0.5857	0.3221	342	344	234	2	10	0.0054	0.5556	0	0.0395	1
0.0411	0.0991	1.263	-0.6635	0.1477	0.8001	-0.3619	0.4784	343	345	234	2	11	0.0055	0.5278	0	0.0426	1
0.0364	0.0991	1.3439	-0.7003	0.1921	0.901	0.0843	0.4256	344	346	234	2	12	0.006	0.5625	0	0.0366	1
0.0388	0.0793	1.4244	-0.7233	0.2457	0.8607	-0.0525	0.5065	345	347	234	2	13	0.0035	0.5926	0	0.0394	1
0.0278	0.0904	1.4937	-0.7582	0.2804	0.8623	-0.0611	0.5027	346	348	234	2	14	0.0039	0.625	0	0.0278	1
0.0337	0.0831	1.586	-0.7825	0.3505	0.0998	0.819	0.565	347	349	234	2	15	0.004	0.4063	0	0.0337	1
0.0382	0.0516	1.6475	-0.717	0.386	0.0319	-0.934	0.3559	348	350	234	2	16	0.0057	0.1538	0	0.0462	1
0.035	0.1215	1.7005	-0.7554	0.3879	0.3428	-0.2998	0.8903	349	351	234	2	17	0.0026	0.2222	0	0.0386	1
0.0278	0.0741	1.7438	-0.7863	0.4914	0.3903	0.5259	0.7557	350	352	234	2	18	0.0017	0.1	0	0.01	1
0.0278	0.086	1.796	-0.7415	0.5364	0.3778	0.1997	0.9041	351	0	234	2	19	0.0027	0.12	0	0.01	1
0.0346	0.2147	0.4516	-0.2607	-0.1136	0.4675	0.7843	-0.4079	99	0	236	2	1	0.0155	0.2833	0	0.0346	1
0.0317	0.1592	0.51	-0.51	0.0579	-0.1242	0.0395	0.9915	101	355	246	2	1	0.0061	0.3333	1	0.0317	1
0.0317	0.0755	0.4903	-0.5038	0.2158	-0.3716	-0.1434	0.9173	354	356	246	2	2	0.0061	0.3333	0	0.0317	1
0.0288	0.0992	0.4311	-0.4933	0.2906	-0.5731	-0.7568	-0.3142	355	357	246	2	3	0.0042	0.4583	0	0.0288	1
0.0333	0.1017	0.3427	-0.5067	0.2724	-0.872	-0.3819	-0.3062	356	358	246	2	4	0.018	0.1979	0	0.0349	1
0.0343	0.013	0.3197	-0.5029	0.2678	-0.5625	0.8239	0.0693	357	359	246	2	5	0.0184	0.1259	0	0.0468	1
0.0288	0.0178	0.3041	-0.5179	0.2787	0.5243	0.1564	0.837	358	0	246	2	6	0.004	0.15	0	0.01	1
0.0311	0.3102	0.4502	-0.4865	0.0216	-0.8983	-0.1269	0.4207	101	361	247	2	1	0.0099	0.3333	1	0.0311	1
0.0311	0.2692	0.1716	-0.5258	0.1521	0.8665	0.1246	0.4834	360	0	247	2	2	0.0099	0.3333	0	0.0311	1
0.0275	0.3641	0.7036	-0.7025	0.0628	-0.578	0.4228	0.698	104	363	250	2	1	0.0055	0.25	0	0.0275	1
0.027	0.1332	0.4857	-0.5386	0.3463	-0.6074	0.691	-0.3919	362	364	250	2	2	0.0053	0.2	0	0.027	1
0.0243	0.1044	0.4459	-0.4649	0.3052	-0.4542	-0.8404	0.2957	363	365	250	2	3	0.0107	0.1571	0	0.0303	1
0.01	0.0329	0.4039	-0.5489	0.3389	0.6528	-0.6655	-0.3618	364	366	250	2	4	0.01	0.05	0	0.01	1
0.0064	0.0331	0.4254	-0.5707	0.327	-0.2625	-0.2326	-0.9365	365	0	250	2	5	0.01	0.05	0	0.01	1
0.0337	0.1817	0.6519	-0.6762	0.0956	0.4091	-0.012	0.9124	103	368	261	2	1	0.0079	0.2708	1	0.0337	1
0.032	0.1632	0.7262	-0.6784	0.2614	0.2392	-0.2574	0.9362	367	369	261	2	2	0.0079	0.2708	0	0.0337	1
0.0149	0.0285	0.782	-0.7285	0.3475	0.8759	-0.4004	0.2691	368	370	261	2	3	0.01	0.05	0	0.01	1
0.01	0.0031	0.801	-0.7534	0.355	0.278	-0.1161	-0.9535	369	371	261	2	4	0.01	0.05	0	0.01	1
0.005	0.0118	0.7966	-0.7489	0.3506	-0.4607	-0.68	-0.5704	370	0	261	2	5	0.006	0.075	0	0.01	1
0.0237	0.1984	0.7042	-0.7716	0.1085	0.4965	-0.3277	0.8038	104	373	264	2	1	0.0085	0.375	0	0.0247	1
0.0191	0.0965	0.8018	-0.8375	0.2667	0.0997	-0.8712	0.4807	372	374	264	2	2	0.0035	0.3438	0	0.0221	1
0.01	0.0283	0.8084	-0.9146	0.3122	-0.7603	-0.4025	-0.5098	373	0	264	2	3	0.01	0.05	0	0.01	1
0.0332	0.123	1.7083	-1.5051	0.4435	0.6912	-0.3564	0.6286	116	376	275	2	1	0.0291	0.2987	0	0.0466	1
0.0192	0.0858	1.8113	-1.5714	0.5238	0.3689	0.4052	0.8365	375	377	275	2	2	0	0.0333	0	0.01	1
0.0146	0.0731	1.8384	-1.5434	0.5995	0.5051	0.1599	0.8481	376	378	275	2	3	0.01	0.05	0	0.01	1
0.01	0.0506	1.8754	-1.5317	0.6615	0.829	-0.4844	0.2796	377	0	275	2	4	0.01	0.05	0	0.01	1
0.0352	0.093	0.6179	0.4339	0.1277	-0.2559	-0.4027	0.8788	126	380	597	2	1	0.0062	0.4286	0	0.0352	0
0.0352	0.0682	0.5793	0.3967	0.2061	-0.199	-0.4816	0.8535	379	381	597	2	2	0.0075	0.2083	0	0.0296	0
0.0352	0.0638	0.5643	0.3671	0.2621	-0.8328	0.0165	0.5534	380	0	597	2	3	0.0034	0.0833	0	0.01	0
0.0145	0.0464	1.2282	0.0334	0.3639	-0.8982	0.2842	-0.3353	132	383	559	2	1	0.0061	0.225	1	0.0406	1
0.0145	0.1071	1.1715	0.0494	0.3588	-0.3841	0.5904	-0.7099	382	384	559	2	2	0.0152	0.22	0	0.0406	1
0.0112	0.0306	1.1209	0.1158	0.2948	-0.7146	0.2848	-0.6389	383	385	559	2	3	0.01	0.05	0	0.01	1
0.01	0.0434	1.0991	0.1245	0.2753	0.6507	-0.312	-0.6923	384	0	559	2	4	0.01	0.05	0	0.01	1
0.022	0.2888	0.3221	0.4954	0.3527	-0.3978	-0.8029	0.4441	139	387	447	2	1	0.0064	0.3438	1	0.0229	0
0.0201	0.1175	0.2073	0.2636	0.4809	0.1633	0.194	0.9673	386	388	447	2	2	0.0064	0.3438	0	0.0229	0
0.0135	0.0458	0.2182	0.3045	0.5994	0.8255	0.2384	0.5116	387	389	447	2	3	0.01	0.05	0	0.01	0
0.01	0.0475	0.256	0.3154	0.6229	-0.4641	0.2148	0.8594	388	0	447	2	4	0.01	0.05	0	0.01	0
0.0174	0.3199	0.7368	0.5172	0.5967	-0.8399	-0.3771	0.3904	141	391	451	2	1	0.0173	0.075	0	0.0348	0
0.0127	0.0645	0.497	0.4058	0.7562	-0.5527	-0.5648	0.6128	390	392	451	2	2	0.01	0.05	0	0.01	0
0.01	0.1099	0.4724	0.3493	0.7642	-0.4819	-0.8063	0.3431	391	0	451	2	3	0.01	0.05	0	0.01	0
0.0135	0.2194	0.8292	0.528	0.5925	-0.8083	0.0142	-0.5886	142	394	599	2	1	0.0112	0.16	0	0.0426	0
0.0098	0.1644	0.6547	0.5131	0.4378	-0.4734	0.6949	-0.5413	393	395	599	2	2	0.0269	0.3	0	0.0575	0
0.0073	0.0313	0.5553	0.6268	0.3601	-0.0021	0.999	0.0447	394	0	599	2	3	0.0354	0.0375	0	0.0749	0
0.0153	0.1643	1.1864	0.4659	0.8422	-0.6363	0.4557	-0.6225	147	397	575	2	1	0.0027	0.375	0	0.0286	0
0.012	0.084	1.0961	0.5435	0.7216	-0.7587	-0.1989	-0.6204	396	398	575	2	2	0.01	0.05	0	0.01	0
0.01	0.0812	1.0324	0.5268	0.6695	-0.0215	0.3947	-0.9186	397	0	575	2	3	0.01	0.05	0	0.01	0
0.0091	0.159	1.3116	0.479	1.017	0.3009	0.0771	0.9505	149	400	586	2	1	0.0217	0.1625	0	0.0316	0
0.0088	0.0968	1.37	0.4649	1.1666	0.3717	0.0979	0.9232	399	0	586	2	2	0.013	0.15	0	0.0256	0
0.0095	0.0889	0.413	0.277	0.7921	-0.8635	-0.003	-0.5044	160	402	506	2	1	0.0074	0.35	1	0.0271	0
0.0095	0.1356	0.335	0.2718	0.745	0.9722	-0.2107	-0.1021	401	403	506	2	2	0.0169	0.2286	0	0.0271	0
0.0095	0.0638	0.4577	0.2397	0.7361	0.5363	-0.6734	0.5088	402	404	506	2	3	0.01	0.05	0	0.01	0
0.0095	0.0532	0.4919	0.1968	0.7685	0.3952	0.1409	0.9077	403	0	506	2	4	0.01	0.05	0	0.01	0
0.0438	0.0997	0.2394	0.3604	0.6884	0.864	-0.4881	-0.1232	0	406	601	0	1	0.0095	0.2222	0	0.039	0
0.0438	0.0834	0.3541	0.297	0.6343	-0.6894	0.3921	-0.6091	405	407	601	0	2	0.0053	0.4333	0	0.0438	0
0.0438	0.0686	0.3256	0.3739	0.636	0.2783	0.6538	-0.7036	406	408	601	0	3	0.0114	0.1786	0	0.031	0
0.0438	0.0325	0.3324	0.4168	0.579	0.1474	0.9045	-0.4002	407	409	601	0	4	0.0179	0.2436	0	0.0391	0
0.0438	0.0691	0.3737	0.4432	0.5688	-0.0877	-0.1229	0.9885	408	0	601	0	5	0.0103	0.0714	0	0.0192	0
0.0275	0.0835	0.5047	0.711	1.2592	0.2165	0.6581	-0.7211	167	411	460	2	1	0.008	0.22	1	0.0452	0
0.0264	0.1266	0.5169	0.779	1.2085	0.8437	-0.0122	0.5367	410	412	460	2	2	0.0123	0.1571	0	0.0452	0
0.023	0.1514	0.5908	0.805	1.2683	-0.1527	-0.4422	-0.8838	411	413	460	2	3	0.0023	0.25	0	0.0255	0
0.0123	0.0214	0.5603	0.7448	1.1411	-0.7474	-0.1895	-0.6368	412	414	460	2	4	0.01	0.05	0	0.01	0
0.01	0.0686	0.5444	0.7408	1.1275	-0.7731	-0.0948	-0.6272	413	415	460	2	5	0.01	0.05	0	0.01	0
0.0063	0.0793	0.4914	0.7343	1.0845	-0.0756	-0.7867	-0.6127	414	0	460	2	6	0.01	0.05	0	0.01	0
0.0367	0.3784	-0.4808	1.2955	0.2398	-0.0606	0.6632	0.7459	183	417	604	3	1	0.0322	0.307	1	0.0669	0
0.0367	0.1356	-0.5153	1.5435	0.5216	-0.1109	0.2837	0.9525	416	418	604	3	2	0.0234	0.4048	0	0.0669	0
0.0367	0.1041	-0.5379	1.5832	0.6479	-0.1976	0.5958	0.7785	417	419	604	3	3	0.0117	0.2361	0	0.0448	0
0.0367	0.0916	-0.5399	1.653	0.7309	-0.2176	0.2819	0.9344	418	420	604	3	4	0.0051	0.5833	0	0.0367	0
0.0367	0.1307	-0.5671	1.6851	0.8071	0.0122	0.8381	0.5454	419	421	604	3	5	0.0038	0.2222	0	0.0396	0
0.0367	0.0932	-0.5809	1.7391	0.8964	-0.418	0.3828	0.8239	420	422	604	3	6	0.0036	0.0333	0	0.027	0
0.0367	0.0689	-0.6233	1.7762	0.9715	-0.4038	0.1437	0.9035	421	423	604	3	7	0.0061	0.1667	0	0.01	0
0.0367	0.0764	-0.632	1.7642	1.0301	-0.248	-0.3672	0.8965	422	0	604	3	8	0.0056	0.1667	0	0.01	0
0.0127	0.1672	0.2823	1.8291	0.6099	0.0544	-0.0487	0.9973	199	0	605	3	1	0.0301	0.2909	0	0.0433	0
0.0275	0.0618	-0.3744	0.4819	0.6048	0.7669	-0.3004	0.5671	214	426	384	3	1	0.0086	0.3281	1	0.0281	0
0.023	0.2121	-0.3278	0.4643	0.6422	0.7817	0.6237	0.0067	425	427	384	3	2	0.0093	0.2182	0	0.0281	0
0.01	0.0795	-0.1558	0.5964	0.6397	0.5258	0.2337	0.8179	426	0	384	3	3	0.01	0.05	0	0.01	0
0.0379	0.3661	-0.3999	0.5398	0.589	-0.7018	0.6151	0.3593	215	429	609	3	1	0.0124	0.4444	0	0.0426	0
0.0381	0.1069	-0.6499	0.7827	0.7292	-0.9403	0.2632	0.216	428	430	609	3	2	0.0051	0.6111	0	0.0387	0
0.0356	0.0972	-0.7281	0.8329	0.7866	-0.8769	0.2448	0.4136	429	431	609	3	3	0.0042	0.3438	0	0.037	0
0.0266	0.0764	-0.8029	0.8722	0.8143	-0.3256	0.7153	0.6183	430	432	609	3	4	0.003	0.5	0	0.0266	0
0.0292	0.0838	-0.8293	0.9205	0.8653	-0.0849	0.5123	0.8546	431	433	609	3	5	0.0027	0.4167	0	0.0292	0
0.0287	0.1696	-0.8311	0.9622	0.9423	-0.6178	0.3812	0.6877	432	434	609	3	6	0.004	0.5208	0	0.0287	0
0.0268	0.1302	-0.9591	1.0147	1.0524	-0.3729	0.2313	0.8986	433	435	609	3	7	0.004	0.4375	0	0.0268	0
0.0266	0.0526	-1.0007	1.0512	1.1741	-0.6655	0.2042	0.7179	434	436	609	3	8	0.0027	0.375	0	0.0218	0
0.0266	0.1077	-1.0398	1.0586	1.2111	-0.4643	0.3895	0.7954	435	437	609	3	9	0.0027	0.3125	0	0.0248	0
0.0268	0.099	-1.0915	1.0978	1.2961	-0.5168	0.138	0.8449	436	438	609	3	10	0.0034	0.25	0	0.0268	0
0.0266	0.0939	-1.1235	1.1066	1.3758	0.2479	0.1908	0.9498	437	439	609	3	11	0.003	0.2188	0	0.0236	0
0.0312	0.0611	-1.139	1.1291	1.4532	-0.2893	0.0202	0.957	438	440	609	3	12	0.0101	0.0571	0	0.0452	0
0.0266	0.1107	-1.1481	1.1643	1.5046	-0.6317	0.3067	0.7119	439	441	609	3	13	0.0076	0.0364	0	0.0193	0
0.0266	0.0099	-1.2316	1.158	1.5879	-0.2634	0.1937	0.9451	440	0	609	3	14	0.0028	0.1	0	0.01	0
0.0191	0.08	0.0614	0.8435	0.5703	-0.0354	0.6423	0.7656	237	443	398	3	1	0.0029	0.25	1	0.0202	1
0.0173	0.1153	0.0586	0.8949	0.6316	0.0724	0.9928	0.0955	442	444	398	3	2	0.0029	0.25	0	0.0202	1
0.0126	0.0738	0.0703	1.0092	0.6377	0.4815	0.8202	0.3088	443	445	398	3	3	0.01	0.05	0	0.01	1
0.01	0.1095	0.1059	1.0698	0.6605	0.0527	0.8014	0.5958	444	0	398	3	4	0.01	0.05	0	0.01	1
0.0295	0.1752	-0.1249	0.5999	0.4965	0.0707	0.6103	0.789	234	447	610	3	1	0.0097	0.375	1	0.0295	1
0.0295	0.1549	-0.1125	0.7069	0.6347	0.9218	0.3877	0.0011	446	448	610	3	2	0.0097	0.375	0	0.0295	1
0.0307	0.0745	-0.013	0.7247	0.7431	0.9252	-0.2745	0.2622	447	449	610	3	3	0.0057	0.3125	0	0.0328	1
0.0257	0.1749	0.0376	0.7118	0.8208	0.9153	-0.2436	0.3207	448	450	610	3	4	0.0082	0.1667	0	0.0316	1
0.0126	0.0061	0.1788	0.6978	0.8813	0.3426	0.0812	0.936	449	451	610	3	5	0.01	0.05	0	0.01	1
0.01	0.0798	0.1809	0.6983	0.887	-0.2131	-0.8964	0.3886	450	452	610	3	6	0.01	0.05	0	0.01	1
0.0065	0.0517	0.1639	0.6268	0.918	-0.6933	-0.5683	0.4432	451	0	610	3	7	0.01	0.05	0	0.01	1
0.0213	0.1612	0.5496	1.0301	0.6864	-0.3605	-0.0947	-0.9279	243	454	553	3	1	0.0025	0.1875	0	0.0185	1
0.0219	0.1233	0.4942	1.0183	0.5312	-0.5944	-0.5214	-0.6122	453	455	553	3	2	0.0025	0.2188	0	0.0219	1
0.0237	0.1257	0.4457	0.9555	0.4329	-0.5883	-0.4579	-0.6665	454	456	553	3	3	0.011	0.1759	0	0.026	1
0.0131	0.0785	0.3604	0.897	0.3582	-0.475	-0.5846	-0.6577	455	457	553	3	4	0.01	0.05	0	0.01	1
0.0216	0.06	0.3611	0.864	0.2993	0.1414	-0.7647	-0.6286	456	458	553	3	5	0.004	0.2333	0	0.0463	1
0.0096	0.0108	0.3564	0.8547	0.2524	-0.0808	-0.272	-0.9589	457	0	553	3	6	0.01	0.05	0	0.01	1
0.0391	0.2807	-0.151	0.3503	0.5458	-0.8107	0.5515	-0.1964	250	460	170	3	1	0.008	0.0324	1	0.2547	0
0.0391	0.3544	-0.2309	0.4235	0.4092	0.4963	0.0323	0.8675	459	461	170	3	2	0.116	0.0427	0	0.2547	0
0.0154	0.1175	-0.0103	0.4206	0.6301	-0.0939	0.9732	-0.2097	460	462	170	3	3	0.0088	0.18	0	0.01	0
0.0124	0.2509	-0.0382	0.5292	0.6142	-0.5156	0.6309	-0.5797	461	0	170	3	4	0.0147	0.0313	0	0.0286	0
0.01	0.0427	-0.0825	0.3282	0.5764	0.792	-0.0678	0.6067	250	464	172	3	1	0.01	0.05	1	0.01	0
0.01	0.1311	-0.0487	0.3253	0.6023	-0.5339	0.593	0.6028	463	465	172	3	2	0.01	0.05	0	0.01	0
0.01	0.1661	-0.1186	0.403	0.6813	-0	-0.3779	0.9259	464	466	172	3	3	0.01	0.05	0	0.01	0
0.01	0.111	-0.1186	0.3403	0.835	0.4666	0.6177	0.633	465	0	172	3	4	0.01	0.05	0	0.01	0
0.0216	0.2433	-0.2369	0.1379	0.7847	0.043	0.0861	0.9954	251	468	180	3	1	0.0029	0.25	1	0.0216	0
0.0216	0.1176	-0.2264	0.1588	1.0268	-0.5776	-0.0608	0.8141	467	469	180	3	2	0.0029	0.25	0	0.0216	1
0.0204	0.2009	-0.2797	0.1451	1.1534	-0.8396	-0.4511	0.3025	468	470	180	3	3	0.009	0.1091	0	0.0257	1
0.0152	0.1255	-0.4413	0.0237	1.2142	-0.8372	-0.1912	0.5123	469	471	180	3	4	0.005	0.1833	0	0.0243	1
0.0071	0.0108	-0.5336	0.0026	1.2844	-0.3561	-0.2482	0.9009	470	0	180	3	5	0.01	0.05	0	0.01	1
0.0287	0.1743	-0.282	0.1346	0.8646	-0.4934	-0.2695	0.827	252	473	182	3	1	0.008	0.4688	0	0.0287	0
0.0287	0.0311	-0.3845	0.1045	0.996	-0.2403	-0.7239	-0.6467	472	474	182	3	2	0.0066	0.225	0	0.01	0
0.0287	0.0231	-0.3684	0.0736	0.9579	-0.6111	-0.0236	-0.7912	473	0	182	3	3	0.007	0.175	0	0.01	0
0.01	0.0729	0.4424	0.1662	-0.1705	0.7586	-0.4499	-0.4714	308	476	45	3	1	0.01	0.05	0	0.01	1
0.01	0.1126	0.4977	0.1334	-0.2048	0.7694	0.2293	-0.5962	475	477	45	3	2	0.01	0.05	0	0.01	1
0.01	0.092	0.5844	0.1593	-0.272	0.8293	-0.1647	-0.5339	476	0	45	3	3	0.01	0.05	0	0.01	1
0.0118	0.1503	0.2269	-0.1652	-0.2543	-0.0885	0.3225	0.9424	307	479	47	3	1	0.0297	0.1905	1	0.0967	1
0.0118	0.3654	0.1994	-0.1402	-0.0942	0.7348	-0.6349	-0.2387	478	0	47	3	2	0.077	0.3053	0	0.0967	1
0.0334	0.3215	0.0879	-0.3151	-0.2426	0.3812	-0.9243	0.0183	307	481	50	3	1	0.0086	0.4583	1	0.0334	1
0.0334	0.0697	0.2104	-0.6122	-0.2367	-0.363	-0.5584	-0.746	480	482	50	3	2	0.0086	0.4583	0	0.0334	1
0.0351	0.1465	0.1659	-0.6613	-0.3012	0.5846	-0.759	-0.2866	481	483	50	3	3	0.0042	0.4	0	0.0352	1
0.0334	0.0329	0.2234	-0.7606	-0.3509	0.0572	-0.4457	-0.8934	482	484	50	3	4	0.0095	0.1364	0	0.01	1
0.0334	0.0555	0.2583	-0.7828	-0.3917	0.237	-0.3437	0.9087	483	0	50	3	5	0.0061	0.1136	0	0.01	1
0.0098	0.2441	-0.36	-2.5499	0.1807	-0.9067	-0.0849	0.4131	330	486	55	3	1	0.0378	0.2667	0	0.0714	1
0.0098	0.0275	-0.5865	-2.5553	0.2627	-0.858	-0.4879	-0.1609	485	487	55	3	2	0.01	0.05	0	0.01	1
0.0098	0.0855	-0.6101	-2.5687	0.2583	0.0039	-0.9596	-0.2813	486	0	55	3	3	0.01	0.05	0	0.01	1
0.0431	0.504	-0.098	-0.6227	-0.1609	0.1906	-0.5621	0.8048	308	489	613	3	1	0.0443	0.4286	1	0.0527	1
0.043	0.0945	-0.0203	-0.9253	0.2032	0.4201	-0.8796	0.2234	488	490	613	3	2	0.0195	0.5119	0	0.0527	1
0.0431	0.1292	-0.002	-1.0012	0.2323	-0.0404	-0.7888	0.6133	489	491	613	3	3	0.0243	0.7857	0	0.0618	1
0.0431	0.1524	-0.0149	-1.086	0.3237	-0.2291	-0.6319	0.7404	490	492	613	3	4	0.0258	0.8036	0	0.0668	1
0.0431	0.1833	-0.0704	-1.191	0.4332	0.2377	-0.7867	0.5698	491	493	613	3	5	0.0216	0.7429	0	0.0584	1
0.0428	0.0935	-0.0203	-1.3442	0.5366	-0.433	-0.4018	0.8068	492	494	613	3	6	0.0194	0.5833	0	0.0536	1
0.048	0.0839	-0.0581	-1.3725	0.6324	0.1782	-0.9037	0.3893	493	495	613	3	7	0.0073	0.7273	0	0.048	1
0.0431	0.0773	-0.026	-1.4707	0.6688	-0.297	-0.0676	0.9525	494	496	613	3	8	0.0059	0.7	0	0.0438	1
0.0423	0.1058	-0.0342	-1.4902	0.7528	-0.4583	0.1644	0.8734	495	497	613	3	9	0.0066	0.58	0	0.0473	1
0.0359	0.0958	-0.0652	-1.4972	0.8356	-0.3902	-0.5658	0.7263	496	498	613	3	10	0.0053	0.5938	0	0.0359	1
0.0276	0.0903	-0.0788	-1.5463	0.9032	0.2011	-0.6576	0.726	497	499	613	3	11	0.004	0.4167	0	0.0264	1
0.0298	0.148	-0.097	-1.5926	0.9739	0.0475	-0.2529	0.9663	498	500	613	3	12	0.0034	0.3	0	0.0298	1
0.0264	0.069	-0.1042	-1.6449	1.1091	-0.4465	-0.0413	0.8938	499	501	613	3	13	0.0026	0.375	0	0.0222	1
0.0264	0.1478	-0.1385	-1.6475	1.1714	0.0988	-0.6061	0.7892	500	502	613	3	14	0.0088	0.2625	0	0.0206	1
0.0264	0.083	-0.1047	-1.728	1.2903	0.1778	-0.567	0.8043	501	503	613	3	15	0.0077	0.225	0	0.0194	1
0.0334	0.1282	-0.0794	-1.7859	1.3453	0.1723	-0.6418	0.7473	502	504	613	3	16	0.0033	0.2	0	0.0377	1
0.0307	0.0999	-0.0773	-1.8666	1.4486	0.2354	-0.6112	0.7557	503	505	613	3	17	0.0135	0.1909	0	0.0327	1
0.0336	0.0839	-0.057	-1.9186	1.5389	0.293	-0.7852	0.5455	504	506	613	3	18	0	0.0364	0	0.0396	1
0.0318	0.0298	-0.0578	-1.8836	1.5026	0.7193	0.5383	0.4392	505	0	613	3	19	0.0101	0.04	0	0.0588	1
0.0339	0.2529	-0.1602	-1.1038	-0.1103	-0.8861	0.423	0.1896	312	508	289	3	1	0.0171	0.1696	1	0.0389	1
0.0282	0.1489	-0.4005	-1.0194	-0.0351	0.4651	-0.7975	-0.3843	507	509	289	3	2	0.0125	0.1125	0	0.0389	1
0.0169	0.0633	-0.3385	-1.1224	-0.0471	0.8823	-0.3823	0.2745	508	510	289	3	3	0.0061	0.15	0	0.01	1
0.01	0.1112	-0.3435	-1.1329	-0.0464	0.3157	0.3056	-0.8983	509	0	289	3	4	0.01	0.05	0	0.01	1
0.0302	0.2429	-0.1528	-0.9325	-0.0945	-0.755	-0.5956	0.2744	310	512	294	3	1	0.0016	0.375	1	0.0302	1
0.0302	0.089	-0.3361	-1.0771	-0.0278	-0.6174	-0.7749	0.1359	511	513	294	3	2	0.0016	0.375	0	0.0302	1
0.0343	0.1109	-0.4073	-1.1533	-0.0134	0.1354	-0.5625	-0.8156	512	514	294	3	3	0.0021	0.3438	0	0.0343	1
0.0349	0.0662	-0.4414	-1.231	-0.0522	-0.1523	-0.8992	-0.4102	513	515	294	3	4	0.0263	0.1786	0	0.035	1
0.0347	0.0177	-0.4119	-1.2749	-0.1428	-0.5707	-0.6405	-0.5139	514	516	294	3	5	0.0211	0.2917	0	0.0349	1
0.0315	0.0441	-0.4228	-1.2947	-0.1488	0.1752	-0.3543	-0.9186	515	517	294	3	6	0.004	0.2917	0	0.0315	1
0.0291	0.07	-0.416	-1.3233	-0.1761	0.0597	-0.7117	-0.7	516	518	294	3	7	0.0037	0.375	0	0.0268	1
0.0342	0.1483	-0.441	-1.367	-0.1907	-0.5102	-0.8102	-0.2886	517	519	294	3	8	0.0049	0.525	0	0.0343	1
0.0291	0.0812	-0.5028	-1.4969	-0.2315	-0.5744	-0.8179	0.0334	518	520	294	3	9	0.0033	0.5	0	0.0291	1
0.0368	0.0812	-0.5653	-1.5507	-0.2314	-0.627	-0.7658	0.1428	519	521	294	3	10	0.0036	0.5	0	0.0381	1
0.0348	0.1358	-0.6027	-1.6194	-0.2102	-0.5359	-0.8221	0.1921	520	522	294	3	11	0.0039	0.375	0	0.0362	1
0.0333	0.0319	-0.675	-1.7289	-0.1803	-0.5381	-0.6988	0.4714	521	523	294	3	12	0.0122	0.175	0	0.0356	1
0.0291	0.0216	-0.6658	-1.7374	-0.1881	0.6538	-0.6721	0.3475	522	524	294	3	13	0.0056	0.175	0	0.01	1
0.0291	0.0889	-0.649	-1.7782	-0.2212	-0.9383	-0.3157	0.1413	523	525	294	3	14	0.0071	0.1	0	0.01	1
0.0291	0.0534	-0.723	-1.7842	-0.1635	0.3966	-0.8547	0.335	524	0	294	3	15	0.0018	0.15	0	0.01	1
0.0307	0.1817	-0.2714	-1.8346	0.0323	-0.8191	-0.2225	0.5287	322	527	299	3	1	0.0064	0.5	0	0.0307	1
0.0307	0.0328	-0.4122	-1.8808	0.1425	-0.5119	-0.8573	-0.0555	526	0	299	3	2	0.0072	0.2	0	0.01	1
0.0415	0.0854	-0.2697	-1.9943	0.0464	-0.8323	-0.0977	0.5456	323	529	300	3	1	0.011	0.375	1	0.0475	1
0.0415	0.1022	-0.3397	-1.9992	0.0867	-0.9797	-0.0642	-0.1899	528	530	300	3	2	0.0122	0.2143	0	0.0475	1
0.0186	0.0336	-0.4599	-1.9975	0.068	-0.3836	-0.9218	-0.0557	529	531	300	3	3	0.007	0.12	0	0.01	1
0.01	0.0467	-0.4742	-2.0289	0.0621	0.9343	-0.193	-0.2996	530	0	300	3	4	0.01	0.05	0	0.01	1
0.01	0.1771	-0.187	-2.0906	-0.0201	0.2943	0.7072	-0.6429	325	533	301	3	1	0.01	0.05	1	0.01	1
0.01	0.1491	-0.1349	-1.9653	-0.134	-0.1206	0.9914	-0.0504	532	0	301	3	2	0.01	0.05	0	0.01	1
0.0122	0.2721	-0.268	-2.2606	0.0354	-0.2523	0.8899	0.38	327	535	303	3	1	0.0037	0.25	0	0.0343	1
0.01	0.0646	-0.3682	-2.0202	0.1261	-0.3065	0.6776	0.6686	534	0	303	3	2	0.01	0.05	0	0.01	1
0.0196	0.0863	-0.3083	-2.5572	0.1699	0.7466	0.2449	-0.6186	330	537	312	3	1	0.0052	0.4167	1	0.0196	1
0.0196	0.0781	-0.2439	-2.5361	0.1165	-0.119	-0.2699	0.9555	536	538	312	3	2	0.0052	0.4167	0	0.0196	1
0.0196	0.0394	-0.2595	-2.5703	0.1956	0.664	-0.0631	0.7451	537	539	312	3	3	0.0082	0.2	0	0.01	1
0.0196	0.07	-0.2164	-2.5908	0.218	0.4645	0.0978	0.8801	538	0	312	3	4	0.0012	0.08	0	0.01	1
0.0146	0.0324	-0.2309	-2.3912	0.1709	0.8765	0.4082	0.2553	327	541	313	3	1	0.0069	0.2667	1	0.0561	1
0.0146	0.142	-0.2001	-2.4092	0.1964	-0.9472	0.0967	0.3058	540	542	313	3	2	0.0195	0.2	0	0.0561	1
0.01	0.1148	-0.3262	-2.3905	0.2734	0.5306	0.8093	-0.2518	541	0	313	3	3	0.01	0.05	0	0.01	1
0.0199	0.1108	0.4272	-0.528	0.3463	0.8122	-0.3248	0.4846	364	544	614	3	1	0.002	0.3438	0	0.0199	1
0.0231	0.0752	0.5188	-0.5733	0.4	0.9839	0.1731	0.0434	543	545	614	3	2	0.003	0.3333	0	0.0245	1
0.0131	0.1055	0.5932	-0.565	0.399	0.8568	-0.3087	0.4131	544	546	614	3	3	0.01	0.05	0	0.01	1
0.01	0.0704	0.6831	-0.5964	0.4642	0.5698	-0.8199	0.0556	545	0	614	3	4	0.01	0.05	0	0.01	1
0.0216	0.0888	1.2355	-1.3725	0.2922	0.7131	-0.6994	0.0488	0	548	615	0	1	0.0062	0.4583	0	0.0216	0
0.0216	0.0656	1.3053	-1.4381	0.2817	0.8816	-0.1969	0.429	547	0	615	0	2	0.0055	0.06	0	0.01	0
0.0147	0.3165	-0.5357	1.6951	0.7909	-0.0729	-0.8764	-0.4761	420	550	344	4	1	0.0022	0.1	0	0.0275	0
0.01	0.1076	-0.518	1.3536	0.6343	0.6321	0.4602	-0.6235	549	0	344	4	2	0.01	0.05	0	0.01	0
0.0212	0.0753	-0.6222	0.6883	0.675	-0.8692	-0.4191	-0.2624	428	552	389	4	1	0.004	0.3333	1	0.0221	0
0.0194	0.0508	-0.6876	0.6567	0.6553	-0.6402	-0.297	0.7085	551	553	389	4	2	0.004	0.3333	0	0.0221	0
0.0132	0.0711	-0.7214	0.6382	0.6943	-0.8841	-0.0768	-0.4609	552	554	389	4	3	0.01	0.05	0	0.01	0
0.01	0.0576	-0.7843	0.6328	0.6615	-0.3653	0.0897	0.9266	553	0	389	4	4	0.01	0.05	0	0.01	0
0.0061	0.2859	-0.7186	0.7801	0.7645	-0.8291	-0.4652	-0.3101	429	556	391	4	1	0.0318	0.0733	1	0.0892	0
0.0061	0.0737	-0.947	0.5851	0.6975	-0.9476	-0.02	0.3189	555	557	391	4	2	0.0434	0.1333	0	0.0892	0
0.0064	0.0515	-1.0052	0.5914	0.724	-0.5473	0.5838	0.5997	556	0	391	4	3	0.01	0.05	0	0.01	0
0.01	0.1253	-0.862	0.973	0.9343	-0.411	-0.0131	-0.9115	433	559	623	4	1	0.01	0.05	1	0.01	0
0.01	0.1631	-0.9135	0.9714	0.8201	-0.465	-0.2286	-0.8553	558	560	623	4	2	0.01	0.05	0	0.01	0
0.01	0.0683	-0.9893	0.9341	0.6805	-0.9671	-0.2163	-0.1341	559	0	623	4	3	0.01	0.05	0	0.01	0
0.0106	0.2089	-0.9409	0.9763	0.9482	-0.83	-0.3844	0.404	434	562	468	4	1	0.0038	0.2917	0	0.0336	0
0.01	0.0804	-1.115	0.8771	1.0132	0.8811	-0.3524	0.3153	561	0	468	4	2	0.01	0.05	0	0.01	0
0.0202	0.1202	0.534	1.03	0.5926	0.6456	0.6084	-0.4616	453	564	567	4	1	0.0187	0.15	1	0.028	1
0.0199	0.079	0.6007	1.097	0.5141	0.643	0.6066	-0.4675	563	565	567	4	2	0.007	0.25	0	0.028	1
0.0195	0.0783	0.6537	1.1116	0.481	-0.4707	-0.1324	-0.8723	564	566	567	4	3	0.0092	0.25	0	0.0329	1
0.0168	0.1116	0.6189	1.0888	0.4241	-0.5734	-0.6025	-0.5552	565	567	567	4	4	0.0019	0.1875	0	0.0168	1
0.0145	0.1566	0.5596	1.0111	0.3669	-0.5737	-0.5409	-0.6151	566	568	567	4	5	0.0094	0.1583	0	0.0182	1
0.0078	0.0707	0.5074	0.9095	0.2674	-0.3911	-0.777	-0.4933	567	569	567	4	6	0.01	0.05	0	0.01	1
0.005	0.0862	0.4384	0.9106	0.2593	-0.8238	-0.4294	-0.3701	568	0	567	4	7	0.01	0.16	0	0.01	1
0.01	0.1491	-0.4134	0.0391	1.1816	0.3609	0.5547	-0.7497	470	571	412	4	1	0.01	0.05	0	0.01	1
0.01	0.0867	-0.3596	0.1218	1.0699	0.9403	0.0346	-0.3384	570	0	412	4	2	0.01	0.05	0	0.01	1
0.0343	0.0543	-0.0952	-0.7652	0.0228	-0.878	-0.445	0.1764	488	573	58	4	1	0.0057	0.375	1	0.0303	1
0.0343	0.1176	-0.1429	-0.7894	0.0324	-0.8355	0.0171	0.5492	572	574	58	4	2	0.0057	0.375	0	0.0303	1
0.0343	0.0696	-0.2442	-0.7866	0.0923	-0.6475	-0.6946	0.3135	573	575	58	4	3	0.0053	0.5	0	0.0343	1
0.0381	0.1078	-0.2884	-0.8525	0.1637	-0.9903	0.125	0.0614	574	576	58	4	4	0.0097	0.1528	0	0.0455	1
0.0343	0.0193	-0.3794	-0.8506	0.1728	-0.4065	-0.6843	-0.6054	575	577	58	4	5	0.0077	0.1136	0	0.01	1
0.0343	0.0801	-0.3815	-0.8515	0.1773	-0.1924	-0.7465	0.637	576	578	58	4	6	0.008	0.0909	0	0.01	1
0.0343	0.1306	-0.409	-0.9275	0.1921	-0.6774	-0.5603	0.4767	577	0	58	4	7	0.0032	0.0606	0	0.01	1
0.0255	0.1425	-0.0913	-1.1973	0.4785	-0.6662	0.5064	0.5476	492	580	70	4	1	0.0082	0.375	1	0.0255	1
0.0255	0.1119	-0.1862	-1.1252	0.5565	-0.1879	-0.9767	0.1037	579	581	70	4	2	0.0082	0.375	0	0.0255	1
0.029	0.3378	-0.1966	-1.2532	0.5913	-0.8574	-0.514	-0.0243	580	582	70	4	3	0.0039	0.4167	0	0.0294	1
0.0284	0.1144	-0.4851	-1.4408	0.5888	-0.7879	0.175	0.5904	581	583	70	4	4	0.004	0.5625	0	0.0284	1
0.0244	0.1748	-0.5794	-1.4184	0.6494	-0.7969	-0.5245	0.2997	582	584	70	4	5	0.0038	0.4583	0	0.0244	1
0.0245	0.0853	-0.7082	-1.5105	0.7141	-0.6258	-0.5873	0.5133	583	585	70	4	6	0.0027	0.4583	0	0.0245	1
0.0241	0.0807	-0.7593	-1.5674	0.7519	-0.4983	-0.6551	0.5678	584	586	70	4	7	0.0027	0.4167	0	0.0241	1
0.0252	0.0902	-0.7943	-1.6193	0.8043	-0.3411	-0.8498	0.4018	585	587	70	4	8	0.003	0.4063	0	0.0252	1
0.0281	0.0663	-0.8705	-1.7022	0.8336	-0.1094	-0.2568	0.9602	586	588	70	4	9	0.0032	0.4167	0	0.0289	1
0.0298	0.0933	-0.8837	-1.7193	0.894	-0.4113	-0.5266	0.744	587	589	70	4	10	0.0032	0.3125	0	0.0337	1
0.0241	0.0596	-0.9208	-1.7837	0.962	-0.6707	-0.1247	0.7312	588	590	70	4	11	0	0.04	0	0.01	1
0.0241	0.1052	-0.9709	-1.809	0.9816	-0.4624	-0.6072	0.6462	589	0	70	4	12	0.0048	0.1	0	0.01	1
0.0383	0.2582	-0.0205	-1.2386	0.4425	0.6881	-0.7048	0.1723	492	592	73	4	1	0.004	0.2963	1	0.0383	1
0.0359	0.0679	0.1571	-1.4206	0.487	0.3325	-0.9314	0.1481	591	593	73	4	2	0.004	0.2963	0	0.0383	1
0.0221	0.0106	0.1482	-1.4667	0.4716	-0.3251	-0.9203	-0.2177	592	594	73	4	3	0.0105	0.125	0	0.01	1
0.0167	0.0625	0.1414	-1.4916	0.4828	0.8802	-0.4085	-0.2416	593	595	73	4	4	0.0033	0.0833	0	0.01	1
0.01	0.1107	0.2028	-1.5128	0.4585	0.3531	-0.9163	-0.1891	594	0	73	4	5	0.01	0.05	0	0.01	1
0.0139	0.1362	-0.0954	-1.636	1.0221	0.647	-0.762	0.0277	499	597	86	4	1	0.0208	0.2429	0	0.0358	1
0.0114	0.0621	-0.0063	-1.7345	1.0267	0.6979	-0.0128	-0.716	596	598	86	4	2	0.01	0.05	0	0.01	1
0.01	0.0568	0.037	-1.7352	0.9822	0.1089	-0.6889	-0.7166	597	0	86	4	3	0.01	0.05	0	0.01	1
0.021	0.1656	-0.1046	-1.4411	0.8278	-0.5122	-0.1467	0.8462	496	600	87	4	1	0.0069	0.2708	0	0.0241	1
0.0156	0.0032	-0.1901	-1.4674	0.9655	-0.0182	-0.7739	0.6331	599	601	87	4	2	0.0068	0.125	0	0.01	1
0.0128	0.0787	-0.1738	-1.4741	0.975	-0.449	-0.1988	0.8711	600	602	87	4	3	0.01	0.05	0	0.01	1
0.01	0.0804	-0.2091	-1.4897	1.0435	0.4346	-0.6369	0.6369	601	0	87	4	4	0.01	0.05	0	0.01	1
0.0404	0.2707	-0.02	-1.5102	0.7317	0.4672	-0.831	0.3019	495	604	633	4	1	0.0095	0.5429	0	0.0433	1
0.0326	0.0873	0.1015	-1.7496	0.8078	0.4565	-0.4519	0.7664	603	605	633	4	2	0.0042	0.5833	0	0.0326	1
0.0326	0.0703	0.142	-1.7884	0.8755	0.6413	-0.7353	0.2193	604	606	633	4	3	0.0081	0.25	0	0.025	1
0.0326	0.0944	0.1914	-1.8401	0.8904	0.0238	-0.9639	0.2652	605	607	633	4	4	0.0026	0.2917	0	0.0293	1
0.0326	0.1953	0.2022	-1.9398	0.8973	-0.0306	-0.9046	0.4252	606	0	633	4	5	0.0109	0.0303	0	0.01	1
0.0302	0.0232	-0.6328	-1.6006	-0.189	-0.482	0.2811	0.8299	520	609	521	4	1	0.008	0.3333	1	0.0317	1
0.0269	0.0628	-0.644	-1.5941	-0.1698	0.0094	-0.7738	0.6333	608	610	521	4	2	0.008	0.3333	0	0.0317	1
0.0158	0.1366	-0.6528	-1.6325	-0.139	-0.7073	-0.0257	0.7064	609	611	521	4	3	0.0107	0.1	0	0.01	1
0.01	0.0932	-0.7531	-1.6374	-0.0402	0.322	0.4678	0.8231	610	0	521	4	4	0.01	0.05	0	0.01	1
0.0095	0.0658	0.6982	-0.6157	0.4557	-0.0455	0.3042	-0.9515	546	613	637	4	1	0.0096	0.3438	1	0.0371	1
0.0095	0.1198	0.6877	-0.6068	0.3964	-0.4799	0.0652	-0.8749	612	614	637	4	2	0.0239	0.2833	0	0.0371	1
0.0095	0.0076	0.6407	-0.5879	0.2863	-0.7185	0.412	-0.5603	613	615	637	4	3	0.01	0.05	0	0.01	1
0.0095	0.076	0.6358	-0.5827	0.2807	-0.827	0.4591	0.3246	614	0	637	4	4	0.0121	0.1125	0	0.0236	1
0.0229	0.0764	-0.5341	1.8261	0.8407	0.5698	-0.6169	-0.5429	0	617	639	0	1	0.0051	0.4583	0	0.0229	0
0.0229	0.0631	-0.5046	1.783	0.7964	0.0539	-0.4406	-0.8961	616	0	639	0	2	0.0076	0.18	0	0.01	0
0.0229	0.1134	0.2962	0.901	0.5447	0.1225	0.0511	-0.9912	0	619	589	0	1	0.0055	0.375	0	0.0255	0
0.0073	0.17	0.318	0.8691	0.4161	-0.9611	-0.2514	0.1144	618	0	589	0	2	0.0233	0.125	0	0.0308	0
0.0051	0.1192	-0.4165	0.0509	1.1789	-0.5867	-0.2423	-0.7727	570	621	642	5	1	0.0195	0.2	0	0.0283	1
0.0025	0.0497	-0.4584	0.0227	1.1031	0.5001	0.0289	-0.8655	620	622	642	5	2	0.0158	0.15	0	0.01	1
0.0025	0.0381	-0.435	0.0273	1.071	0.7493	0.6556	-0.0937	621	0	642	5	3	0.0141	0.1	0	0.01	1
0.0339	0.1081	0.3963	0.0575	-0.1645	0.0541	-0.9502	-0.3068	0	624	645	0	1	0.007	0.4063	0	0.033	0
0.0368	0.0932	0.4057	-0.0225	-0.215	0.5611	0.4467	0.6969	623	625	645	0	2	0.015	0.3214	0	0.04	0
0.033	0.0305	0.4303	-0.0023	-0.1785	0.6857	0.075	-0.724	624	0	645	0	3	0	0.0303	0	0.0585	0
0.0364	0.0467	0.1245	-1.4678	0.4663	-0.9776	0.0018	-0.2105	593	627	647	5	1	0.0079	0.4167	1	0.0364	1
0.0364	0.0665	0.0788	-1.4678	0.4564	-0.6133	-0.661	0.4324	626	628	647	5	2	0.0079	0.4167	0	0.0364	1
0.0364	0.0167	0.0146	-1.4895	0.4696	-0.0661	-0.6203	-0.7816	627	629	647	5	3	0.0106	0.1875	0	0.01	1
0.0364	0.0495	0.0314	-1.4742	0.4588	0.7838	-0.5717	0.2427	628	630	647	5	4	0.0053	0.1458	0	0.01	1
0.0364	0.0609	0.0793	-1.5063	0.4771	0.6036	0.1744	-0.778	629	0	647	5	5	0.0064	0.1333	0	0.01	1
0.0257	0.0979	0.0332	-1.6041	0.7235	0.2671	-0.4566	-0.8486	603	632	88	5	1	0.0073	0.325	1	0.0272	1
0.0231	0.1403	0.0593	-1.6488	0.6405	0.6764	-0.6823	0.2776	631	633	88	5	2	0.0073	0.325	0	0.0272	1
0.0144	0.0663	0.1364	-1.74	0.6443	0.4274	-0.8432	-0.326	632	634	88	5	3	0.01	0.05	0	0.01	1
0.0128	0.0341	0.1322	-1.7474	0.6377	-0.7189	-0.2872	-0.6331	633	0	88	5	4	0.0045	0.2188	0	0.0189	1
0.0098	0.2075	-0.5229	-1.1328	0.0124	-0.1655	-0.983	0.0788	0	636	492	0	1	0.0167	0.1364	0	0.0296	0
0.0099	0.0032	-0.5742	-1.3339	0.0302	-0.1335	-0.9408	0.3115	635	637	492	0	2	0.01	0.05	0	0.01	0
0.0098	0.0781	-0.5746	-1.3369	0.0312	-0.444	-0.6788	-0.5849	636	0	492	0	3	0.01	0.05	0	0.01	0
