--- RESULTADOS ---
Ant Elite #1
Valor objetivos: [12 12.2743282318115 35.9899291992188 1.98459482192993 111 30.0351753234863 45.6304016113281 1]
Valor verdad: [0.942471146583557 0.993766009807587 0.999596118927002 0.990501999855042 0.916254580020905 0.999480128288269 0.734822571277618 0.990742325782776]
Predicado: 0.933612205933832
Puntos de corte: [908 716 469 422 409 387 380 338 316 265 220 191 187 107 86 83 51 24]
Cortes: 18
------------------------
Ant Elite #2
Valor objetivos: [12 12.2743282318115 35.9899291992188 1.98262298107147 111 30.0351753234863 45.6306266784668 1]
Valor verdad: [0.942471146583557 0.993766009807587 0.999596118927002 0.990480303764343 0.916254580020905 0.999480128288269 0.734812378883362 0.990742325782776]
Predicado: 0.933607434517626
Puntos de corte: [908 716 469 424 422 409 387 380 338 316 265 220 191 187 107 86 83 51 24]
Cortes: 19
------------------------
Ant Elite #3
Valor objetivos: [12 12.2743282318115 35.9899291992188 1.98375070095062 111 30.0351753234863 45.6355438232422 1]
Valor verdad: [0.942471146583557 0.993766009807587 0.999596118927002 0.990492701530457 0.916254580020905 0.999480128288269 0.734588742256165 0.990742325782776]
Predicado: 0.933568507275293
Puntos de corte: [908 716 715 469 422 409 387 380 338 316 265 220 191 187 107 86 83 51 24]
Cortes: 19
------------------------
Ant Elite #4
Valor objetivos: [12 12.2743282318115 35.9899291992188 1.98421335220337 110 30.0351753234863 45.4774017333984 1]
Valor verdad: [0.942471146583557 0.993766009807587 0.999596118927002 0.990497827529907 0.904043316841125 0.999480128288269 0.741718173027039 0.990742325782776]
Predicado: 0.933068080880945
Puntos de corte: [908 716 651 469 424 422 409 380 338 316 265 234 220 191 187 107 86 83 51 24]
Cortes: 20
------------------------
Ant Elite #5
Valor objetivos: [12 12.2743282318115 35.9899291992188 1.98127055168152 109 30.0351753234863 45.381591796875 1]
Valor verdad: [0.942471146583557 0.993766009807587 0.999596118927002 0.990465462207794 0.890264749526978 0.999480128288269 0.745976209640503 0.990742325782776]
Predicado: 0.931780442641865
Puntos de corte: [908 716 422 409 387 380 338 316 265 220 191 187 167 107 86 83 51 24]
Cortes: 18
------------------------
Ant Elite #6
Valor objetivos: [12 12.2743282318115 35.9899291992188 1.99764442443848 106 30.0351753234863 44.3017539978027 1]
Valor verdad: [0.942471146583557 0.993766009807587 0.999596118927002 0.990644097328186 0.838194131851196 0.999480128288269 0.790698885917664 0.990742325782776]
Predicado: 0.93153218207253
Puntos de corte: [908 716 469 422 387 380 316 265 220 191 107 86 83 51 24]
Cortes: 15
------------------------
Ant Elite #7
Valor objetivos: [12 12.2743282318115 35.9899291992188 1.9579918384552 110 30.0351753234863 45.6797485351562 1]
Valor verdad: [0.942471146583557 0.993766009807587 0.999596118927002 0.990205585956573 0.904043316841125 0.999480128288269 0.732573628425598 0.990742325782776]
Predicado: 0.931376685483714
Puntos de corte: [716 469 452 424 422 387 380 361 338 316 265 220 191 187 107 86 83 51 24]
Cortes: 19
------------------------
Ant Elite #8
Valor objetivos: [12 12.2743282318115 35.9899291992188 1.98306000232697 103 30.0351753234863 42.3330192565918 1]
Valor verdad: [0.942471146583557 0.993766009807587 0.999596118927002 0.99048513174057 0.767858147621155 0.999480128288269 0.856726109981537 0.990742325782776]
Predicado: 0.930520801965392
Puntos de corte: [919 672 469 409 387 380 338 316 265 220 191 187 107 83 51]
Cortes: 15
------------------------
Ant Elite #9
Valor objetivos: [12 12.2743282318115 35.9899291992188 1.98460030555725 109 30.0351753234863 45.5929565429688 1]
Valor verdad: [0.942471146583557 0.993766009807587 0.999596118927002 0.990502059459686 0.890264749526978 0.999480128288269 0.736521065235138 0.990742325782776]
Predicado: 0.930088945014107
Puntos de corte: [716 422 415 409 380 338 316 265 220 191 187 107 95 83 51 24]
Cortes: 16
------------------------
Ant Elite #10
Valor objetivos: [12 12.2743282318115 35.9899291992188 1.98472964763641 109 30.0351753234863 45.6743431091309 1]
Valor verdad: [0.942471146583557 0.993766009807587 0.999596118927002 0.990503489971161 0.890264749526978 0.999480128288269 0.732820570468903 0.990742325782776]
Predicado: 0.929420118276379
Puntos de corte: [908 716 469 424 414 409 378 338 316 265 191 187 132 107 86 83 51 43 24]
Cortes: 19
------------------------
Ant Elite #11
Valor objetivos: [12 12.2743282318115 35.9899291992188 1.98543465137482 108 30.0351753234863 45.3919410705566 1]
Valor verdad: [0.942471146583557 0.993766009807587 0.999596118927002 0.990511178970337 0.874781787395477 0.999480128288269 0.745518565177917 0.990742325782776]
Predicado: 0.929372652025165
Puntos de corte: [716 422 380 338 316 265 220 191 187 107 95 83 51 24]
Cortes: 14
------------------------
Ant Elite #12
Valor objetivos: [12 12.2743282318115 35.9899291992188 2.0569212436676 107 30.0351753234863 45.0742797851562 1]
Valor verdad: [0.942471146583557 0.993766009807587 0.999596118927002 0.990035474300385 0.857464015483856 0.999480128288269 0.759318709373474 0.990742325782776]
Predicado: 0.929089359555718
Puntos de corte: [927 908 716 469 422 380 338 316 265 220 107 86 83 51 24]
Cortes: 15
------------------------
Ant Elite #13
Valor objetivos: [12 12.2743282318115 35.9899291992188 1.9817807674408 105 30.0351753234863 44.1695327758789 1]
Valor verdad: [0.942471146583557 0.993766009807587 0.999596118927002 0.990471065044403 0.816875457763672 0.999480128288269 0.795757174491882 0.990742325782776]
Predicado: 0.928932727644393
Puntos de corte: [702 469 422 380 316 265 191 187 107 51 24]
Cortes: 11
------------------------
Ant Elite #14
Valor objetivos: [12 12.2743282318115 35.9899291992188 1.9810802936554 108 30.0351753234863 45.4910697937012 1]
Valor verdad: [0.942471146583557 0.993766009807587 0.999596118927002 0.990463376045227 0.874781787395477 0.999480128288269 0.741106927394867 0.990742325782776]
Predicado: 0.928578592569745
Puntos de corte: [716 422 380 338 316 265 220 191 187 107 92 83 51 24]
Cortes: 14
------------------------
Ant Elite #15
Valor objetivos: [11 11.5017604827881 38.4204864501953 1.97814130783081 112 27.5608654022217 46.540111541748 2]
Valor verdad: [0.976530194282532 0.996236503124237 0.999294281005859 0.990430951118469 0.927037239074707 0.999548554420471 0.691477477550507 0.95752090215683]
Predicado: 0.927559703094394
Puntos de corte: [908 716 469 422 380 338 316 265 220 191 187 107 86 51 19]
Cortes: 15
------------------------
Ant Elite #16
Valor objetivos: [12 12.2743282318115 35.9899291992188 1.99666833877563 107 30.0351753234863 45.3661041259766 1]
Valor verdad: [0.942471146583557 0.993766009807587 0.999596118927002 0.990633547306061 0.857464015483856 0.999480128288269 0.746660232543945 0.990742325782776]
Predicado: 0.926940681324938
Puntos de corte: [716 469 422 409 387 338 316 265 220 191 187 86 83 51 24]
Cortes: 15
------------------------
Ant Elite #17
Valor objetivos: [12 12.2743282318115 35.9899291992188 1.98111128807068 109 30.0351753234863 45.9837493896484 1]
Valor verdad: [0.942471146583557 0.993766009807587 0.999596118927002 0.990463674068451 0.890264749526978 0.999480128288269 0.718454778194427 0.990742325782776]
Predicado: 0.926789828364508
Puntos de corte: [908 716 409 338 316 277 265 220 191 187 107 86 51 24]
Cortes: 14
------------------------
Ant Elite #18
Valor objetivos: [12 12.2743282318115 35.9899291992188 2.0441529750824 106 30.0351753234863 44.9974174499512 1]
Valor verdad: [0.942471146583557 0.993766009807587 0.999596118927002 0.99018132686615 0.838194131851196 0.999480128288269 0.76257997751236 0.990742325782776]
Predicado: 0.926664106671771
Puntos de corte: [908 716 469 424 422 380 338 316 265 220 191 86 83 51 24]
Cortes: 15
------------------------
Ant Elite #19
Valor objetivos: [12 12.2743282318115 35.9899291992188 1.97980809211731 106 30.0351753234863 45.0029258728027 1]
Valor verdad: [0.942471146583557 0.993766009807587 0.999596118927002 0.99044930934906 0.838194131851196 0.999480128288269 0.762347280979156 0.990742325782776]
Predicado: 0.92665952801579
Puntos de corte: [716 422 380 338 316 265 220 191 187 107 83 51 24]
Cortes: 13
------------------------
Ant Elite #20
Valor objetivos: [12 12.2743282318115 35.9899291992188 1.98338687419891 107 30.0351753234863 45.5192985534668 1]
Valor verdad: [0.942471146583557 0.993766009807587 0.999596118927002 0.990488708019257 0.857464015483856 0.999480128288269 0.73984158039093 0.990742325782776]
Predicado: 0.925707297561177
Puntos de corte: [716 422 415 409 338 316 265 220 191 107 95 83 51 24]
Cortes: 14
------------------------
Ant Elite #21
Valor objetivos: [12 12.2743282318115 35.9899291992188 1.9965683221817 104 30.0351753234863 44.1269569396973 1]
Valor verdad: [0.942471146583557 0.993766009807587 0.999596118927002 0.990632474422455 0.793440222740173 0.999480128288269 0.797366499900818 0.990742325782776]
Predicado: 0.925366497140844
Puntos de corte: [919 908 424 409 316 265 220 191 187 107 51 24]
Cortes: 12
------------------------
Ant Elite #22
Valor objetivos: [12 12.2743282318115 35.9899291992188 1.98375916481018 105 30.0351753234863 44.7629814147949 1]
Valor verdad: [0.942471146583557 0.993766009807587 0.999596118927002 0.990492820739746 0.816875457763672 0.999480128288269 0.772337913513184 0.990742325782776]
Predicado: 0.924979933443058
Puntos de corte: [908 716 469 422 409 387 380 338 316 220 191 86 51 24]
Cortes: 14
------------------------
Ant Elite #23
Valor objetivos: [12 12.2743282318115 35.9899291992188 1.98332190513611 105 30.0351753234863 44.806037902832 1]
Valor verdad: [0.942471146583557 0.993766009807587 0.999596118927002 0.990487992763519 0.816875457763672 0.999480128288269 0.770567178726196 0.990742325782776]
Predicado: 0.924676034844937
Puntos de corte: [716 422 338 316 311 220 191 187 173 107 95 83 51 24]
Cortes: 14
------------------------
Ant Elite #24
Valor objetivos: [12 12.2743282318115 34.7306900024414 1.99977695941925 106 30.621265411377 45.3565139770508 1]
Valor verdad: [0.942471146583557 0.993766009807587 0.99969756603241 0.990667104721069 0.838194131851196 0.999462425708771 0.747083127498627 0.990742325782776]
Predicado: 0.924025991332117
Puntos de corte: [931 716 703 682 422 316 291 231 229 220 191 187 176 107 83 53 24]
Cortes: 17
------------------------
Ant Elite #25
Valor objetivos: [12 12.2743282318115 35.9899291992188 1.97850811481476 108 30.0351753234863 46.0542373657227 1]
Valor verdad: [0.942471146583557 0.993766009807587 0.999596118927002 0.990434944629669 0.874781787395477 0.999480128288269 0.715117156505585 0.990742325782776]
Predicado: 0.923851302641411
Puntos de corte: [924 908 716 409 338 316 277 265 238 191 187 132 107 86 83 51 24]
Cortes: 17
------------------------
Ant Elite #26
Valor objetivos: [12 12.2743282318115 35.9899291992188 1.99482333660126 110 30.0351753234863 46.5423126220703 1]
Valor verdad: [0.942471146583557 0.993766009807587 0.999596118927002 0.990613579750061 0.904043316841125 0.999480128288269 0.691367864608765 0.990742325782776]
Predicado: 0.923760085255996
Puntos de corte: [716 422 415 409 380 338 316 265 220 204 191 187 107 95 83 51 24]
Cortes: 17
------------------------
Ant Elite #27
Valor objetivos: [12 12.2743282318115 35.9899291992188 1.98489737510681 106 30.0351753234863 45.3986701965332 1]
Valor verdad: [0.942471146583557 0.993766009807587 0.999596118927002 0.990505337715149 0.838194131851196 0.999480128288269 0.745220601558685 0.990742325782776]
Predicado: 0.923663942825308
Puntos de corte: [716 422 415 409 380 338 316 265 220 107 95 83 51 24]
Cortes: 14
------------------------
Ant Elite #28
Valor objetivos: [12 12.2743282318115 35.9899291992188 1.97878694534302 104 30.0351753234863 44.4784812927246 1]
Valor verdad: [0.942471146583557 0.993766009807587 0.999596118927002 0.990438044071198 0.793440222740173 0.999480128288269 0.783795118331909 0.990742325782776]
Predicado: 0.923074028967621
Puntos de corte: [927 687 338 316 294 220 191 187 107 83 51 24]
Cortes: 12
------------------------
Ant Elite #29
Valor objetivos: [12 12.2743282318115 35.9899291992188 2.00376915931702 105 30.0351753234863 45.0896072387695 1]
Valor verdad: [0.942471146583557 0.993766009807587 0.999596118927002 0.990628838539124 0.816875457763672 0.999480128288269 0.758664727210999 0.990742325782776]
Predicado: 0.922640727901655
Puntos de corte: [469 452 422 399 387 380 338 316 265 220 187 83 51 24]
Cortes: 14
------------------------
Ant Elite #30
Valor objetivos: [12 12.2743282318115 35.9899291992188 1.98106908798218 104 30.0351753234863 44.6131210327148 1]
Valor verdad: [0.942471146583557 0.993766009807587 0.999596118927002 0.990463197231293 0.793440222740173 0.999480128288269 0.778425693511963 0.990742325782776]
Predicado: 0.922171345094693
Puntos de corte: [908 716 469 380 338 316 307 220 187 107 83 51 24]
Cortes: 13
------------------------
Ant Elite #31
Valor objetivos: [12 12.2743282318115 35.9899291992188 1.98904502391815 103 30.0351753234863 43.9737854003906 1]
Valor verdad: [0.942471146583557 0.993766009807587 0.999596118927002 0.990550696849823 0.767858147621155 0.999480128288269 0.803077936172485 0.990742325782776]
Predicado: 0.921972885442773
Puntos de corte: [908 716 422 409 387 316 265 220 191 187 51 24]
Cortes: 12
------------------------
Ant Elite #32
Valor objetivos: [12 12.2743282318115 35.9899291992188 1.98566257953644 101 30.0351753234863 42.0943908691406 1]
Valor verdad: [0.942471146583557 0.993766009807587 0.999596118927002 0.990513682365417 0.710372149944305 0.999480128288269 0.863423585891724 0.990742325782776]
Predicado: 0.921261955267565
Puntos de corte: [716 422 415 409 380 338 316 265 227 191 187 107 95 83 51]
Cortes: 15
------------------------
Ant Elite #33
Valor objetivos: [12 12.2743282318115 35.9899291992188 2.10535359382629 104 30.0351753234863 44.7307472229004 1]
Valor verdad: [0.942471146583557 0.993766009807587 0.999596118927002 0.989462554454803 0.793440222740173 0.999480128288269 0.773657262325287 0.990742325782776]
Predicado: 0.92122918780982
Puntos de corte: [921 908 716 424 409 387 380 338 316 220 187 107 83 51 24]
Cortes: 15
------------------------
Ant Elite #34
Valor objetivos: [12 12.2743282318115 35.9899291992188 2.01145219802856 104 30.0351753234863 44.8033676147461 1]
Valor verdad: [0.942471146583557 0.993766009807587 0.999596118927002 0.990545272827148 0.793440222740173 0.999480128288269 0.770677328109741 0.990742325782776]
Predicado: 0.920865303600601
Puntos de corte: [908 716 692 422 380 338 316 265 191 187 86 83 51 24]
Cortes: 14
------------------------
Ant Elite #35
Valor objetivos: [12 12.2743282318115 35.9899291992188 2.04961538314819 103 30.0351753234863 44.1872596740723 1]
Valor verdad: [0.942471146583557 0.993766009807587 0.999596118927002 0.990119159221649 0.767858147621155 0.999480128288269 0.795084357261658 0.990742325782776]
Predicado: 0.920598946230156
Puntos de corte: [927 908 422 338 316 220 191 187 107 83 51 24]
Cortes: 12
------------------------
Ant Elite #36
Valor objetivos: [12 12.2743282318115 34.7306900024414 1.97855007648468 105 31.2716522216797 45.3599815368652 1]
Valor verdad: [0.942471146583557 0.993766009807587 0.99969756603241 0.990435421466827 0.816875457763672 0.999442100524902 0.746930301189423 0.990742325782776]
Predicado: 0.920571077670308
Puntos de corte: [931 716 422 338 316 291 265 229 220 191 187 176 78 53 24]
Cortes: 15
------------------------
Ant Elite #37
Valor objetivos: [12 12.2743282318115 35.9899291992188 1.98044669628143 112 30.0351753234863 47.2099647521973 1]
Valor verdad: [0.942471146583557 0.993766009807587 0.999596118927002 0.990456342697144 0.927037239074707 0.999480128288269 0.657188296318054 0.990742325782776]
Predicado: 0.920369032094633
Puntos de corte: [908 716 469 422 409 380 338 316 265 220 195 191 187 83 51 24]
Cortes: 16
------------------------
Ant Elite #38
Valor objetivos: [11 11.9958477020264 36.6765632629395 1.98088932037354 106 29.0065383911133 45.8502769470215 2]
Valor verdad: [0.976530194282532 0.994802117347717 0.999527156352997 0.990461230278015 0.838194131851196 0.999509751796722 0.724709331989288 0.95752090215683]
Predicado: 0.920297660006267
Puntos de corte: [716 422 338 316 265 191 187 95 83 69 51 50 24]
Cortes: 13
------------------------
Ant Elite #39
Valor objetivos: [12 12.2743282318115 35.9899291992188 1.98166167736053 104 30.0351753234863 44.9609527587891 1]
Valor verdad: [0.942471146583557 0.993766009807587 0.999596118927002 0.990469753742218 0.793440222740173 0.999480128288269 0.764116525650024 0.990742325782776]
Predicado: 0.91973127014014
Puntos de corte: [930 456 422 338 316 291 265 220 191 187 107 83 51 24]
Cortes: 14
------------------------
Ant Elite #40
Valor objetivos: [12 12.2743282318115 35.9899291992188 2.0125412940979 104 30.0351753234863 44.9997024536133 1]
Valor verdad: [0.942471146583557 0.993766009807587 0.999596118927002 0.990533351898193 0.793440222740173 0.999480128288269 0.762483477592468 0.990742325782776]
Predicado: 0.919458643018106
Puntos de corte: [908 469 387 378 338 316 265 107 86 51 24]
Cortes: 11
------------------------
Ant Elite #41
Valor objetivos: [12 12.2743282318115 35.9899291992188 1.99920284748077 106 30.0351753234863 45.9406967163086 1]
Valor verdad: [0.942471146583557 0.993766009807587 0.999596118927002 0.990660965442657 0.838194131851196 0.999480128288269 0.720481634140015 0.990742325782776]
Predicado: 0.919240552429445
Puntos de corte: [380 338 316 276 265 220 187 95 83 51 24]
Cortes: 11
------------------------
Ant Elite #42
Valor objetivos: [12 12.2743282318115 35.9899291992188 1.98647093772888 103 30.0351753234863 44.4763259887695 1]
Valor verdad: [0.942471146583557 0.993766009807587 0.999596118927002 0.990522563457489 0.767858147621155 0.999480128288269 0.783880233764648 0.990742325782776]
Predicado: 0.918787856856052
Puntos de corte: [924 908 716 409 338 316 191 187 107 83 51 24]
Cortes: 12
------------------------
Ant Elite #43
Valor objetivos: [12 12.2743282318115 34.7306900024414 2.00255441665649 104 30.621265411377 45.1164703369141 1]
Valor verdad: [0.942471146583557 0.993766009807587 0.99969756603241 0.990641951560974 0.793440222740173 0.999462425708771 0.757515609264374 0.990742325782776]
Predicado: 0.918625820986924
Puntos de corte: [931 716 422 338 316 291 265 244 229 220 191 187 176 83 53 24]
Cortes: 16
------------------------
Ant Elite #44
Valor objetivos: [12 12.2743282318115 35.9899291992188 2.01936483383179 104 30.0351753234863 45.1197509765625 1]
Valor verdad: [0.942471146583557 0.993766009807587 0.999596118927002 0.990458428859711 0.793440222740173 0.999480128288269 0.757375001907349 0.990742325782776]
Predicado: 0.918566154479644
Puntos de corte: [716 662 422 380 338 316 265 220 187 92 83 51 24]
Cortes: 13
------------------------
Ant Elite #45
Valor objetivos: [11 11.5017604827881 54.889331817627 1.9860053062439 105 30.9968147277832 45.2428703308105 2]
Valor verdad: [0.976530194282532 0.996236503124237 0.969873666763306 0.990517437458038 0.816875457763672 0.99945080280304 0.752058923244476 0.95752090215683]
Predicado: 0.918013302665124
Puntos de corte: [716 456 422 338 316 291 265 220 191 187 107 83 53 51 24]
Cortes: 15
------------------------
Ant Elite #46
Valor objetivos: [11 11.5017604827881 54.889331817627 1.97905242443085 105 30.9968147277832 45.2436752319336 2]
Valor verdad: [0.976530194282532 0.996236503124237 0.969873666763306 0.990440964698792 0.816875457763672 0.99945080280304 0.752023935317993 0.95752090215683]
Predicado: 0.917997076034971
Puntos de corte: [716 456 422 338 316 291 265 220 191 187 167 107 83 53 51 24]
Cortes: 16
------------------------
Ant Elite #47
Valor objetivos: [12 12.2743282318115 35.9899291992188 2.00446939468384 103 29.714183807373 44.6125755310059 1]
Valor verdad: [0.942471146583557 0.993766009807587 0.999596118927002 0.990621209144592 0.767858147621155 0.999489545822144 0.77844762802124 0.990742325782776]
Predicado: 0.917889784194722
Puntos de corte: [380 316 265 220 107 95 51 20]
Cortes: 8
------------------------
Ant Elite #48
Valor objetivos: [12 12.2743282318115 35.9899291992188 2.0100576877594 103 30.0351753234863 44.6344261169434 1]
Valor verdad: [0.942471146583557 0.993766009807587 0.999596118927002 0.990560472011566 0.767858147621155 0.999480128288269 0.777567327022552 0.990742325782776]
Predicado: 0.917732154361214
Puntos de corte: [716 469 387 380 338 316 187 107 86 51 24]
Cortes: 11
------------------------
Ant Elite #49
Valor objetivos: [12 12.2743282318115 35.9899291992188 1.98809576034546 100 30.0351753234863 41.5296897888184 1]
Valor verdad: [0.942471146583557 0.993766009807587 0.999596118927002 0.990540325641632 0.678668618202209 0.999480128288269 0.878226339817047 0.990742325782776]
Predicado: 0.917501665983967
Puntos de corte: [908 715 469 380 338 316 265 220 191 187 107 83 51]
Cortes: 13
------------------------
Ant Elite #50
Valor objetivos: [12 12.2743282318115 35.9899291992188 1.99977660179138 104 30.0351753234863 45.3583068847656 1]
Valor verdad: [0.942471146583557 0.993766009807587 0.999596118927002 0.990667104721069 0.793440222740173 0.999480128288269 0.747004091739655 0.990742325782776]
Predicado: 0.916786232500998
Puntos de corte: [716 712 422 380 316 265 191 182 107 95 83 64 51]
Cortes: 13
------------------------
Ant Elite #51
Valor objetivos: [12 12.2743282318115 35.9899291992188 2.00556325912476 103 30.0351753234863 44.9327392578125 1]
Valor verdad: [0.942471146583557 0.993766009807587 0.999596118927002 0.990609347820282 0.767858147621155 0.999480128288269 0.765300571918488 0.990742325782776]
Predicado: 0.915656205278778
Puntos de corte: [469 422 387 338 316 265 191 86 83 51 24]
Cortes: 11
------------------------
Ant Elite #52
Valor objetivos: [12 12.2743282318115 35.9899291992188 1.97736179828644 100 30.0351753234863 42.0396194458008 1]
Valor verdad: [0.942471146583557 0.993766009807587 0.999596118927002 0.990422308444977 0.678668618202209 0.999480128288269 0.864923179149628 0.990742325782776]
Predicado: 0.915487629317918
Puntos de corte: [908 716 469 424 422 387 380 338 316 220 191 107 83 70 51]
Cortes: 15
------------------------
Ant Elite #53
Valor objetivos: [12 12.2743282318115 35.9899291992188 1.98249983787537 100 30.0351753234863 42.0459938049316 1]
Valor verdad: [0.942471146583557 0.993766009807587 0.999596118927002 0.990478992462158 0.678668618202209 0.999480128288269 0.864749372005463 0.990742325782776]
Predicado: 0.91546883054491
Puntos de corte: [908 716 469 414 409 387 338 316 265 220 187 107 86 83 51]
Cortes: 15
------------------------
Ant Elite #54
Valor objetivos: [12 12.2743282318115 35.9899291992188 1.98150646686554 102 30.0351753234863 44.2496299743652 1]
Valor verdad: [0.942471146583557 0.993766009807587 0.999596118927002 0.99046802520752 0.740145444869995 0.999480128288269 0.792703866958618 0.990742325782776]
Predicado: 0.915431254350495
Puntos de corte: [927 338 316 220 218 191 187 107 83 51 24]
Cortes: 11
------------------------
Ant Elite #55
Valor objetivos: [12 12.2743282318115 35.9899291992188 1.98614823818207 103 30.0351753234863 44.9718818664551 1]
Valor verdad: [0.942471146583557 0.993766009807587 0.999596118927002 0.990519046783447 0.767858147621155 0.999480128288269 0.763656675815582 0.990742325782776]
Predicado: 0.915363044531936
Puntos de corte: [415 338 316 265 187 107 95 83 51 24]
Cortes: 10
------------------------
Ant Elite #56
Valor objetivos: [12 12.2743282318115 35.9899291992188 1.98443746566772 102 30.0351753234863 44.2803611755371 1]
Valor verdad: [0.942471146583557 0.993766009807587 0.999596118927002 0.990500271320343 0.740145444869995 0.999480128288269 0.791523516178131 0.990742325782776]
Predicado: 0.915240658867821
Puntos de corte: [716 422 380 338 316 287 220 187 107 51 24]
Cortes: 11
------------------------
Ant Elite #57
Valor objetivos: [12 12.8081960678101 31.2696933746338 2.11470699310303 104 29.1402931213379 45.5185356140137 1]
Valor verdad: [0.942471146583557 0.991172611713409 0.99986344575882 0.989348173141479 0.793440222740173 0.999505996704102 0.739875793457031 0.990742325782776]
Predicado: 0.915053786216266
Puntos de corte: [908 469 422 338 316 265 220 187 41 24]
Cortes: 10
------------------------
Ant Elite #58
Valor objetivos: [12 12.2743282318115 35.9899291992188 1.98248314857483 106 30.0351753234863 46.4247627258301 1]
Valor verdad: [0.942471146583557 0.993766009807587 0.999596118927002 0.990478813648224 0.838194131851196 0.999480128288269 0.697187662124634 0.990742325782776]
Predicado: 0.914910758946818
Puntos de corte: [422 409 380 338 316 265 107 83 66 51 24]
Cortes: 11
------------------------
Ant Elite #59
Valor objetivos: [12 12.2743282318115 35.9899291992188 1.97756493091583 104 30.0351753234863 45.6173057556152 1]
Valor verdad: [0.942471146583557 0.993766009807587 0.999596118927002 0.990424573421478 0.793440222740173 0.999480128288269 0.735417366027832 0.990742325782776]
Predicado: 0.91470914419033
Puntos de corte: [422 316 291 265 245 220 191 187 107 83 51 24]
Cortes: 12
------------------------
Ant Elite #60
Valor objetivos: [13 12.9181337356567 30.7323570251465 1.9973555803299 109 29.75341796875 45.5240669250488 0]
Valor verdad: [0.865779459476471 0.990518271923065 0.99987930059433 0.990640997886658 0.890264749526978 0.999488413333893 0.739627480506897 0.95752090215683]
Predicado: 0.914592030112776
Puntos de corte: [908 716 469 422 409 387 338 316 265 191 187 107 24]
Cortes: 13
------------------------
Ant Elite #61
Valor objetivos: [13 12.9181337356567 30.7323570251465 1.98238408565521 110 29.75341796875 45.7690162658691 0]
Valor verdad: [0.865779459476471 0.990518271923065 0.99987930059433 0.990477681159973 0.904043316841125 0.999488413333893 0.728474676609039 0.95752090215683]
Predicado: 0.914591993829101
Puntos de corte: [716 469 424 409 338 316 265 220 191 187 107 93 86 83 24]
Cortes: 15
------------------------
Ant Elite #62
Valor objetivos: [12 12.2743282318115 34.7306900024414 2.00742197036743 106 30.621265411377 46.4688491821289 1]
Valor verdad: [0.942471146583557 0.993766009807587 0.99969756603241 0.990589201450348 0.838194131851196 0.999462425708771 0.695012271404266 0.990742325782776]
Predicado: 0.914527896468571
Puntos de corte: [456 422 338 316 291 265 191 167 107 83 68 53 24]
Cortes: 13
------------------------
Ant Elite #63
Valor objetivos: [12 12.2743282318115 34.7306900024414 1.97997617721558 102 30.621265411377 44.4225425720215 1]
Valor verdad: [0.942471146583557 0.993766009807587 0.99969756603241 0.990451157093048 0.740145444869995 0.999462425708771 0.785997986793518 0.990742325782776]
Predicado: 0.914329640853834
Puntos de corte: [931 718 716 422 338 316 286 265 253 220 200 187 176 95 81 70 53]
Cortes: 17
------------------------
Ant Elite #64
Valor objetivos: [12 12.2743282318115 35.9899291992188 2.01358485221863 102 30.0351753234863 44.4641761779785 1]
Valor verdad: [0.942471146583557 0.993766009807587 0.999596118927002 0.990521967411041 0.740145444869995 0.999480128288269 0.784359991550446 0.990742325782776]
Predicado: 0.914055588921653
Puntos de corte: [927 716 387 338 316 191 107 83 51 24]
Cortes: 10
------------------------
Ant Elite #65
Valor objetivos: [12 12.2743282318115 35.9899291992188 2.01172685623169 104 30.0351753234863 45.7464141845703 1]
Valor verdad: [0.942471146583557 0.993766009807587 0.999596118927002 0.990542232990265 0.793440222740173 0.999480128288269 0.729516208171844 0.990742325782776]
Predicado: 0.913672477123662
Puntos de corte: [716 415 380 338 316 302 234 187 95 83 71 51 24]
Cortes: 13
------------------------
Ant Elite #66
Valor objetivos: [12 12.2743282318115 35.9899291992188 2.00726890563965 102 30.0351753234863 44.5630378723145 1]
Valor verdad: [0.942471146583557 0.993766009807587 0.999596118927002 0.990590870380402 0.740145444869995 0.999480128288269 0.78043407201767 0.990742325782776]
Predicado: 0.913409676504601
Puntos de corte: [908 716 422 409 387 338 316 220 107 86 83 51 24]
Cortes: 13
------------------------
Ant Elite #67
Valor objetivos: [12 12.2743282318115 35.9899291992188 1.99713265895844 102 30.0351753234863 44.6077041625977 1]
Valor verdad: [0.942471146583557 0.993766009807587 0.999596118927002 0.990638554096222 0.740145444869995 0.999480128288269 0.778643548488617 0.990742325782776]
Predicado: 0.913116288608135
Puntos de corte: [711 424 422 380 338 316 265 187 107 86 83 51 24]
Cortes: 13
------------------------
Ant Elite #68
Valor objetivos: [12 12.2743282318115 33.0699119567871 2.00733065605164 103 27.4449882507324 45.3020210266113 1]
Valor verdad: [0.942471146583557 0.993766009807587 0.999793469905853 0.990590155124664 0.767858147621155 0.99955153465271 0.74947726726532 0.990742325782776]
Predicado: 0.912959887044992
Puntos de corte: [908 422 409 338 316 220 191 19]
Cortes: 8
------------------------
Ant Elite #69
Valor objetivos: [12 12.2743282318115 35.9899291992188 1.94376492500305 103 30.0351753234863 45.2938499450684 1]
Valor verdad: [0.942471146583557 0.993766009807587 0.999596118927002 0.99004340171814 0.767858147621155 0.999480128288269 0.749834895133972 0.990742325782776]
Predicado: 0.912915036281867
Puntos de corte: [716 422 387 380 361 338 316 265 233 220 173 73 51 24]
Cortes: 14
------------------------
Ant Elite #70
Valor objetivos: [12 12.2743282318115 35.9899291992188 1.98250865936279 103 30.0351753234863 45.3685760498047 1]
Valor verdad: [0.942471146583557 0.993766009807587 0.999596118927002 0.990479052066803 0.767858147621155 0.999480128288269 0.746551096439362 0.990742325782776]
Predicado: 0.912400161156936
Puntos de corte: [422 407 338 316 265 256 220 95 83 51 24]
Cortes: 11
------------------------
Ant Elite #71
Valor objetivos: [13 12.9181337356567 30.7323570251465 1.99034082889557 108 29.75341796875 45.5108833312988 0]
Valor verdad: [0.865779459476471 0.990518271923065 0.99987930059433 0.990564823150635 0.874781787395477 0.999488413333893 0.740219175815582 0.95752090215683]
Predicado: 0.912396819679871
Puntos de corte: [908 716 696 469 409 387 380 338 316 265 220 191 86 83 24]
Cortes: 15
------------------------
Ant Elite #72
Valor objetivos: [13 12.9181337356567 30.7323570251465 2.00297975540161 107 29.75341796875 45.2023811340332 0]
Valor verdad: [0.865779459476471 0.990518271923065 0.99987930059433 0.990637362003326 0.857464015483856 0.999488413333893 0.753815770149231 0.95752090215683]
Predicado: 0.912172612287959
Puntos de corte: [908 716 422 409 387 338 316 265 220 191 187 102 24]
Cortes: 13
------------------------
Ant Elite #73
Valor objetivos: [12 12.2743282318115 35.9899291992188 1.97926700115204 103 30.0351753234863 45.4180717468262 1]
Valor verdad: [0.942471146583557 0.993766009807587 0.999596118927002 0.990443348884583 0.767858147621155 0.999480128288269 0.744360387325287 0.990742325782776]
Predicado: 0.91201249946315
Puntos de corte: [456 422 338 316 291 264 224 220 187 107 83 51 24]
Cortes: 13
------------------------
Ant Elite #74
Valor objetivos: [12 12.2743282318115 35.9899291992188 1.97888422012329 102 30.0351753234863 44.811336517334 1]
Valor verdad: [0.942471146583557 0.993766009807587 0.999596118927002 0.990439116954803 0.740145444869995 0.999480128288269 0.77034866809845 0.990742325782776]
Predicado: 0.911694047439517
Puntos de corte: [456 422 338 316 291 265 220 187 167 107 83 51 24]
Cortes: 13
------------------------
Ant Elite #75
Valor objetivos: [12 12.2743282318115 35.9899291992188 1.9820898771286 103 29.714183807373 45.4916000366211 1]
Valor verdad: [0.942471146583557 0.993766009807587 0.999596118927002 0.990474462509155 0.767858147621155 0.999489545822144 0.741083145141602 0.990742325782776]
Predicado: 0.911443106228819
Puntos de corte: [422 338 316 291 265 220 191 167 51 20]
Cortes: 10
------------------------
Ant Elite #76
Valor objetivos: [13 12.9181337356567 30.7323570251465 1.99799871444702 105 29.75341796875 44.4061508178711 0]
Valor verdad: [0.865779459476471 0.990518271923065 0.99987930059433 0.990647912025452 0.816875457763672 0.999488413333893 0.786640405654907 0.95752090215683]
Predicado: 0.911409483005709
Puntos de corte: [716 422 380 316 265 228 220 191 187 107 95 83 23]
Cortes: 13
------------------------
Ant Elite #77
Valor objetivos: [12 12.2743282318115 35.9899291992188 1.97836542129517 103 30.0351753234863 45.4999694824219 1]
Valor verdad: [0.942471146583557 0.993766009807587 0.999596118927002 0.990433394908905 0.767858147621155 0.999480128288269 0.740708470344543 0.990742325782776]
Predicado: 0.911370637544257
Puntos de corte: [689 456 422 338 316 291 265 220 187 167 107 83 51 24]
Cortes: 14
------------------------
Ant Elite #78
Valor objetivos: [12 12.2743282318115 35.9899291992188 1.98194074630737 101 30.0351753234863 44.1047134399414 1]
Valor verdad: [0.942471146583557 0.993766009807587 0.999596118927002 0.990472853183746 0.710372149944305 0.999480128288269 0.798203527927399 0.990742325782776]
Predicado: 0.910977570789571
Puntos de corte: [927 403 338 316 191 187 107 83 51 24]
Cortes: 10
------------------------
Ant Elite #79
Valor objetivos: [13 12.9181337356567 30.7323570251465 2.01044416427612 106 29.8575782775879 45.025074005127 0]
Valor verdad: [0.865779459476471 0.990518271923065 0.99987930059433 0.990556240081787 0.838194131851196 0.999485373497009 0.761410057544708 0.95752090215683]
Predicado: 0.910507417374098
Puntos de corte: [908 716 469 422 409 380 338 316 297 265 220 187 86 83 54 24]
Cortes: 16
------------------------
Ant Elite #80
Valor objetivos: [12 12.2743282318115 35.9899291992188 2.00125479698181 102 30.0351753234863 44.9928398132324 1]
Valor verdad: [0.942471146583557 0.993766009807587 0.999596118927002 0.990656018257141 0.740145444869995 0.999480128288269 0.762773275375366 0.990742325782776]
Predicado: 0.910436332719431
Puntos de corte: [422 380 316 310 265 246 220 182 107 83 51 24]
Cortes: 12
------------------------
Ant Elite #81
Valor objetivos: [12 12.2743282318115 35.9899291992188 1.97650098800659 100 30.0351753234863 43.1401176452637 1]
Valor verdad: [0.942471146583557 0.993766009807587 0.999596118927002 0.990412771701813 0.678668618202209 0.999480128288269 0.832032442092896 0.990742325782776]
Predicado: 0.910429995357035
Puntos de corte: [908 716 424 422 387 338 316 265 220 203 191 107 86 83 51]
Cortes: 15
------------------------
Ant Elite #82
Valor objetivos: [12 12.2743282318115 35.9899291992188 1.98419547080994 102 30.0351753234863 45.0073890686035 1]
Valor verdad: [0.942471146583557 0.993766009807587 0.999596118927002 0.990497589111328 0.740145444869995 0.999480128288269 0.762158632278442 0.990742325782776]
Predicado: 0.910310693163289
Puntos de corte: [456 422 338 316 291 265 220 187 107 83 74 51 24]
Cortes: 13
------------------------
Ant Elite #83
Valor objetivos: [11 11.5017604827881 36.389289855957 1.98008930683136 106 31.3707160949707 46.9587860107422 2]
Valor verdad: [0.976530194282532 0.996236503124237 0.999557316303253 0.990452408790588 0.838194131851196 0.999438941478729 0.670263648033142 0.95752090215683]
Predicado: 0.91026779779236
Puntos de corte: [908 654 380 378 338 316 265 220 201 107 86 77 51 24]
Cortes: 14
------------------------
Ant Elite #84
Valor objetivos: [12 12.2743282318115 35.9899291992188 1.98386931419373 101 30.0351753234863 44.2443237304688 1]
Valor verdad: [0.942471146583557 0.993766009807587 0.999596118927002 0.990494012832642 0.710372149944305 0.999480128288269 0.792907238006592 0.990742325782776]
Predicado: 0.910114371875399
Puntos de corte: [908 716 338 316 230 220 215 187 107 51 24]
Cortes: 11
------------------------
Ant Elite #85
Valor objetivos: [12 12.2743282318115 30.8922080993652 1.98035633563995 113 30.9683399200439 48.2420196533203 1]
Valor verdad: [0.942471146583557 0.993766009807587 0.999874770641327 0.990455389022827 0.936527788639069 0.999451696872711 0.601101636886597 0.990742325782776]
Predicado: 0.910070074406933
Puntos de corte: [908 716 422 409 380 338 316 298 220 107 77 24]
Cortes: 12
------------------------
Ant Elite #86
Valor objetivos: [12 12.2743282318115 35.9899291992188 1.98571598529816 101 30.0351753234863 44.283561706543 1]
Valor verdad: [0.942471146583557 0.993766009807587 0.999596118927002 0.990514278411865 0.710372149944305 0.999480128288269 0.79140031337738 0.990742325782776]
Predicado: 0.909869732997661
Puntos de corte: [687 338 316 220 187 107 100 51 24]
Cortes: 9
------------------------
Ant Elite #87
Valor objetivos: [13 12.9181337356567 30.7323570251465 1.98206651210785 106 29.75341796875 45.1505966186523 0]
Valor verdad: [0.865779459476471 0.990518271923065 0.99987930059433 0.990474224090576 0.838194131851196 0.999488413333893 0.75605046749115 0.95752090215683]
Predicado: 0.909578694699808
Puntos de corte: [469 424 409 387 338 316 265 220 187 107 24]
Cortes: 11
------------------------
Ant Elite #88
Valor objetivos: [12 12.2743282318115 34.7306900024414 1.97772216796875 102 30.621265411377 45.1224975585938 1]
Valor verdad: [0.942471146583557 0.993766009807587 0.99969756603241 0.990426301956177 0.740145444869995 0.999462425708771 0.757257223129272 0.990742325782776]
Predicado: 0.909473601933849
Puntos de corte: [931 716 422 338 316 302 229 220 191 176 53 24]
Cortes: 12
------------------------
Ant Elite #89
Valor objetivos: [11 11.5017604827881 38.4329528808594 1.97898805141449 99 28.8910808563232 42.0291175842285 2]
Valor verdad: [0.976530194282532 0.996236503124237 0.999292254447937 0.990440249443054 0.645227909088135 0.99951297044754 0.865209102630615 0.95752090215683]
Predicado: 0.909416513052377
Puntos de corte: [908 716 469 387 380 338 316 265 220 107 84 83 51]
Cortes: 13
------------------------
Ant Elite #90
Valor objetivos: [12 12.2743282318115 35.9899291992188 2.04915261268616 101 30.0351753234863 44.3619651794434 1]
Valor verdad: [0.942471146583557 0.993766009807587 0.999596118927002 0.990124464035034 0.710372149944305 0.999480128288269 0.788365125656128 0.990742325782776]
Predicado: 0.909319271126957
Puntos de corte: [422 399 387 338 316 220 191 187 165 86 51 24]
Cortes: 12
------------------------
Ant Elite #91
Valor objetivos: [13 12.9181337356567 30.7323570251465 1.99735927581787 104 29.75341796875 44.1455764770508 0]
Valor verdad: [0.865779459476471 0.990518271923065 0.99987930059433 0.990640997886658 0.793440222740173 0.999488413333893 0.796663880348206 0.95752090215683]
Predicado: 0.909269693321777
Puntos de corte: [908 716 469 424 387 316 265 191 107 83 24]
Cortes: 11
------------------------
Ant Elite #92
Valor objetivos: [12 12.2743282318115 34.7306900024414 1.98101758956909 104 30.621265411377 46.2790184020996 1]
Valor verdad: [0.942471146583557 0.993766009807587 0.99969756603241 0.99046266078949 0.793440222740173 0.999462425708771 0.704316258430481 0.990742325782776]
Predicado: 0.909095949549244
Puntos de corte: [931 338 316 250 229 191 176 117 53 24]
Cortes: 10
------------------------
Ant Elite #93
Valor objetivos: [11 11.5017604827881 54.889331817627 2.00394463539124 102 30.9968147277832 44.7067451477051 2]
Valor verdad: [0.976530194282532 0.996236503124237 0.969873666763306 0.990626931190491 0.740145444869995 0.99945080280304 0.774636149406433 0.95752090215683]
Predicado: 0.909015177065319
Puntos de corte: [716 456 422 338 316 291 220 215 191 187 167 107 83 53 51 24]
Cortes: 16
------------------------
Ant Elite #94
Valor objetivos: [12 12.2743282318115 35.9899291992188 2.00938367843628 103 30.0351753234863 45.7998695373535 1]
Valor verdad: [0.942471146583557 0.993766009807587 0.999596118927002 0.990567803382874 0.767858147621155 0.999480128288269 0.727048873901367 0.990742325782776]
Predicado: 0.908968088155591
Puntos de corte: [434 422 387 338 316 265 220 187 107 51 24]
Cortes: 11
------------------------
Ant Elite #95
Valor objetivos: [12 12.2743282318115 35.9899291992188 1.97642707824707 102 30.0351753234863 45.2209053039551 1]
Valor verdad: [0.942471146583557 0.993766009807587 0.999596118927002 0.990411937236786 0.740145444869995 0.999480128288269 0.753013014793396 0.990742325782776]
Predicado: 0.90873089769726
Puntos de corte: [908 469 409 338 316 265 64 51]
Cortes: 8
------------------------
Ant Elite #96
Valor objetivos: [12 12.2743282318115 33.0699119567871 1.97827589511871 102 27.4473133087158 45.2445259094238 1]
Valor verdad: [0.942471146583557 0.993766009807587 0.999793469905853 0.990432381629944 0.740145444869995 0.999551475048065 0.751986861228943 0.990742325782776]
Predicado: 0.908591453918396
Puntos de corte: [316 265 220 88 86 19]
Cortes: 6
------------------------
Ant Elite #97
Valor objetivos: [11 11.5017604827881 38.4329528808594 1.9881443977356 99 28.8910808563232 42.2375602722168 2]
Valor verdad: [0.976530194282532 0.996236503124237 0.999292254447937 0.990540862083435 0.645227909088135 0.99951297044754 0.859437584877014 0.95752090215683]
Predicado: 0.90856057937079
Puntos de corte: [716 684 409 380 338 316 265 191 187 107 84 51]
Cortes: 12
------------------------
Ant Elite #98
Valor objetivos: [12 12.2743282318115 35.9899291992188 1.94628417491913 99 30.0351753234863 42.1776466369629 1]
Valor verdad: [0.942471146583557 0.993766009807587 0.999596118927002 0.990072309970856 0.645227909088135 0.999480128288269 0.861117362976074 0.990742325782776]
Predicado: 0.908284717513429
Puntos de corte: [716 692 422 380 359 338 316 265 220 191 187 95 83 51]
Cortes: 14
------------------------
Ant Elite #99
Valor objetivos: [12 12.2743282318115 35.9899291992188 1.98735880851746 100 30.0351753234863 43.5766105651855 1]
Valor verdad: [0.942471146583557 0.993766009807587 0.999596118927002 0.990532279014587 0.678668618202209 0.999480128288269 0.817318797111511 0.990742325782776]
Predicado: 0.908128020022989
Puntos de corte: [716 422 316 220 191 107 95 83 51 24]
Cortes: 10
------------------------
Ant Elite #100
Valor objetivos: [13 12.9181337356567 30.7323570251465 1.97766089439392 106 29.75341796875 45.371711730957 0]
Valor verdad: [0.865779459476471 0.990518271923065 0.99987930059433 0.990425586700439 0.838194131851196 0.999488413333893 0.746412754058838 0.95752090215683]
Predicado: 0.907906803317277
Puntos de corte: [702 422 338 316 291 265 250 220 191 107 83 24]
Cortes: 12
------------------------

--- PRIMER PREDICADO ---
0.860026188578373

--- MEJOR PREDICADO ---
[0.933612205933832 0 0 0 0 0]

--- OBJETIVOS CON PRIORIDAD ---
Prioridad: [1 0 0 1 1 0 1 1]
Max Prioridad: []

--- OBJETIVOS NOGAL INICIAL ---
Objetivos NI: [13 12.9181337356567 30.7323570251465 2.18793320655823 0 29.75341796875 0 0]

--- METAS ---
Primarias: [10 5 3]
Vertical: [0 20 35]
Helicoidal: [0 70 110]
LAI: [2 6 8]
Tercio ramas: [127 95 0]
Apertura: [0 162.5 325]
Volumen: [30 10 0]
Primarias podadas: [1 4 6]

--- TIEMPO TOTAL ---
651.7 segundos
