radius (m)	length (m)	start_point	axis_direction	parent	extension	branch	branch_order	position_in_branch	mad	SurfCov	added	UnmodRadius (m)	Rama_podada
0.051	0.1908	-0.2741	0.3417	-2.4786	0.0648	-0.0591	0.9961	0	2	1	0	1	0.0102	0.7273	0	0.051	0
0.0482	0.1358	-0.2741	0.3537	-2.2824	0.1713	-0.1624	0.9717	1	3	1	0	2	0.0066	0.8	0	0.0482	0
0.0563	0.1769	-0.2628	0.3428	-2.1456	0.158	-0.2497	0.9554	2	4	1	0	3	0.0089	0.7262	0	0.0563	0
0.0535	0.1177	-0.2573	0.3072	-1.9725	0.1552	-0.0666	0.9856	3	5	1	0	4	0.0078	0.8125	0	0.0535	0
0.0489	0.1881	-0.2446	0.2729	-1.8551	-0.1504	0.0827	0.9852	4	6	1	0	5	0.0079	0.7532	0	0.0489	0
0.0451	0.1345	-0.2804	0.2738	-1.6679	0.0606	0.0991	0.9932	5	7	1	0	6	0.0073	0.78	0	0.0451	0
0.0481	0.1181	-0.2612	0.2676	-1.5307	-0.2133	0.0612	0.9751	6	8	1	0	7	0.0075	0.8182	0	0.0481	0
0.0476	0.125	-0.2702	0.282	-1.4107	-0.3423	0.1368	0.9296	7	9	1	0	8	0.0076	0.8	0	0.0476	0
0.0487	0.1033	-0.2914	0.2833	-1.2834	-0.3507	0.1679	0.9213	8	10	1	0	9	0.0072	0.8409	0	0.0487	0
0.0481	0.0799	-0.3199	0.29	-1.1867	-0.1628	0.0201	0.9865	9	11	1	0	10	0.007	0.9091	0	0.0481	0
0.0501	0.1167	-0.3505	0.3124	-1.1006	0.209	-0.1605	0.9646	10	12	1	0	11	0.0087	0.7091	0	0.0501	0
0.0511	0.1033	-0.3406	0.3063	-0.9893	0.0032	0.1044	0.9945	11	13	1	0	12	0.0088	0.8182	0	0.0511	0
0.0498	0.1463	-0.3477	0.3308	-0.8809	0.0672	-0.3535	0.933	12	14	1	0	13	0.0084	0.7424	0	0.0498	0
0.0535	0.1442	-0.3505	0.3001	-0.7459	0.0653	0.1082	0.992	13	15	1	0	14	0.0098	0.8667	0	0.0535	0
0.0509	0.1433	-0.3328	0.3595	-0.5846	0.1116	-0.3993	0.91	14	16	1	0	15	0.0088	0.7727	0	0.0509	0
0.0565	0.3042	-0.3089	0.3174	-0.4453	-0.0144	-0.5023	0.8646	15	17	1	0	16	0.0112	0.697	0	0.0562	0
0.0622	0.0995	-0.224	0.2556	-0.1125	0.0398	-0.6317	0.7742	16	18	1	0	17	0.0082	0.7857	0	0.0622	0
0.0647	0.0994	-0.242	0.1392	-0.0257	0.5958	-0.0976	0.7972	17	19	1	0	18	0.0097	0.75	0	0.0647	0
0.0593	0.293	-0.2704	0.1901	0.0182	-0.0047	0.4985	0.8669	18	20	1	0	19	0.0269	0.4167	0	0.0964	0
0.0685	0.2657	-0.1564	0.1264	0.176	0.3217	-0.2427	0.9152	19	21	1	0	20	0.0856	0.6319	0	0.1439	0
0.0612	0.1727	-0.273	0.1727	0.2448	-0.3855	0.5088	0.7697	20	22	1	0	21	0.0284	0.4816	0	0.0755	0
0.0566	0.5773	-0.3001	0.17	0.398	-0.6644	-0.124	0.737	21	23	1	0	22	0.0438	0.3514	0	0.0662	0
0.0495	0.1598	-0.4108	0.4098	0.6807	-0.2697	0.5865	0.7637	22	24	1	0	23	0.0085	0.4394	0	0.0523	0
0.045	0.0837	-0.5562	0.2301	0.6655	-0.8064	0.0048	0.5913	23	25	1	0	24	0.0057	0.3333	0	0.0461	0
0.0343	0.039	-0.3831	0.2498	0.5894	0.4665	-0.0835	0.8806	24	26	1	0	25	0.0037	0.375	0	0.0343	0
0.0322	0.1749	-0.37	0.2428	0.6246	0.1805	-0.0356	0.9829	25	27	1	0	26	0.0037	0.475	0	0.0273	0
0.0323	0.0771	-0.3596	0.2393	0.7889	-0.3522	-0.211	0.9118	26	28	1	0	27	0.0039	0.5833	0	0.0323	0
0.0347	0.1354	-0.3409	0.2422	0.8744	-0.2359	-0.1894	0.9531	27	29	1	0	28	0.0045	0.525	0	0.0347	0
0.0414	0.0983	-0.4075	0.2175	1.0071	0.1027	-0.084	0.9912	28	30	1	0	29	0.0041	0.25	0	0.0426	0
0.0298	0.0363	-0.3948	0.2401	1.0861	-0.4046	0.4923	0.7706	29	31	1	0	30	0.0102	0.2625	0	0.0217	0
0.0399	0.0829	-0.4319	0.3024	1.138	0.0877	-0.4375	0.8949	30	32	1	0	31	0.004	0.2963	0	0.0416	0
0.0285	0.0905	-0.4158	0.2514	1.2033	0.7025	-0.0082	0.7116	31	33	1	0	32	0.004	0.3333	0	0.0249	0
0.0378	0.2851	-0.3851	0.2816	1.2742	0.1966	0.005	0.9805	32	34	1	0	33	0.0197	0.049	0	0.0521	0
0.0273	0.0108	-0.3806	0.269	1.5429	-0.2498	0.1811	0.9512	33	35	1	0	34	0.0052	0.0583	0	0.01	0
0.0273	0.0445	-0.3753	0.3116	1.5512	0.9559	-0.1759	0.2354	34	0	1	0	35	0.0051	0.1	0	0.01	0
0.0323	0.1941	-0.3459	0.3617	-0.675	-0.0252	0.9355	-0.3525	14	37	2	1	1	0.0084	0.375	1	0.0323	0
0.0323	0.1452	-0.3508	0.5433	-0.7434	0.7041	-0.0774	0.7059	36	0	2	1	2	0.0084	0.375	0	0.0323	0
0.0256	0.1501	-0.3658	0.2757	-0.3521	-0.9792	0.1269	0.1581	16	39	6	1	1	0.0079	0.4167	1	0.0256	0
0.0256	0.0884	-0.5128	0.2947	-0.3283	-0.5212	-0.8254	-0.217	38	40	6	1	2	0.0079	0.4167	0	0.0256	0
0.0256	0.1002	-0.5671	0.2254	-0.3486	-0.4196	-0.8741	0.2446	39	41	6	1	3	0.0026	0.2917	0	0.0209	0
0.0256	0.0278	-0.6198	0.12	-0.3296	0.8637	-0.5026	-0.039	40	0	6	1	4	0.0125	0.175	0	0.01	0
0.0441	0.4057	-0.2861	0.3556	-0.4863	0.7121	0.5659	0.4156	15	43	12	1	1	0.0075	0.7	1	0.0441	1
0.0441	0.122	0.0028	0.5851	-0.3178	0.9657	0.1166	0.2322	42	44	12	1	2	0.0075	0.7	0	0.0441	1
0.0472	0.1116	0.1178	0.6108	-0.2928	0.9134	0.3035	0.2713	43	45	12	1	3	0.008	0.75	0	0.0472	1
0.0453	0.1204	0.2261	0.6922	-0.2802	0.962	-0.0284	0.2715	44	46	12	1	4	0.0205	0.5143	0	0.0552	1
0.0433	0.0718	0.3558	0.6589	-0.2281	0.7586	0.5635	0.327	45	47	12	1	5	0.0064	0.7667	0	0.0433	1
0.0454	0.0987	0.4072	0.7163	-0.2109	0.8673	0.3036	0.3946	46	48	12	1	6	0.0074	0.725	0	0.0454	1
0.0481	0.1785	0.5197	0.7274	-0.1875	0.6686	0.4903	0.559	47	49	12	1	7	0.0078	0.6515	0	0.0483	1
0.0476	0.1289	0.6398	0.852	-0.0827	0.9148	-0.0737	0.3972	48	50	12	1	8	0.0068	0.5455	0	0.049	1
0.0469	0.0797	0.7249	0.8768	-0.0124	0.762	0.6146	0.2037	49	51	12	1	9	0.0063	0.5152	0	0.0478	1
0.0384	0.2098	0.7881	0.9143	-0.0477	0.8863	0.4591	-0.0613	50	52	12	1	10	0.0071	0.5079	0	0.0384	1
0.039	0.0977	0.9757	1.0046	-0.0132	0.9109	0.4121	0.0211	51	53	12	1	11	0.005	0.5833	0	0.039	1
0.0414	0.1089	1.0748	1.0568	-0.0245	0.4706	0.4474	0.7605	52	54	12	1	12	0.0058	0.6	0	0.0414	1
0.0386	0.0828	1.1513	1.1172	0.0121	0.6136	0.6184	0.491	53	55	12	1	13	0.0052	0.7037	0	0.0386	1
0.038	0.0954	1.2002	1.1616	0.0598	0.792	0.3222	0.5186	54	56	12	1	14	0.0066	0.5313	0	0.038	1
0.0338	0.1574	1.2751	1.1945	0.1067	0.8482	0.4834	0.2164	55	57	12	1	15	0.006	0.5	0	0.0338	1
0.0338	0.0775	1.377	1.2493	0.1469	0.0835	0.1566	0.9841	56	58	12	1	16	0.0036	0.2917	0	0.033	1
0.0338	0.1095	1.4006	1.2472	0.2241	0.4668	0.6067	0.6435	57	59	12	1	17	0.0093	0.2	0	0.0239	1
0.0357	0.1123	1.4158	1.3651	0.283	0.7534	0.5907	0.2889	58	60	12	1	18	0.0037	0.2188	0	0.0363	1
0.0338	0.1254	1.5021	1.4368	0.3046	0.6984	0.5917	0.4026	59	0	12	1	19	0.0078	0.0909	0	0.01	1
0.0438	0.2906	-0.3636	0.1808	-0.2572	-0.8968	-0.2766	-0.3452	16	62	16	1	1	0.0089	0.2955	1	0.0512	0
0.0406	0.1064	-0.6158	0.1016	-0.3627	0.3442	-0.8641	0.3671	61	63	16	1	2	0.0111	0.1923	0	0.0512	0
0.0257	0.0676	-0.6045	0.0163	-0.3717	-0.6271	-0.745	0.2273	62	64	16	1	3	0.0028	0.25	0	0.0227	0
0.022	0.0573	-0.6572	-0.0494	-0.3691	0.7645	-0.6297	0.138	63	0	16	1	4	0.0063	0.2188	0	0.022	0
0.0341	0.3442	-0.3543	0.2043	-0.1788	-0.7043	-0.6084	-0.3658	16	66	19	1	1	0.0102	0.0707	0	0.0429	0
0.0219	0.1617	-0.5939	-0.0082	-0.2881	-0.4196	-0.9029	-0.0937	65	67	19	1	2	0.0021	0.175	0	0.0177	0
0.0226	0.1374	-0.681	-0.144	-0.2897	-0.4595	-0.888	0.0163	66	68	19	1	3	0.0023	0.175	0	0.0226	0
0.0218	0.1388	-0.7449	-0.2653	-0.2857	-0.4321	-0.8835	0.1809	67	69	19	1	4	0.0024	0.175	0	0.0208	0
0.0276	0.0962	-0.7958	-0.3943	-0.2626	-0.4797	-0.7955	0.3703	68	70	19	1	5	0.0028	0.3333	0	0.0276	0
0.0216	0.0823	-0.8487	-0.4656	-0.2224	-0.4542	-0.8382	0.3018	69	71	19	1	6	0.003	0.3333	0	0.02	0
0.0216	0.0946	-0.8879	-0.5365	-0.2033	-0.4567	-0.7895	0.4101	70	72	19	1	7	0.0027	0.2813	0	0.0215	0
0.0283	0.1006	-0.9374	-0.609	-0.161	-0.4024	-0.9045	-0.1413	71	73	19	1	8	0.0031	0.3438	0	0.0283	0
0.0223	0.1457	-0.9586	-0.6835	-0.1383	-0.5082	-0.6554	0.5588	72	74	19	1	9	0.0036	0.325	0	0.0223	0
0.024	0.0853	-1.037	-0.7717	-0.0496	-0.5315	-0.7333	0.424	73	75	19	1	10	0.0033	0.4167	0	0.024	0
0.0307	0.0831	-1.0988	-0.8167	-0.0187	-0.7429	-0.6448	0.1797	74	76	19	1	11	0.0031	0.25	0	0.0355	0
0.0351	0.0679	-1.1361	-0.9112	0.0056	-0.8045	-0.3766	0.4593	75	77	19	1	12	0.0107	0.2708	0	0.0414	0
0.0263	0.0877	-1.1641	-0.9603	0.004	0.1105	-0.7625	0.6375	76	78	19	1	13	0.0032	0.5	0	0.0263	0
0.026	0.1143	-1.1618	-1.0279	0.0531	-0.0194	-0.9933	0.1139	77	79	19	1	14	0.0037	0.4063	0	0.026	0
0.0281	0.0748	-1.1963	-1.1137	0.0843	-0.5412	-0.7996	0.2602	78	80	19	1	15	0.003	0.3333	0	0.0289	0
0.0245	0.0509	-1.2322	-1.1865	0.0918	-0.7042	-0.5986	0.3818	79	81	19	1	16	0.0026	0.3333	0	0.0245	0
0.0209	0.1084	-1.2466	-1.2269	0.1325	-0.6021	-0.7571	0.2536	80	82	19	1	17	0.0021	0.3438	0	0.0196	0
0.0209	0.0604	-1.3059	-1.314	0.1536	-0.3784	-0.8625	0.3359	81	83	19	1	18	0.0024	0.2917	0	0.0199	0
0.0261	0.1598	-1.3188	-1.3756	0.1938	-0.1538	-0.92	-0.3604	82	84	19	1	19	0.002	0.1875	0	0.0261	0
0.0284	0.1141	-1.3622	-1.5088	0.1443	-0.5523	-0.8244	0.1237	83	85	19	1	20	0.0041	0.2188	0	0.033	0
0.0209	0.0821	-1.4037	-1.5976	0.1868	-0.5969	-0.5733	0.5612	84	86	19	1	21	0.0026	0.4167	0	0.0209	0
0.0259	0.1073	-1.4457	-1.6608	0.2097	-0.5892	-0.7352	0.3351	85	87	19	1	22	0.002	0.25	0	0.0262	0
0.0209	0.104	-1.5165	-1.7256	0.2578	-0.7134	-0.6354	0.2955	86	88	19	1	23	0.0076	0.2292	0	0.0206	0
0.0209	0.1143	-1.5977	-1.7837	0.2906	-0.5949	-0.6485	0.475	87	89	19	1	24	0.002	0.1875	0	0.0166	0
0.0293	0.1047	-1.6749	-1.8456	0.3469	-0.3996	-0.4431	0.8025	88	90	19	1	25	0.0037	0.1667	0	0.0384	0
0.0209	0.1497	-1.6955	-1.9009	0.4352	-0.3063	-0.309	0.9004	89	91	19	1	26	0.0065	0.2396	0	0.0178	0
0.0209	0.0723	-1.6991	-1.9231	0.569	0.1135	-0.1627	0.9801	90	92	19	1	27	0.0032	0.175	0	0.01	0
0.0209	0.1019	-1.7542	-1.9518	0.5909	-0.5877	-0.1214	0.7999	91	0	19	1	28	0.0036	0.25	0	0.0181	0
0.0297	0.2805	-0.1593	0.1909	-0.0509	0.9406	-0.3175	0.1201	17	94	41	1	1	0.0091	0.4583	1	0.0297	1
0.0297	0.074	0.1045	0.1018	-0.0172	0.6536	-0.7456	-0.1303	93	95	41	1	2	0.0091	0.4583	0	0.0297	1
0.0383	0.2006	0.1749	0.0387	-0.0441	-0.4402	-0.8849	-0.1524	94	96	41	1	3	0.0251	0.1154	0	0.0702	1
0.0297	0.0654	0.1004	-0.11	-0.0585	0.3349	-0.5787	0.7436	95	97	41	1	4	0.0197	0.0875	0	0.01	1
0.0297	0.0957	0.1195	-0.1586	0.0124	-0.3735	-0.8155	-0.442	96	0	41	1	5	0.0066	0.1	0	0.01	1
0.0614	0.2095	-0.2324	0.088	0.0678	-0.6418	-0.6616	0.3877	18	99	44	1	1	0.012	0.3152	1	0.0685	0
0.0611	0.3154	-0.3709	-0.0515	0.142	0.635	-0.7207	-0.2781	98	100	44	1	2	0.0181	0.2688	0	0.0685	0
0.0602	0.2868	-0.2267	-0.2814	0.0922	0.2683	-0.9033	0.3348	99	101	44	1	3	0.0403	0.4474	0	0.1427	0
0.0599	0.1405	-0.2139	-0.511	0.1902	-0.3892	-0.8661	0.3136	100	102	44	1	4	0.0242	0.4671	0	0.0717	0
0.0592	0.1129	-0.2402	-0.6481	0.2458	-0.5622	-0.681	0.4692	101	103	44	1	5	0.0079	0.5538	0	0.0602	0
0.0555	0.1451	-0.2427	-0.7426	0.2869	-0.1037	-0.7789	0.6185	102	104	44	1	6	0.009	0.8333	0	0.0555	1
0.06	0.172	-0.2461	-0.8571	0.3702	0.2652	-0.7166	0.6452	103	105	44	1	7	0.0091	0.5952	0	0.0622	1
0.0502	0.1181	-0.212	-0.9992	0.4686	0.5103	-0.6699	0.5393	104	106	44	1	8	0.0072	0.5	0	0.0504	1
0.044	0.1318	-0.163	-1.0603	0.5585	0.3163	-0.7134	0.6254	105	107	44	1	9	0.0072	0.44	0	0.044	1
0.0344	0.0831	-0.1188	-1.1626	0.6294	0.1427	-0.7864	0.601	106	108	44	1	10	0.0039	0.6667	0	0.0323	1
0.0371	0.0997	-0.1178	-1.2432	0.6646	0.083	-0.7232	0.6856	107	109	44	1	11	0.0057	0.5313	0	0.0371	1
0.0369	0.108	-0.0948	-1.3059	0.7459	0.0787	-0.8445	0.5297	108	110	44	1	12	0.0058	0.5938	0	0.0369	1
0.0378	0.0881	-0.1013	-1.3915	0.8073	-0.1094	-0.7715	0.6267	109	111	44	1	13	0.0056	0.6667	0	0.0378	1
0.0348	0.0856	-0.1101	-1.4624	0.8894	-0.2618	-0.9603	-0.0966	110	112	44	1	14	0.0045	0.5	0	0.0348	1
0.0278	0.1895	-0.1282	-1.5489	0.8768	0.1914	-0.6016	0.7755	111	113	44	1	15	0.0046	0.3958	0	0.0278	1
0.0267	0.0762	-0.1179	-1.6593	1.0203	-0.1878	-0.8157	0.5471	112	114	44	1	16	0.0028	0.2917	0	0.0267	1
0.0223	0.1423	-0.1031	-1.738	1.0513	-0.0389	-0.5868	0.8088	113	115	44	1	17	0.0028	0.475	0	0.0221	1
0.0296	0.0746	-0.1326	-1.8263	1.1705	0.2506	-0.6522	0.7154	114	116	44	1	18	0.004	0.5	0	0.0307	1
0.0252	0.1285	-0.1168	-1.8677	1.2316	-0.4113	-0.7405	0.5315	115	117	44	1	19	0.0031	0.275	0	0.0265	1
0.025	0.108	-0.1293	-1.9655	1.3197	-0.2315	-0.907	0.3519	116	118	44	1	20	0.0051	0.1667	0	0.226	1
0.0221	0.0151	-0.1715	-2.0564	1.3624	-0.2174	-0.853	0.4745	117	0	44	1	21	0.01	0.05	0	0.01	1
0.0278	0.3174	-0.3177	0.2811	0.2512	-0.1724	-0.9411	-0.2908	19	120	45	1	1	0.0096	0.35	0	0.029	0
0.01	0.0513	-0.3934	-0.0214	0.1988	0.1286	-0.9913	-0.0268	119	0	45	1	2	0.01	0.05	0	0.01	0
0.033	0.1608	-0.2419	0.3402	0.1762	0.8249	0.0652	0.5614	19	122	47	1	1	0.0118	0.2083	0	0.0367	0
0.01	0.0612	-0.1201	0.318	0.2813	0.9461	-0.1968	0.2573	121	0	47	1	2	0.01	0.05	0	0.01	0
0.0245	0.2332	-0.1778	0.191	0.0139	0.7129	0.4845	0.507	18	124	48	1	1	0.0047	0.375	1	0.0223	0
0.0232	0.0864	-0.0115	0.304	0.1321	0.4229	0.3994	0.8134	123	125	48	1	2	0.0047	0.375	0	0.0223	0
0.034	0.151	0.0532	0.38	0.1872	0.84	-0.5328	0.1024	124	126	48	1	3	0.0152	0.1818	0	0.0442	0
0.0293	0.1675	0.1715	0.3403	0.2186	0.5072	-0.2198	0.8333	125	127	48	1	4	0.0086	0.1111	0	0.0489	0
0.0134	0.2033	0.2579	0.3191	0.3601	0.2855	-0.1353	0.9488	126	128	48	1	5	0.01	0.05	0	0.01	0
0.01	0.0593	0.2951	0.3506	0.5485	0.198	0.1427	0.9698	127	129	48	1	6	0.01	0.05	0	0.01	0
0.0074	0.1218	0.3904	0.3495	0.5144	0.74	0.1203	0.6618	128	0	48	1	7	0.01	0.05	0	0.01	0
0.0439	0.2753	-0.0583	0.1197	0.1121	0.7971	-0.0847	0.5979	18	131	52	1	1	0.0119	0.2	1	0.0446	0
0.0405	0.1746	0.1611	0.0963	0.2767	-0.2134	-0.7796	0.5888	130	132	52	1	2	0.0119	0.2	0	0.0446	0
0.0258	0.0303	0.1108	0.0045	0.3747	0.7027	0.2774	0.6552	131	133	52	1	3	0.0058	0.15	0	0.01	0
0.0213	0.1975	0.1496	0.017	0.3826	0.5026	-0.7135	0.4883	132	134	52	1	4	0.0025	0.1786	0	0.0192	0
0.0149	0.0243	0.2562	-0.1181	0.4713	0.663	-0.7457	0.0657	133	135	52	1	5	0.01	0.05	0	0.01	0
0.01	0.1051	0.2723	-0.1362	0.4729	0.658	-0.4408	0.6105	134	136	52	1	6	0.01	0.05	0	0.01	0
0.0049	0.057	0.339	-0.1761	0.5458	0.973	0.1797	0.1446	135	0	52	1	7	0.0113	0.15	0	0.01	0
0.0432	0.1215	-0.044	0.0944	0.3322	0.2595	-0.5023	-0.8248	20	138	54	1	1	0.038	0.3469	1	0.0493	0
0.0431	0.0782	-0.0085	-0.0437	0.2917	-0.0145	0.6121	0.7907	137	139	54	1	2	0.0108	0.2143	0	0.0493	0
0.0307	0.1195	-0.0344	-0.0053	0.342	-0.1034	-0.6499	0.7529	138	140	54	1	3	0.0045	0.375	0	0.0297	0
0.0307	0.181	-0.0193	-0.0539	0.4507	0.3755	-0.7261	0.576	139	141	54	1	4	0.0042	0.4583	0	0.0307	0
0.0364	0.1074	0.0429	-0.2004	0.548	0.8989	-0.4114	0.1508	140	142	54	1	5	0.0046	0.4688	0	0.0364	0
0.0427	0.0864	0.1131	-0.272	0.5457	0.7423	-0.6665	-0.0689	141	143	54	1	6	0.0083	0.1143	0	0.0514	0
0.0307	0.1646	0.1939	-0.3181	0.5353	0.4477	-0.3239	0.8335	142	144	54	1	7	0.0037	0.325	0	0.028	0
0.0307	0.1206	0.2842	-0.4106	0.6653	-0.1336	-0.2338	0.9631	143	145	54	1	8	0.0151	0.18	0	0.0296	0
0.0307	0.0909	0.2821	-0.4242	0.7885	0.2421	-0.6011	0.7616	144	146	54	1	9	0.0025	0.25	0	0.0277	0
0.0405	0.1292	0.2744	-0.4835	0.8714	0.4372	-0.3168	0.8417	145	147	54	1	10	0.007	0.1209	0	0.0473	0
0.0307	0.1739	0.3631	-0.5131	0.9717	0.3603	-0.3866	0.849	146	148	54	1	11	0.0088	0.125	0	0.0213	0
0.037	0.165	0.3913	-0.5686	1.1396	0.4347	-0.2278	0.8713	147	149	54	1	12	0.0032	0.1458	0	0.037	0
0.0307	0.2268	0.4586	-0.6615	1.2416	0.2234	-0.5987	0.7692	148	150	54	1	13	0.0135	0.1296	0	0.0264	0
0.0307	0.0896	0.5405	-0.7775	1.4189	0.3931	-0.7092	0.5852	149	151	54	1	14	0.0052	0.0353	0	0.0169	0
0.0307	0.089	0.5904	-0.8463	1.4468	0.5971	-0.6342	0.4912	150	152	54	1	15	0.0093	0.0417	0	0.0145	0
0.0307	0.0827	0.6416	-0.8888	1.5139	0.6408	-0.6355	0.4307	151	153	54	1	16	0.0015	0.0231	0	0.0257	0
0.0307	0.1349	0.6849	-0.9555	1.5504	0.7119	-0.4581	0.5323	152	154	54	1	17	0.0047	0.1429	0	0.0235	0
0.0307	0.0649	0.742	-1.0633	1.6185	0.6504	-0.5878	0.4811	153	155	54	1	18	0.0083	0.25	0	0.0207	0
0.0307	0.1292	0.7989	-1.0841	1.6509	0.6893	-0.6072	0.3952	154	156	54	1	19	0.0064	0.1143	0	0.0199	0
0.0307	0.1183	0.8967	-1.1603	1.6784	0.8911	-0.3414	0.2989	155	157	54	1	20	0.0084	0.1333	0	0.01	0
0.0307	0.0873	0.8837	-1.1867	1.7399	0.1593	-0.3679	0.9161	156	0	54	1	21	0.0046	0.12	0	0.01	0
0.0322	0.1377	-0.1334	0.1761	0.2556	0.4225	-0.3912	0.8176	20	159	57	1	1	0.0119	0.35	0	0.032	0
0.027	0.0994	-0.0603	0.1428	0.3645	0.4914	-0.4857	-0.723	158	160	57	1	2	0.0108	0.22	0	0.0375	0
0.01	0.0789	-0.0339	0.0876	0.2794	0.5434	-0.1939	-0.8168	159	0	57	1	3	0.01	0.05	0	0.01	0
0.0299	0.6941	-0.649	0.1615	0.7584	0.4349	0.5576	-0.7071	22	162	59	1	1	0.0078	0.5	1	0.0287	0
0.029	0.0775	-0.3472	0.5485	0.2676	-0.6846	-0.4735	0.5542	161	163	59	1	2	0.0078	0.5	0	0.0287	0
0.0413	0.1274	-0.3406	0.5675	0.4051	0.0138	-0.8653	0.501	162	164	59	1	3	0.0064	0.42	0	0.0433	0
0.044	0.1464	-0.3484	0.4524	0.4755	0.5814	-0.0308	0.813	163	165	59	1	4	0.0164	0.2857	0	0.0505	0
0.0389	0.1483	-0.2474	0.4608	0.5469	0.8987	-0.3929	0.1948	164	166	59	1	5	0.008	0.1058	0	0.0973	0
0.0387	0.1447	-0.084	0.4582	0.5811	0.8664	-0.4805	0.136	165	167	59	1	6	0.0114	0.1026	0	0.0511	0
0.0287	0.0156	0.0296	0.4156	0.6449	0.9557	-0.0544	0.2893	166	168	59	1	7	0.0078	0.075	0	0.01	0
0.0287	0.1085	0.0585	0.4445	0.6574	0.6513	-0.1052	-0.7515	167	169	59	1	8	0.0022	0.0833	0	0.01	0
0.0287	0.0534	0.1415	0.3966	0.5539	0.9476	0.1535	0.2803	168	170	59	1	9	0.0038	0.125	0	0.01	0
0.0287	0.0442	0.1813	0.3912	0.5824	0.7646	-0.6434	-0.0373	169	0	59	1	10	0.0013	0.125	0	0.01	0
0.0424	0.1201	-0.3597	0.3195	0.3582	-0.2678	0.8686	-0.4169	21	172	62	1	1	0.0115	0.2963	1	0.0424	0
0.0424	0.1746	-0.3918	0.4238	0.3081	0.7904	-0.4976	0.3572	171	0	62	1	2	0.0115	0.2963	0	0.0424	0
0.0278	0.212	-0.2601	0.1745	0.3314	-0.0104	-0.8381	0.5454	21	174	65	1	1	0.004	0.4583	0	0.0258	0
0.0337	0.0313	-0.2643	-0.0256	0.47	-0.2354	-0.6868	-0.6877	173	175	65	1	2	0.0039	0.2917	0	0.0337	0
0.0388	0.07	-0.3135	-0.1679	0.424	0.7998	-0.1596	-0.5787	174	176	65	1	3	0.0128	0.1154	0	0.0886	0
0.038	0.0689	-0.2962	-0.1656	0.4213	0.5662	-0.3984	0.7215	175	177	65	1	4	0.0051	0.125	0	0.0465	0
0.0333	0.069	-0.2601	-0.2026	0.4636	-0.2428	-0.5519	0.7978	176	178	65	1	5	0.0033	0.3333	0	0.0341	0
0.0262	0.0932	-0.2898	-0.2407	0.5256	-0.2253	-0.8763	-0.4258	177	179	65	1	6	0.0037	0.2917	0	0.0262	0
0.0258	0.0648	-0.3125	-0.3162	0.4931	-0.1741	-0.7685	0.6157	178	180	65	1	7	0.0062	0.12	0	0.01	0
0.0258	0.0409	-0.3246	-0.3584	0.5256	-0.5049	0.5745	0.6442	179	0	65	1	8	0.0167	0.1	0	0.01	0
0.0256	0.0481	-0.2669	0.1964	0.4356	0.6529	0.478	0.5876	22	182	66	1	1	0.0069	0.3333	1	0.0256	0
0.0256	0.0834	-0.2355	0.2194	0.4639	-0.0732	-0.8195	0.5684	181	183	66	1	2	0.0069	0.3333	0	0.0256	0
0.0304	0.2059	-0.1536	0.1115	0.5793	0.5932	-0.0597	-0.8028	182	184	66	1	3	0.0404	0.1	0	0.2176	0
0.0241	0.1254	-0.0427	0.0933	0.4672	0.8828	-0.4496	0.1361	183	185	66	1	4	0.0033	0.2	0	0.0242	0
0.0223	0.1214	0.0545	0.0581	0.517	0.5664	-0.5655	0.5994	184	186	66	1	5	0.01	0.1667	0	0.0316	0
0.0108	0.0043	0.1108	0.0007	0.6044	0.522	-0.3987	0.754	185	187	66	1	6	0.01	0.05	0	0.01	0
0.0096	0.0744	0.113	-0.001	0.6076	0.1748	-0.7128	-0.6792	186	188	66	1	7	0.01	0.05	0	0.01	0
0.0057	0.0275	0.126	-0.054	0.5571	0.09	0.5473	-0.8321	187	0	66	1	8	0.01	0.05	0	0.01	0
0.0254	0.1196	-0.3219	0.2306	0.7149	0.8085	-0.3598	0.4656	26	190	68	1	1	0.0101	0.2292	0	0.0266	0
0.0306	0.1218	-0.2172	0.1975	0.7864	0.8851	0.0255	-0.4647	189	191	68	1	2	0.0099	0.1667	0	0.0534	0
0.0146	0.0793	-0.1021	0.2028	0.7676	0.8835	-0.4454	-0.1448	190	192	68	1	3	0.01	0.05	0	0.01	0
0.01	0.0981	-0.032	0.1675	0.7561	0.6749	-0.3346	-0.6576	191	0	68	1	4	0.01	0.05	0	0.01	0
0.035	0.2219	-0.3956	0.2647	1.1631	0.7624	-0.3446	-0.5478	31	194	70	1	1	0.0045	0.2917	1	0.035	1
0.035	0.0878	-0.2264	0.1882	1.0416	0.8084	-0.276	-0.5199	193	195	70	1	2	0.0045	0.2917	0	0.035	1
0.0301	0.231	-0.2168	0.2041	0.9841	0.2509	0.0999	-0.9629	194	196	70	1	3	0.0079	0.0375	0	0.0523	1
0.0144	0.0796	-0.2426	0.1836	0.8059	-0.3476	-0.2495	-0.9039	195	197	70	1	4	0.01	0.05	0	0.01	1
0.0144	0.0508	-0.1403	0.1915	0.8272	0.5985	-0.2808	-0.7503	196	0	70	1	5	0.0149	0.07	0	0.0333	1
0.0362	0.1235	-0.3751	0.1806	1.0628	-0.3716	-0.9144	0.1604	29	199	667	1	1	0.01	0.2708	0	0.0362	0
0.0375	0.1714	-0.4213	0.0964	1.1358	-0.5576	-0.7311	0.3933	198	200	667	1	2	0.0104	0.1296	0	0.0501	0
0.0272	0.0695	-0.4521	0.0223	1.2554	-0.4517	-0.2888	0.8441	199	201	667	1	3	0.0046	0.125	0	0.01	0
0.0352	0.1902	-0.5437	-0.0391	1.2836	-0.4328	-0.0332	0.9009	200	202	667	1	4	0.0221	0.0595	0	0.0606	0
0.0294	0.4868	-0.6134	-0.097	1.4376	-0.3329	-0.3712	0.8668	201	203	667	1	5	0.004	0.0469	0	0.0325	0
0.0139	0.4143	-0.7608	-0.2547	1.8737	-0.2611	-0.3764	0.8889	202	204	667	1	6	0.01	0.05	0	0.01	0
0.0099	0.1225	-0.9812	-0.4629	2.0748	-0.5915	-0.5658	0.5744	203	205	667	1	7	0.01	0.05	0	0.01	0
0.0056	0.1358	-0.865	-0.5889	2.1001	-0.1226	-0.8346	0.537	204	0	667	1	8	0.01	0.05	0	0.01	0
0.0188	0.1852	-0.1533	0.5026	-0.4298	0.2801	0.9394	-0.1978	42	207	75	2	1	0.0029	0.3333	1	0.0149	1
0.0187	0.087	-0.1014	0.6767	-0.4664	0.1531	0.9882	-0.0006	206	208	75	2	2	0.0029	0.3333	0	0.0149	1
0.0196	0.1753	-0.0767	0.7589	-0.4689	0.2973	0.9504	-0.0911	207	209	75	2	3	0.0027	0.2083	0	0.0196	1
0.0259	0.2779	-0.0177	0.9357	-0.5255	-0.119	0.9674	0.2237	208	210	75	2	4	0.009	0.0714	0	0.0362	1
0.0243	0.2266	0.0153	1.2061	-0.482	0.019	0.989	0.147	209	211	75	2	5	0.0065	0.032	0	0.035	1
0.0211	0.0956	0.0343	1.4199	-0.4286	0.2578	0.9231	0.2853	210	212	75	2	6	0.0088	0.175	0	0.0211	1
0.0242	0.0236	0.084	1.5027	-0.4418	0.4919	0.8497	0.19	211	213	75	2	7	0	0.02	0	0.0382	1
0.0208	0.141	0.0631	1.5442	-0.3893	0.6356	0.7673	0.0851	212	214	75	2	8	0.0115	0.202	0	0.0245	1
0.0192	0.1354	0.1661	1.6459	-0.3745	0.3466	0.8594	0.3758	213	215	75	2	9	0.006	0.0313	0	0.0262	1
0.0119	0.1136	0.2296	1.753	-0.3281	0.5295	0.7626	0.3716	214	216	75	2	10	0.01	0.05	0	0.01	1
0.0194	0.051	0.2258	1.8594	-0.282	0.3009	0.927	0.2239	215	217	75	2	11	0.0159	0.16	0	0.0334	1
0.0101	0.0518	0.2338	1.8987	-0.2843	0.7839	0.2533	-0.5668	216	218	75	2	12	0.01	0.05	0	0.01	1
0.0145	0.0753	0.2829	1.9095	-0.2794	0.9689	-0.0447	-0.2434	217	219	75	2	13	0.0055	0.1429	0	0.02	1
0.0131	0.131	0.3556	1.9108	-0.297	0.9794	0.0726	-0.1885	218	220	75	2	14	0.0019	0.2	0	0.0175	1
0.01	0.0304	0.4854	1.9186	-0.3212	0.7938	0.5733	-0.2029	219	221	75	2	15	0.01	0.05	0	0.01	1
0.0095	0.0843	0.5095	1.936	-0.3274	0.091	0.8555	0.5097	220	0	75	2	16	0.01	0.05	0	0.01	1
0.0262	0.2515	0.4128	0.6494	-0.2013	0.9871	0.1352	-0.0859	46	223	89	2	1	0.005	0.4167	0	0.0258	1
0.026	0.1193	0.6529	0.6882	-0.2186	-0.2337	-0.8365	0.4955	222	224	89	2	2	0.0078	0.1833	0	0.0209	1
0.0362	0.0547	0.6341	0.584	-0.1614	0.2227	0.0412	0.974	223	225	89	2	3	0.0151	0.15	0	0.0452	1
0.0319	0.1161	0.6545	0.5853	-0.1155	0.4537	0.7918	0.4088	224	226	89	2	4	0.0026	0.375	0	0.0319	1
0.0315	0.1119	0.7161	0.6752	-0.0813	0.8292	0.0101	0.5589	225	227	89	2	5	0.0039	0.375	0	0.0315	1
0.0369	0.1145	0.8118	0.6707	-0.0334	0.8106	-0.4726	0.3457	226	228	89	2	6	0.0101	0.2222	0	0.0449	1
0.0341	0.1078	0.9085	0.6242	-0.0046	0.8916	-0.4528	-0.0004	227	229	89	2	7	0.0024	0.2813	0	0.0364	1
0.0295	0.1548	0.9805	0.5806	0.0094	0.5198	0.4442	0.7297	228	230	89	2	8	0.0026	0.3	0	0.0295	1
0.0317	0.0441	1.0681	0.6567	0.1162	0.3068	0.4233	0.8524	229	231	89	2	9	0.004	0.2917	0	0.0327	1
0.0295	0.0189	1.0808	0.6713	0.1292	0.4161	0.8947	-0.1627	230	232	89	2	10	0.0121	0.44	0	0.0295	1
0.0265	0.1343	1.0833	0.7029	0.1284	0.4793	0.0387	0.8768	231	233	89	2	11	0.0028	0.2188	0	0.0265	1
0.0258	0.1013	1.1452	0.6848	0.261	0.7567	0.2943	0.5838	232	0	89	2	12	0.0078	0.1143	0	0.01	1
0.028	0.2875	0.6017	0.8331	-0.0633	-0.3921	0.8224	0.4123	48	235	96	2	1	0.0086	0.1875	0	0.0274	1
0.0379	0.1501	0.4346	1.0728	0.0221	-0.52	0.006	0.8541	234	236	96	2	2	0.026	0.0833	0	0.068	1
0.0318	0.1962	0.3453	1.0745	0.1158	-0.8054	0.5256	0.274	235	237	96	2	3	0.004	0.1667	0	0.0318	1
0.0295	0.07	0.2338	1.2041	0.1627	-0.4795	0.8705	0.1105	236	238	96	2	4	0.0044	0.2917	0	0.0295	1
0.0247	0.1041	0.2223	1.2526	0.1586	0.2809	0.8744	-0.3956	237	239	96	2	5	0.0097	0.2917	0	0.0247	1
0.0219	0.1446	0.2507	1.3354	0.1567	0.7622	0.6299	0.1491	238	240	96	2	6	0.0116	0.1827	0	0.0219	1
0.0192	0.0532	0.3571	1.4135	0.1985	0.6712	0.5606	0.485	239	241	96	2	7	0.0054	0.175	0	0.01	1
0.027	0.1552	0.3806	1.4742	0.1751	0.8241	0.5487	0.1407	240	242	96	2	8	0.02	0.1375	0	0.06	1
0.0235	0.1413	0.3429	1.5093	0.1733	-0.3132	0.7837	0.5364	241	243	96	2	9	0.0104	0.1429	0	0.0348	1
0.0214	0.0959	0.3081	1.6187	0.259	0.1135	0.993	0.0318	242	244	96	2	10	0.0136	0.0875	0	0.0436	1
0.01	0.0692	0.3384	1.6785	0.2539	0.6458	0.488	-0.5871	243	0	96	2	11	0.01	0.05	0	0.01	1
0.024	0.0421	0.7416	0.9066	0.0402	-0.3029	0.1051	0.9472	50	246	106	2	1	0.0083	0.25	1	0.024	1
0.024	0.1002	0.7288	0.9111	0.0801	0.6037	-0.6553	0.454	245	247	106	2	2	0.0083	0.25	0	0.024	1
0.0304	0.1503	0.8314	0.8755	0.0969	0.6004	-0.081	0.7956	246	248	106	2	3	0.0106	0.1125	0	0.0656	1
0.018	0.233	0.9588	0.8795	0.1846	0.6526	-0.0092	0.7577	247	249	106	2	4	0.0024	0.1094	0	0.018	1
0.014	0.0074	1.1111	0.8737	0.3611	0.6631	0.0393	0.7475	248	250	106	2	5	0.01	0.05	0	0.01	1
0.0105	0.1062	1.116	0.874	0.3666	0.3389	0.3672	0.8662	249	251	106	2	6	0.01	0.05	0	0.01	1
0.0074	0.1632	1.152	0.913	0.4586	0.7957	-0.3198	0.5144	250	0	106	2	7	0.01	0.05	0	0.01	1
0.0364	0.1461	0.8812	0.9386	-0.0214	-0.0721	-0.6087	0.7901	51	253	108	2	1	0.0075	0.1417	1	0.0924	1
0.0356	0.1651	0.8074	0.8657	0.0994	0.2472	0.9688	0.0205	252	254	108	2	2	0.0193	0.1389	0	0.0924	1
0.0317	0.0867	0.8518	1.0006	0.1319	0.9575	-0.1502	-0.2463	253	255	108	2	3	0.0223	0.25	0	0.0317	1
0.0257	0.1395	0.9436	0.9727	0.1655	0.8616	0.5075	-0.0004	254	256	108	2	4	0.0157	0.2222	0	0.0257	1
0.0213	0.0631	1.0662	1.0401	0.1623	0.8853	0.3295	0.3282	255	257	108	2	5	0.0096	0.2679	0	0.0213	1
0.0168	0.0577	1.1023	1.0832	0.1814	0.733	0.661	0.1604	256	258	108	2	6	0.0105	0.2273	0	0.0194	1
0.0089	0.0263	1.1439	1.1202	0.1973	-0.0528	0.9832	0.1748	257	259	108	2	7	0.01	0.05	0	0.01	1
0.0053	0.0602	1.1425	1.146	0.2018	-0.2432	0.8806	0.4067	258	0	108	2	8	0.01	0.05	0	0.01	1
0.0337	0.1197	0.9156	1.0127	-0.083	-0.6721	-0.5941	-0.442	51	261	111	2	1	0.0069	0.4688	0	0.0337	1
0.0337	0.0974	0.8557	0.9454	-0.1434	0.1716	-0.9845	-0.0372	260	0	111	2	2	0.0097	0.1136	0	0.0251	1
0.0393	0.0501	1.0813	1.0658	0.0519	-0.4367	-0.3519	0.828	53	263	115	2	1	0.0115	0.2955	1	0.0489	1
0.0393	0.1173	1.0556	1.046	0.0933	-0.3932	0.6753	0.624	262	264	115	2	2	0.014	0.1795	0	0.0489	1
0.0178	0.0739	0.9864	1.15	0.1519	-0.619	-0.1201	0.7761	263	265	115	2	3	0.01	0.05	0	0.01	1
0.01	0.0583	0.9406	1.1412	0.2093	-0.5536	-0.6424	0.5299	264	0	115	2	4	0.01	0.05	0	0.01	1
0.021	0.0782	1.3937	1.269	0.1037	0.8037	0.591	-0.0684	56	267	121	2	1	0.0049	0.4583	0	0.021	1
0.021	0.0677	1.4674	1.3028	0.0873	0.581	0.761	-0.2886	266	0	121	2	2	0.0114	0.375	0	0.01	1
0.0321	0.1006	1.3551	1.241	0.2187	-0.6709	-0.1589	0.7243	57	269	122	2	1	0.0061	0.5	0	0.0325	1
0.0298	0.085	1.2775	1.1879	0.278	-0.7397	-0.0435	0.6716	268	270	122	2	2	0.0028	0.4167	0	0.0298	1
0.0293	0.0817	1.2102	1.1591	0.3243	-0.4551	-0.2831	0.8443	269	271	122	2	3	0.0041	0.5	0	0.0293	1
0.032	0.0529	1.1537	1.0918	0.3658	-0.5793	-0.2331	0.7811	270	272	122	2	4	0.024	0.2727	0	0.0349	1
0.0318	0.2367	1.1264	1.1018	0.4112	0.0527	-0.189	0.9806	271	273	122	2	5	0.01	0.1273	0	0.0712	1
0.0293	0.137	1.1819	1.0362	0.6161	0.5066	-0.0768	0.8587	272	274	122	2	6	0.0073	0.1429	0	0.0238	1
0.0293	0.1163	1.2803	1.0431	0.6877	0.8338	0.0634	0.5485	273	275	122	2	7	0.0069	0.1333	0	0.01	1
0.0312	0.0512	1.2704	0.9812	0.7724	0.5587	-0.7671	0.3153	274	276	122	2	8	0.0066	0.15	0	0.0378	1
0.0293	0.0293	1.3004	0.9546	0.7875	0.7459	-0.0238	0.6657	275	277	122	2	9	0.0053	0.12	0	0.01	1
0.0293	0.0974	1.3127	0.9761	0.8371	0.8111	0.563	-0.1588	276	278	122	2	10	0.0059	0.0875	0	0.01	1
0.0293	0.0902	1.4038	0.9954	0.7956	0.4954	-0.3974	0.7724	277	0	122	2	11	0.007	0.16	0	0.01	1
0.0321	0.1787	1.3829	1.2663	0.2243	-0.2477	-0.0676	0.9665	58	280	123	2	1	0.0099	0.2222	0	0.0373	1
0.0298	0.0938	1.3291	1.2546	0.3866	-0.4021	0.8235	0.4003	279	281	123	2	2	0.013	0.2338	0	0.034	1
0.0279	0.0664	1.3282	1.3195	0.4139	0.2158	-0.1573	0.9637	280	282	123	2	3	0.0091	0.25	0	0.0379	1
0.015	0.0279	1.3737	1.2816	0.4581	-0.068	-0.6342	0.7701	281	283	123	2	4	0.0023	0.125	0	0.01	1
0.0105	0.1	1.3618	1.2698	0.4811	0.3124	0.302	0.9007	282	284	123	2	5	0.01	0.05	0	0.01	1
0.0064	0.0753	1.393	1.3	0.5711	0.6737	0.5665	0.4746	283	0	123	2	6	0.01	0.05	0	0.01	1
0.0149	0.1387	1.4775	1.3876	0.3325	-0.0163	-0.1994	0.9798	59	286	410	2	1	0.004	0.2083	0	0.0177	1
0.0111	0.0467	1.4451	1.3599	0.49	0.5499	0.3269	0.7686	285	287	410	2	2	0.015	0.25	0	0.0311	1
0.01	0.0445	1.4686	1.3856	0.5303	0.7492	0.3787	-0.5434	286	0	410	2	3	0.01	0.05	0	0.01	1
0.0293	0.1349	-1.1796	-0.9349	-0.0081	-0.8981	-0.3988	-0.1854	76	289	301	2	1	0.0051	0.3125	0	0.0293	0
0.0277	0.1111	-1.2989	-1.0016	-0.0175	-0.9183	-0.3506	-0.1838	288	290	301	2	2	0.0035	0.5313	0	0.0277	0
0.0252	0.0726	-1.401	-1.0406	-0.0383	-0.994	0.0037	0.1096	289	291	301	2	3	0.003	0.4583	0	0.0252	0
0.025	0.0987	-1.4804	-1.0243	-0.0067	-0.8942	-0.4464	0.0327	290	292	301	2	4	0.002	0.2813	0	0.0244	0
0.0295	0.1425	-1.5699	-1.0965	0.0042	-0.9906	0.0732	0.1156	291	293	301	2	5	0.0042	0.425	0	0.0299	0
0.0294	0.1106	-1.7074	-1.1009	0.0185	-0.6868	-0.267	0.6761	292	294	301	2	6	0.0042	0.4688	0	0.0299	0
0.025	0.0834	-1.7845	-1.1478	0.0778	-0.5563	-0.5285	0.6413	293	295	301	2	7	0.0033	0.4583	0	0.025	0
0.0276	0.0861	-1.8296	-1.1917	0.1328	-0.5755	-0.5486	0.6065	294	296	301	2	8	0.0033	0.7083	0	0.0276	0
0.0263	0.1121	-1.8754	-1.2356	0.1907	-0.4074	-0.6506	0.6408	295	297	301	2	9	0.0033	0.3125	0	0.0263	0
0.025	0.1387	-1.9103	-1.309	0.268	-0.3587	-0.6669	0.6531	296	298	301	2	10	0.0055	0.0583	0	0.0187	0
0.025	0.0008	-1.9553	-1.4039	0.3583	-0.3255	-0.7113	0.6229	297	0	301	2	11	0.0069	0.12	0	0.01	0
0.0267	0.0737	-1.5767	-1.7906	0.3051	0.3169	-0.9176	0.2399	87	300	586	2	1	0.0083	0.4583	0	0.0267	0
0.0267	0.028	-1.5614	-1.8566	0.3148	-0.5847	-0.6772	0.4467	299	301	586	2	2	0.01	0.05	0	0.01	0
0.0267	0.0633	-1.5629	-1.8723	0.3394	0.2962	-0.9479	-0.1172	300	0	586	2	3	0.0109	0.175	0	0.01	0
0.0161	0.2402	-1.3873	-1.6293	0.1893	-0.1733	-0.9669	-0.1873	86	303	599	2	1	0.0015	0.1875	0	0.0191	0
0.0131	0.1142	-1.4219	-1.8643	0.1404	-0.3593	-0.9332	0.0114	302	304	599	2	2	0.01	0.05	0	0.01	0
0.0116	0.061	-1.4888	-1.9304	0.106	-0.6487	-0.6924	-0.3159	303	305	599	2	3	0.01	0.05	0	0.01	0
0.01	0.0459	-1.4683	-1.981	0.1313	-0.1906	-0.979	0.0721	304	0	599	2	4	0.01	0.05	0	0.01	0
0.0278	0.2211	0.2085	-0.0888	0.0393	-0.77	-0.0113	0.638	0	307	670	0	1	0.0125	0.075	0	0.041	0
0.019	0.1174	0.0349	-0.0658	0.178	-0.9916	-0.1294	-0.002	306	308	670	0	2	0.0076	0.25	0	0.0181	0
0.0144	0.0022	-0.0817	-0.0817	0.1778	-0.9832	0.1823	-0.012	307	309	670	0	3	0.01	0.05	0	0.01	0
0.0132	0.0908	-0.0919	-0.085	0.173	-0.3569	0.9286	-0.1013	308	0	670	0	4	0.0107	0.1167	0	0.0221	0
0.0286	0.0798	-0.3501	-0.0114	0.1968	-0.0534	-0.9942	0.0928	98	311	134	2	1	0.0084	0.15	0	0.0236	0
0.0286	0.0854	-0.3334	-0.1124	0.2229	-0.4731	-0.7921	-0.3856	310	312	134	2	2	0.0026	0.5	0	0.0286	0
0.0363	0.0721	-0.362	-0.1718	0.1936	0.1344	-0.553	0.8223	311	313	134	2	3	0.0036	0.3704	0	0.0396	0
0.0299	0.0747	-0.3505	-0.2357	0.2426	-0.0185	-0.3938	0.919	312	314	134	2	4	0.0035	0.3333	0	0.0299	0
0.0286	0.0459	-0.3548	-0.2658	0.3101	0.3772	-0.8302	-0.4105	313	0	134	2	5	0.0059	0.375	0	0.0252	0
0.0397	0.3118	-0.1853	-0.2715	0.1382	0.645	-0.6425	0.4138	100	316	150	2	1	0.0092	0.4167	0	0.0397	0
0.0397	0.1119	0.0256	-0.466	0.2838	-0.5431	-0.6391	0.5445	315	317	150	2	2	0.0118	0.1282	0	0.0611	0
0.0397	0.1272	-0.0411	-0.491	0.4057	0.353	-0.7268	0.5892	316	0	150	2	3	0.0068	0.0769	0	0.01	0
0.0128	0.4084	-0.099	-0.4014	0.1438	0.499	-0.6355	0.5891	101	0	160	2	1	0.0105	0.1667	0	0.0536	0
0.0311	0.112	-0.2963	-0.6791	0.339	-0.0399	0.5777	0.8153	102	320	165	2	1	0.0048	0.3333	1	0.0311	0
0.0311	0.0773	-0.3008	-0.6144	0.4303	0.5999	-0.6163	0.5101	319	321	165	2	2	0.0048	0.3333	0	0.0311	0
0.0269	0.1446	-0.2455	-0.6601	0.4727	-0.2447	-0.2847	0.9269	320	322	165	2	3	0.001	0.25	0	0.0269	0
0.0233	0.1449	-0.2682	-0.6849	0.6053	-0.1339	0.1874	0.9731	321	323	165	2	4	0.0027	0.225	0	0.0221	0
0.0318	0.2746	-0.2636	-0.6262	0.7597	-0.1516	-0.2869	0.9459	322	324	165	2	5	0.0055	0.0769	0	0.0504	0
0.0194	0.1875	-0.308	-0.6829	1.0244	-0.1059	-0.2313	0.9671	323	325	165	2	6	0.0115	0.03	0	0.01	0
0.0241	0.0497	-0.3375	-0.7232	1.2043	-0.2009	-0.1867	0.9617	324	326	165	2	7	0.008	0.0714	0	0.0358	0
0.0129	0.0096	-0.338	-0.75	1.24	-0.2114	-0.6289	0.7482	325	327	165	2	8	0.01	0.05	0	0.01	0
0.0099	0.4053	-0.34	-0.756	1.2471	-0.8783	-0.4663	0.1061	326	0	165	2	9	0.01	0.05	0	0.01	0
0.0122	0.1097	-0.2965	-0.6958	0.3498	-0.6531	0.2831	0.7023	102	329	166	2	1	0.0258	0.2	1	0.0428	0
0.0122	0.1153	-0.4164	-0.6357	0.3942	-0.5042	0.1204	0.8551	328	0	166	2	2	0.0253	0.1571	0	0.0428	0
0.0392	0.1714	-0.1699	-0.8941	0.4052	0.9996	-0.0028	0.0297	104	331	168	2	1	0.0052	0.25	1	0.0392	1
0.0392	0.0931	0.0014	-0.8946	0.4103	0.4207	0.0763	0.904	330	332	168	2	2	0.0052	0.25	0	0.0392	1
0.0418	0.2995	0.0176	-0.8621	0.4848	0.7153	0.6906	0.1067	331	333	168	2	3	0.0036	0.125	0	0.0454	1
0.0275	0.113	0.2446	-0.6744	0.4966	0.8625	0.5003	0.0762	332	334	168	2	4	0.0043	0.0833	0	0.01	1
0.0362	0.1432	0.2926	-0.6526	0.5221	0.5738	-0.5024	0.6468	333	335	168	2	5	0.0243	0.0926	0	0.0636	1
0.019	0.0265	0.3831	-0.6993	0.6336	0.0736	-0.6113	0.788	334	336	168	2	6	0.013	0.075	0	0.01	1
0.0133	0.1247	0.3757	-0.7213	0.6464	0.7294	-0.3986	-0.556	335	337	168	2	7	0.01	0.05	0	0.01	1
0.0084	0.0776	0.4623	-0.7683	0.5787	0.5758	0.7656	0.2868	336	0	168	2	8	0.01	0.05	0	0.01	1
0.0363	0.2118	-0.3032	-0.8385	0.3309	-0.8346	-0.5447	-0.0822	103	339	172	2	1	0.0042	0.3333	1	0.0382	1
0.032	0.0871	-0.4815	-0.9564	0.3113	-0.4463	-0.4169	0.7919	338	340	172	2	2	0.0086	0.2364	0	0.0382	1
0.0176	0.108	-0.5272	-1.0028	0.3684	-0.7022	-0.2907	0.6499	339	341	172	2	3	0.01	0.05	0	0.01	1
0.01	0.0984	-0.603	-1.0342	0.4386	-0.2999	-0.9286	0.2186	340	0	172	2	4	0.01	0.05	0	0.01	1
0.0198	0.246	-0.2548	-0.7108	0.3352	0.4264	-0.4043	0.8092	102	343	177	2	1	0.0058	0.3125	0	0.0213	0
0.014	0.1156	-0.1252	-0.8192	0.5133	0.6637	0.4646	0.5863	342	344	177	2	2	0.01	0.05	0	0.01	0
0.01	0.0486	-0.0485	-0.7655	0.5811	0.7855	-0.4376	-0.4376	343	0	177	2	3	0.01	0.05	0	0.01	0
0.0367	0.2352	-0.3235	-0.9455	0.4736	-0.4908	-0.8582	-0.1503	103	346	178	2	1	0.0034	0.25	0	0.0367	1
0.0268	0.0301	-0.4084	-1.1539	0.4324	-0.1101	-0.893	0.4363	345	347	178	2	2	0.01	0.05	0	0.01	1
0.0317	0.2536	-0.4427	-1.1789	0.4094	-0.2016	-0.972	0.121	346	348	178	2	3	0.0037	0.1806	0	0.0392	1
0.0149	0.0854	-0.4943	-1.3742	0.4634	-0.6168	-0.3311	0.7141	347	349	178	2	4	0.01	0.05	0	0.01	1
0.0106	0.0212	-0.4819	-1.4069	0.4957	0.2533	-0.6876	0.6804	348	350	178	2	5	0.01	0.05	0	0.01	1
0.0073	0.1002	-0.4765	-1.4215	0.5101	-0.1915	-0.9807	0.0406	349	0	178	2	6	0.01	0.05	0	0.01	1
0.0234	0.1314	-0.2906	-0.8937	0.3532	-0.7693	-0.5327	-0.3527	104	352	179	2	1	0.0053	0.5	1	0.0234	1
0.0234	0.0699	-0.3917	-0.9637	0.3068	0.1585	-0.5355	-0.8295	351	353	179	2	2	0.0053	0.5	0	0.0234	1
0.027	0.1007	-0.3829	-1.0035	0.2401	-0.4913	-0.802	0.3397	352	354	179	2	3	0.0032	0.2917	0	0.027	1
0.0234	0.1077	-0.4439	-1.0901	0.2821	0.3401	-0.9226	-0.1819	353	355	179	2	4	0.0028	0.3125	0	0.0214	1
0.0271	0.1248	-0.4153	-1.1807	0.2617	-0.715	-0.6257	0.3119	354	356	179	2	5	0.0025	0.2813	0	0.0271	1
0.0235	0.0629	-0.4961	-1.2652	0.3049	-0.5168	-0.1176	0.848	355	357	179	2	6	0.0035	0.2917	0	0.0235	1
0.0329	0.0864	-0.5364	-1.2769	0.3133	0.0516	-0.9949	0.0872	356	358	179	2	7	0.0033	0.375	0	0.0372	1
0.0285	0.1248	-0.5259	-1.3689	0.2947	-0.2264	-0.9592	0.1695	357	359	179	2	8	0.0029	0.2188	0	0.0297	1
0.029	0.1576	-0.5724	-1.4661	0.3329	-0.5179	-0.7416	0.4265	358	360	179	2	9	0.0082	0.05	0	0.0373	1
0.0234	0.1174	-0.6805	-1.5405	0.3897	-0.62	-0.2022	0.7581	359	361	179	2	10	0.0051	0.1	0	0.01	1
0.0289	0.0689	-0.6824	-1.6269	0.4428	-0.3117	-0.7131	0.628	360	362	179	2	11	0.0099	0.1	0	0.0355	1
0.0234	0.0818	-0.6565	-1.6765	0.4911	-0.0963	-0.5174	0.8503	361	363	179	2	12	0.005	0.0857	0	0.01	1
0.0283	0.1118	-0.6973	-1.7337	0.5638	0.1762	-0.1844	0.9669	362	0	179	2	13	0.0072	0.2	0	0.0325	1
0.0387	0.1006	-0.2442	-0.9339	0.3724	0.2592	-0.9069	-0.3321	103	365	180	2	1	0.0049	0.2963	1	0.039	1
0.0387	0.0643	-0.2182	-1.0252	0.339	0.6119	-0.6976	0.3729	364	366	180	2	2	0.0049	0.2963	0	0.039	1
0.0343	0.1047	-0.1661	-1.083	0.355	-0.7565	-0.436	-0.4875	365	367	180	2	3	0.0034	0.4167	0	0.0343	1
0.0343	0.097	-0.2489	-1.1277	0.3503	-0.4616	-0.8869	-0.016	366	368	180	2	4	0.01	0.1515	0	0.0203	1
0.0354	0.1857	-0.3006	-1.2121	0.3493	-0.1958	-0.9318	0.3055	367	369	180	2	5	0.0033	0.1964	0	0.0354	1
0.0343	0.0913	-0.3652	-1.3579	0.3596	-0.5422	-0.8258	-0.1552	368	370	180	2	6	0.0073	0.1273	0	0.01	1
0.0343	0.0276	-0.3636	-1.3785	0.4108	-0.1569	-0.693	0.7036	369	371	180	2	7	0.0054	0.0568	0	0.01	1
0.0375	0.2256	-0.3712	-1.4321	0.4019	-0.3479	-0.5759	0.7398	370	372	180	2	8	0.0061	0.0764	0	0.2444	1
0.0343	0.1341	-0.4135	-1.5686	0.5722	-0.1845	-0.6103	0.7704	371	373	180	2	9	0.0022	0.2917	0	0.0309	1
0.0343	0.088	-0.4193	-1.623	0.6789	-0.0063	-0.1155	0.9933	372	374	180	2	10	0.0035	0.1273	0	0.01	1
0.0343	0.0746	-0.4122	-1.6146	0.6903	-0.4939	-0.8318	-0.2534	373	375	180	2	11	0.0053	0.1364	0	0.01	1
0.0343	0.0401	-0.4814	-1.6748	0.6344	-0.235	-0.9591	0.1577	374	0	180	2	12	0.0052	0.1136	0	0.01	1
0.033	0.1594	-0.2439	-0.9249	0.4979	-0.4598	0.246	0.8533	104	377	181	2	1	0.0026	0.3125	1	0.033	1
0.033	0.0926	-0.3172	-0.8856	0.6339	0.3807	0.3586	0.8524	376	378	181	2	2	0.0026	0.3125	0	0.033	1
0.0285	0.1739	-0.2845	-0.8625	0.7394	-0.0419	0.9356	0.3505	377	379	181	2	3	0.0057	0.0583	0	0.0354	1
0.0122	0.0828	-0.3276	-0.7643	0.8265	-0.2026	0.4622	0.8633	378	380	181	2	4	0.01	0.05	0	0.01	1
0.0081	0.1003	-0.2963	-0.7122	0.8028	0.2522	0.9312	0.263	379	0	181	2	5	0.01	0.05	0	0.01	1
0.0322	0.1254	-0.2674	-0.9455	0.3917	-0.2574	-0.8473	0.4646	104	382	182	2	1	0.0042	0.4583	0	0.0322	1
0.0334	0.0447	-0.2967	-1.0655	0.451	-0.181	0.032	0.983	381	383	182	2	2	0.0039	0.3333	0	0.0334	1
0.0437	0.1172	-0.2992	-1.0557	0.4859	-0.555	0.7519	0.3559	382	384	182	2	3	0.0074	0.131	0	0.0487	1
0.043	0.0739	-0.3589	-0.9878	0.5182	-0.8787	-0.3691	0.3029	383	385	182	2	4	0.004	0.3	0	0.0452	1
0.0402	0.1477	-0.3849	-1.0254	0.5479	-0.2587	-0.9659	0.0092	384	386	182	2	5	0.0052	0.2667	0	0.0402	1
0.0425	0.1585	-0.4287	-1.1982	0.5368	-0.3275	-0.308	0.8932	385	387	182	2	6	0.0168	0.102	0	0.0809	1
0.0322	0.0025	-0.4808	-1.2503	0.6776	-0.4165	-0.1973	0.8875	386	388	182	2	7	0.0231	0.0909	0	0.01	1
0.0388	0.2089	-0.4749	-1.1772	0.6551	-0.2679	0.329	0.9055	387	389	182	2	8	0.0139	0.0769	0	0.1471	1
0.0322	0.1074	-0.5571	-1.0649	0.8135	-0.1336	0.5177	0.8451	388	390	182	2	9	0.0116	0.0758	0	0.01	1
0.0322	0.1078	-0.5083	-1.0642	0.8103	-0.3323	-0.8944	0.2994	389	0	182	2	10	0.0015	0.0606	0	0.01	1
0.0407	0.0953	-0.1711	-0.9504	0.5269	0.4966	0.1438	0.856	104	392	187	2	1	0.0051	0.1429	1	0.0407	1
0.04	0.1928	-0.1237	-0.9367	0.6085	0.5886	-0.6405	0.4933	391	393	187	2	2	0.0051	0.1429	0	0.0407	1
0.0284	0.1229	-0.0263	-1.0484	0.6642	0.5949	-0.6704	-0.4434	392	394	187	2	3	0.0038	0.25	0	0.0284	1
0.0346	0.0503	0.0111	-1.1534	0.595	0.5539	-0.8292	-0.0746	393	395	187	2	4	0.0046	0.25	0	0.0364	1
0.028	0.1773	0.0419	-1.1858	0.5906	0.362	-0.0511	0.9308	394	396	187	2	5	0.003	0.1458	0	0.028	1
0.0143	0.1703	0.0974	-1.1748	0.7544	0.4249	0.2418	0.8724	395	397	187	2	6	0.01	0.05	0	0.01	1
0.0081	0.1336	0.1617	-1.136	0.9071	0.3882	0.2313	0.8921	396	0	187	2	7	0.01	0.05	0	0.01	1
0.0275	0.0518	-0.0856	-1.1543	0.6146	0.8863	-0.1901	-0.4222	106	399	191	2	1	0.0054	0.3125	1	0.0258	1
0.024	0.109	-0.0398	-1.1641	0.5928	0.0015	-0.9936	-0.1132	398	400	191	2	2	0.0054	0.3125	0	0.0258	1
0.0418	0.1314	0.0276	-1.2621	0.5815	-0.0355	0.33	-0.9433	399	401	191	2	3	0.0039	0.2222	0	0.0418	1
0.01	0.0515	-0.009	-1.2301	0.4617	-0.3182	0.6374	-0.7018	400	0	191	2	4	0.01	0.05	0	0.01	1
0.01	0.085	-0.0965	-1.3107	0.6825	0.4317	-0.5943	-0.6786	108	403	194	2	1	0.01	0.05	1	0.01	1
0.01	0.1175	-0.0599	-1.3612	0.6248	-0.7926	-0.4661	-0.3931	402	404	194	2	2	0.01	0.05	0	0.01	1
0.01	0.0989	-0.153	-1.416	0.5786	0.2475	-0.9439	-0.2187	403	0	194	2	3	0.01	0.05	0	0.01	1
0.0094	0.1109	-0.1353	-1.4929	0.7677	0.5655	-0.0115	-0.8247	112	406	200	2	1	0.0027	0.25	0	0.0293	1
0.0095	0.0646	-0.0983	-1.4979	0.6692	-0.0316	0.9247	-0.3794	405	0	200	2	2	0.01	0.05	0	0.01	1
0.0264	0.1347	-0.1527	-1.5607	0.871	-0.4181	-0.3116	0.8533	112	408	203	2	1	0.0059	0.175	0	0.0305	1
0.0257	0.1548	-0.2464	-1.5929	0.9518	-0.2654	-0.964	0.0162	407	409	203	2	2	0.0049	0.1375	0	0.0342	1
0.018	0.0085	-0.281	-1.7427	0.9609	-0.4366	-0.8257	0.3573	408	410	203	2	3	0.0076	0.175	0	0.01	1
0.0223	0.162	-0.2658	-1.7501	0.9814	-0.5113	-0.665	0.5443	409	411	203	2	4	0.0052	0.125	0	0.305	1
0.0145	0.081	-0.3649	-1.8508	1.0616	-0.5302	-0.711	0.4618	410	412	203	2	5	0.01	0.05	0	0.01	1
0.0161	0.0633	-0.3948	-1.9247	1.0759	-0.5923	-0.7769	0.2134	411	413	203	2	6	0.0029	0.15	0	0.0164	1
0.01	0.0322	-0.4232	-1.9562	1.1197	-0.4713	-0.6947	0.5433	412	414	203	2	7	0.01	0.05	0	0.01	1
0.0088	0.0297	-0.441	-2.0286	1.1201	-0.4096	-0.2761	0.8694	413	415	203	2	8	0.01	0.05	0	0.01	1
0.0054	0.092	-0.4532	-2.0365	1.1461	-0.3798	-0.6578	0.6504	414	0	203	2	9	0.01	0.05	0	0.01	1
0.01	0.2283	0.12	0.3393	0.2195	-0.8869	-0.3069	0.3453	125	417	671	2	1	0.01	0.05	0	0.01	0
0.01	0.0683	-0.0824	0.2589	0.2895	0.476	-0.5702	0.6696	416	0	671	2	2	0.01	0.05	0	0.01	0
0.0241	0.0809	0.1416	-0.3208	0.5811	-0.3845	-0.0049	0.9231	142	419	213	2	1	0.0063	0.1875	0	0.0239	0
0.0235	0.1179	0.1086	-0.328	0.6566	0.2823	0.0311	0.9588	418	420	213	2	2	0.005	0.2	0	0.0295	0
0.0144	0.0449	0.1356	-0.322	0.7639	-0.438	0.5574	0.7053	419	421	213	2	3	0.01	0.05	0	0.01	0
0.01	0.0702	0.116	-0.297	0.7956	0.9018	0.3257	-0.2839	420	0	213	2	4	0.01	0.05	0	0.01	0
0.0369	0.2586	-0.033	0.1335	0.3169	0.2524	0.9013	-0.352	137	423	673	2	1	0.0188	0.25	1	0.0552	0
0.0368	0.4434	0.0323	0.3679	0.2221	0.4971	-0.8267	-0.2637	422	424	673	2	2	0.0234	0.2428	0	0.0552	0
0.038	0.1153	0.317	0.0286	0.1431	0.2599	-0.9367	0.2348	423	425	673	2	3	0.0028	0.3889	0	0.0422	0
0.0324	0.0824	0.378	-0.0468	0.1779	0.3529	-0.5199	0.7779	424	426	673	2	4	0.0149	0.2121	0	0.0324	0
0.029	0.09	0.4335	-0.0984	0.2205	0.6052	-0.1053	0.7891	425	427	673	2	5	0.018	0.2	0	0.029	0
0.035	0.0297	0.4762	-0.0542	0.2951	0.6663	0.097	0.7394	426	428	673	2	6	0.0034	0.0303	0	0.04	0
0.0355	0.1171	0.489	-0.0531	0.316	0.0706	-0.7038	0.7069	427	429	673	2	7	0.0078	0.1389	0	0.047	0
0.0272	0.0857	0.5235	-0.1177	0.3804	0.6565	-0.7134	0.2451	428	430	673	2	8	0.0033	0.2917	0	0.0272	0
0.0272	0.1056	0.5823	-0.1734	0.4015	0.8172	-0.4097	0.4053	429	431	673	2	9	0.0037	0.4167	0	0.0272	0
0.0254	0.1104	0.6632	-0.2405	0.4252	0.7409	-0.5148	0.4313	430	432	673	2	10	0.0035	0.375	0	0.0254	0
0.0273	0.1076	0.7557	-0.289	0.4691	0.6423	-0.6553	0.3975	431	433	673	2	11	0.0046	0.375	0	0.0273	0
0.0354	0.0734	0.8184	-0.3676	0.4722	0.5944	-0.8015	0.0652	432	434	673	2	12	0.0039	0.3704	0	0.0382	0
0.0328	0.0702	0.8808	-0.4132	0.4936	0.709	-0.6425	-0.2906	433	435	673	2	13	0.0054	0.2917	0	0.0339	0
0.0244	0.1036	0.9256	-0.4599	0.5003	0.811	-0.5734	0.1167	434	436	673	2	14	0.0033	0.2917	0	0.0244	0
0.0237	0.0856	1.0114	-0.5182	0.5115	0.6216	-0.7049	0.3418	435	437	673	2	15	0.0075	0.0778	0	0.0166	0
0.0238	0.0704	1.0644	-0.5818	0.5312	0.8472	-0.507	0.159	436	438	673	2	16	0.0095	0.3438	0	0.0238	0
0.0248	0.0022	1.1244	-0.6172	0.5428	0.6868	-0.7251	-0.0495	437	439	673	2	17	0.0103	0.5	0	0.0248	0
0.0237	0.0954	1.1206	-0.6231	0.5494	0.8328	-0.2994	0.4655	438	440	673	2	18	0.0024	0.2813	0	0.02	0
0.0237	0.0906	1.191	-0.6627	0.5957	0.7542	-0.6429	-0.1335	439	441	673	2	19	0.0077	0.24	0	0.0168	0
0.0237	0.1256	1.2635	-0.7164	0.5782	0.8529	-0.4249	0.3032	440	442	673	2	20	0.0024	0.3125	0	0.0191	0
0.0298	0.1207	1.3521	-0.7568	0.6188	0.1142	-0.0291	0.993	441	443	673	2	21	0.0031	0.2813	0	0.0312	0
0.0237	0.0745	1.3666	-0.7476	0.737	-0.2638	0.1481	0.9531	442	444	673	2	22	0.0023	0.4167	0	0.0237	0
0.0257	0.0382	1.3696	-0.7104	0.8089	-0.4052	0.3231	0.8552	443	445	673	2	23	0.0113	0.2222	0	0.0257	0
0.0288	0.0962	1.3475	-0.7442	0.8432	0.8885	-0.1445	-0.4356	444	446	673	2	24	0.0037	0.4167	0	0.0297	0
0.0237	0.0701	1.4318	-0.7573	0.7996	0.7762	-0.1663	-0.6081	445	447	673	2	25	0.0025	0.375	0	0.0228	0
0.0283	0.112	1.4873	-0.7706	0.7443	0.7388	-0.6579	0.1457	446	448	673	2	26	0.0028	0.2188	0	0.0316	0
0.0237	0.0607	1.583	-0.781	0.7652	0.7323	-0.1965	0.652	447	449	673	2	27	0.0064	0.125	0	0.01	0
0.0271	0.1118	1.6095	-0.8555	0.7533	0.9334	-0.3462	0.0946	448	450	673	2	28	0.0026	0.2083	0	0.0301	0
0.0238	0.1447	1.715	-0.8956	0.7599	0.8815	-0.3004	0.3644	449	451	673	2	29	0.002	0.2	0	0.0238	0
0.0237	0.0991	1.835	-0.9251	0.8259	0.7915	-0.1338	0.5964	450	452	673	2	30	0.0036	0.12	0	0.01	0
0.0243	0.0895	1.8515	-0.9543	0.811	0.701	-0.536	-0.4705	451	453	673	2	31	0.0027	0.2188	0	0.0254	0
0.0237	0.0263	1.9268	-0.9747	0.7516	0.337	-0.6057	-0.7208	452	454	673	2	32	0.0027	0.1	0	0.01	0
0.0237	0.0673	1.9233	-1.0203	0.7194	0.893	-0.4311	0.1293	453	0	673	2	33	0.0068	0.12	0	0.01	0
0.01	0.2525	-0.0001	-0.0313	0.2085	0.7342	-0.5977	0.322	137	456	358	2	1	0.01	0.05	0	0.01	0
0.01	0.0807	0.1852	-0.1823	0.2898	-0.8644	0.2881	0.4121	455	457	358	2	2	0.01	0.05	0	0.01	0
0.01	0.0425	0.1155	-0.159	0.3231	-0.1769	0.2148	0.9605	456	0	358	2	3	0.01	0.05	0	0.01	0
0.01	0.247	0.1301	-0.2299	0.5457	0.7993	-0.5391	-0.2656	142	459	362	2	1	0.01	0.05	0	0.01	0
0.01	0.0863	0.3275	-0.363	0.4801	0.6126	0.0846	-0.7859	458	0	362	2	2	0.01	0.05	0	0.01	0
0.0266	0.0919	0.296	-0.3761	0.6608	0.5603	-0.8281	0.0192	143	461	544	2	1	0.0069	0.25	0	0.0266	0
0.0259	0.1248	0.3467	-0.4611	0.6589	0.6377	-0.3417	0.6904	460	462	544	2	2	0.0025	0.2188	0	0.0263	0
0.0166	0.0752	0.4198	-0.507	0.7492	0.5856	-0.7381	0.3352	461	463	544	2	3	0.0074	0.1	0	0.01	0
0.0116	0.1415	0.4688	-0.5569	0.7755	0.7263	-0.6754	0.128	462	464	544	2	4	0.01	0.05	0	0.01	0
0.0068	0.0793	0.5716	-0.6525	0.7936	0.4022	-0.1796	0.8978	463	0	544	2	5	0.01	0.05	0	0.01	0
0.0281	0.1981	0.3693	-0.5988	1.1348	-0.4601	-0.8147	0.3529	148	466	612	2	1	0.0048	0.1406	0	0.0281	0
0.0325	0.1002	0.2954	-0.7661	1.192	-0.1927	-0.964	0.1833	465	467	612	2	2	0.0029	0.25	0	0.0326	0
0.0323	0.1942	0.269	-0.8597	1.2141	-0.1608	-0.9036	0.397	466	468	612	2	3	0.0117	0.0909	0	0.0653	0
0.0233	0.1266	0.2774	-1.0116	1.2518	0.2686	-0.921	-0.282	467	469	612	2	4	0.0033	0.0857	0	0.01	0
0.0315	0.0892	0.2603	-1.0913	1.2428	-0.1826	-0.7295	0.6592	468	470	612	2	5	0.0092	0.1375	0	0.0417	0
0.0217	0.016	0.2666	-1.1527	1.2769	0.6927	-0.4461	0.5668	469	471	612	2	6	0.0044	0.0833	0	0.01	0
0.0257	0.4925	0.3033	-1.135	1.3067	0.396	-0.7941	0.4611	470	472	612	2	7	0.0079	0.044	0	1.4935	0
0.0158	0.1049	0.5128	-1.3536	1.6233	0.4956	-0.4325	0.7532	471	473	612	2	8	0.0036	0.0833	0	0.01	0
0.017	0.0938	0.4872	-1.5079	1.523	0.3469	-0.8608	0.3725	472	474	612	2	9	0.0068	0.0478	0	0.088	0
0.0099	0.0162	0.5038	-1.5893	1.5448	0.1353	-0.9839	-0.1169	473	475	612	2	10	0.01	0.05	0	0.01	0
0.0062	0.2105	0.506	-1.6052	1.5429	0.9853	-0.0783	0.1518	474	0	612	2	11	0.01	0.05	0	0.01	0
0.0256	0.1894	0.4366	-0.581	1.0757	0.8185	-0.5732	0.0397	147	477	613	2	1	0.0064	0.2708	0	0.0271	0
0.0292	0.1238	0.5635	-0.678	1.0453	0.5447	-0.5992	-0.5867	476	478	613	2	2	0.0082	0.18	0	0.0558	0
0.0145	0.1478	0.6534	-0.7244	0.973	0.6268	-0.4996	-0.5979	477	479	613	2	3	0.01	0.05	0	0.01	0
0.01	0.0945	0.7496	-0.8038	0.8945	0.6512	-0.5356	-0.5376	478	0	613	2	4	0.01	0.05	0	0.01	0
0.0287	0.1701	-0.2303	0.4929	0.5333	-0.9627	0.2601	-0.0741	165	481	240	2	1	0.0077	0.35	0	0.0287	0
0.0262	0.1032	-0.4035	0.533	0.5274	-0.3956	0.9183	0.0182	480	482	240	2	2	0.0037	0.2917	0	0.0253	0
0.0326	0.1125	-0.448	0.6556	0.5242	0.9873	0.1435	0.0676	481	483	240	2	3	0.0038	0.375	0	0.0326	0
0.0328	0.0802	-0.326	0.6682	0.537	0.4804	0.2966	-0.8254	482	484	240	2	4	0.0083	0.2045	0	0.0382	0
0.0287	0.1519	-0.2943	0.7175	0.4684	0.7328	0.1343	-0.667	483	485	240	2	5	0.0119	0.1286	0	0.0554	0
0.0228	0.1468	-0.1786	0.7401	0.3759	0.8569	0.1932	-0.4779	484	486	240	2	6	0.0254	0.1143	0	0.0667	0
0.01	0.1332	-0.059	0.7758	0.3153	0.5481	0.7987	-0.2483	485	0	240	2	7	0.01	0.05	0	0.01	0
0.0369	0.2823	-0.2375	0.4491	0.5887	-0.36	0.9185	0.1634	165	488	674	2	1	0.0201	0.1845	1	0.0506	0
0.0354	0.0748	-0.2794	0.7402	0.6085	-0.3895	0.8986	0.2021	487	489	674	2	2	0.0133	0.2	0	0.0506	0
0.0292	0.2309	-0.3103	0.8091	0.6385	-0.0125	0.9935	-0.1128	488	490	674	2	3	0.0064	0.0211	0	0.053	0
0.0134	0.1369	-0.3225	1.0372	0.6238	-0.2018	0.9779	-0.0543	489	491	674	2	4	0.01	0.05	0	0.01	0
0.0099	0.1588	-0.244	1.0613	0.5549	0.4472	0.7251	-0.5237	490	492	674	2	5	0.01	0.05	0	0.01	0
0.0042	0.0411	-0.1316	1.1119	0.5511	0.8844	0.4583	-0.0884	491	0	674	2	6	0.0225	0.125	0	0.01	0
0.0221	0.0956	-0.0032	0.4398	0.6234	0.1114	0.6119	0.7831	166	494	529	2	1	0.0061	0.3438	0	0.0244	0
0.0162	0.0318	-0.0041	0.4844	0.6959	-0.733	0.6457	-0.2138	493	495	529	2	2	0.0092	0.15	0	0.01	0
0.0131	0.056	-0.02	0.5107	0.6855	-0.286	0.7473	0.5997	494	496	529	2	3	0.01	0.05	0	0.01	0
0.01	0.1373	-0.036	0.5525	0.7191	-0.8512	0.3754	-0.3667	495	0	529	2	4	0.01	0.05	0	0.01	0
0.0053	0.1334	-0.1757	0.219	0.9397	0.5373	-0.3509	-0.7669	195	498	261	2	1	0.0033	0.1286	0	0.0631	1
0.0066	0.0437	-0.0881	0.1883	0.8918	0.1169	0.9422	-0.3141	497	499	261	2	2	0.01	0.05	0	0.01	1
0.0056	0.1016	-0.083	0.2295	0.8781	0.032	0.8797	0.4745	498	0	261	2	3	0.01	0.05	0	0.01	1
0.0164	0.0894	-0.4106	0.1297	1.0417	-0.9874	0.0253	0.156	198	501	677	2	1	0.0208	0.28	0	0.0383	0
0.01	0.0705	-0.5148	0.1248	1.0348	-0.7404	-0.2102	0.6384	500	0	677	2	2	0.01	0.05	0	0.01	0
0.0132	0.0435	1.0162	0.5774	0.0575	0.5595	-0.3889	0.7319	229	503	277	3	1	0.0071	0.375	1	0.0245	1
0.0132	0.1359	1.0413	0.5549	0.0894	0.884	0.1321	0.4484	502	504	277	3	2	0.0112	0.2286	0	0.0245	1
0.01	0.0478	1.1655	0.5832	0.1449	0.5091	-0.5494	-0.6625	503	0	277	3	3	0.01	0.05	0	0.01	1
0.0259	0.0351	0.1947	1.1363	0.1708	-0.9156	-0.1135	0.3858	236	506	404	3	1	0.0128	0.2188	1	0.0259	1
0.0259	0.1168	0.1626	1.1324	0.1844	-0.9909	0.1334	0.0153	505	507	404	3	2	0.0128	0.2188	0	0.0259	1
0.0265	0.0974	0.0538	1.1467	0.1985	-0.7074	-0.6227	0.3346	506	508	404	3	3	0.0033	0.2917	0	0.0291	1
0.0149	0.0358	-0.029	1.0902	0.2223	-0.2931	-0.956	0.0096	507	509	404	3	4	0.01	0.05	0	0.01	1
0.0104	0.0634	-0.0401	1.0571	0.2246	0.049	-0.8673	0.4954	508	510	404	3	5	0.01	0.05	0	0.01	1
0.0067	0.0278	-0.0395	1.0018	0.2548	-0.4387	0.3743	0.817	509	0	404	3	6	0.01	0.05	0	0.01	1
0.0087	0.2167	0.3346	1.3805	0.1918	-0.9271	-0.3744	0.0167	240	512	468	3	1	0.0212	0.0909	1	0.0254	1
0.0087	0.0706	0.1168	1.3146	0.2039	-0.6897	-0.7188	-0.088	511	0	468	3	2	0.0164	0.16	0	0.0254	1
0.0052	0.1772	0.258	1.3456	0.1374	-0.0744	0.9823	-0.172	239	514	561	3	1	0.0171	0.0667	0	0.0211	1
0.0056	0.103	0.2816	1.5485	0.1403	-0.2154	0.8442	-0.4908	513	515	561	3	2	0.0471	0.1833	0	0.054	1
0.0056	0.0361	0.2817	1.6374	0.1056	-0.3797	0.8193	0.4296	514	0	561	3	3	0.01	0.05	0	0.01	1
0.007	0.27	1.2234	0.8781	0.5006	-0.5879	-0.3142	-0.7455	251	517	470	3	1	0.0081	0.15	1	0.0332	1
0.0065	0.1238	1.066	0.799	0.2932	0.8463	0.2851	0.4501	516	518	470	3	2	0.026	0.1	0	0.0332	1
0.0057	0.1904	1.1537	0.7665	0.4193	0.7228	0.4014	0.5624	517	519	470	3	3	0.0522	0.11	0	0.0774	1
0.0043	0.0862	1.2721	0.8069	0.528	-0.3485	0.2265	0.9095	518	520	470	3	4	0.0087	0.0625	0	0.01	1
0.0031	0.0783	1.2402	0.8243	0.6061	-0.746	0.6517	0.1372	519	0	470	3	5	0.0073	0.08	0	0.01	1
0.0244	0.079	0.9508	0.9652	0.1891	0.0216	-0.434	0.9007	255	522	282	3	1	0.0096	0.4815	1	0.0428	1
0.0244	0.0754	0.9427	0.9306	0.2694	-0.1353	0.985	-0.1071	521	523	282	3	2	0.0157	0.325	0	0.0428	1
0.0244	0.0167	0.9627	0.9908	0.2739	0.5275	0.5617	-0.6374	522	524	282	3	3	0.0092	0.16	0	0.01	1
0.0244	0.0581	0.961	1.0014	0.2591	0.3503	0.6537	-0.6708	523	0	282	3	4	0.0059	0.175	0	0.01	1
0.01	0.2304	1.2716	1.2296	0.3518	0.0517	-0.083	0.9952	268	526	289	3	1	0.01	0.05	0	0.01	1
0.01	0.1022	1.2835	1.2105	0.5811	-0.137	0.0636	0.9885	525	0	289	3	2	0.01	0.05	0	0.01	1
0.0187	0.1082	1.1733	1.1365	0.3378	-0.7282	-0.5261	-0.4392	270	528	290	3	1	0.0044	0.4583	0	0.0174	1
0.0278	0.1023	1.0805	1.0888	0.2792	-0.7066	-0.5725	0.4159	527	529	290	3	2	0.0043	0.3125	0	0.031	1
0.0174	0.034	1.0003	1.0147	0.2986	-0.729	-0.4247	0.5368	528	530	290	3	3	0.01	0.05	0	0.01	1
0.0174	0.1059	0.9755	1.0003	0.317	-0.9815	0.1758	-0.0761	529	0	290	3	4	0.0154	0.075	0	0.01	1
0.0201	0.1061	1.1589	1.0827	0.6384	0.0352	0.4553	0.8896	272	532	293	3	1	0.0048	0.2083	0	0.0243	1
0.0151	0.0379	1.151	1.1299	0.7226	-0.6408	-0.1762	0.7472	531	533	293	3	2	0.0115	0.1333	0	0.01	1
0.0126	0.1045	1.1243	1.1251	0.75	0.1845	0.6337	0.7513	532	534	293	3	3	0.01	0.05	0	0.01	1
0.01	0.0486	1.1424	1.1915	0.8391	0.7983	0.5979	0.0723	533	0	293	3	4	0.01	0.05	0	0.01	1
0.028	0.0794	-1.5711	-1.0775	-0.0184	0.8545	-0.5078	-0.1098	292	536	687	3	1	0.0139	0.24	0	0.0489	0
0.028	0.1248	-1.4993	-1.1244	-0.0253	-0.7308	-0.5534	-0.3997	535	537	687	3	2	0.0077	0.2167	0	0.0356	0
0.0149	0.0479	-1.6041	-1.1893	-0.0467	-0.1579	-0.9851	0.0686	536	538	687	3	3	0.01	0.05	0	0.01	0
0.01	0.1112	-1.6117	-1.2365	-0.0434	-0.7753	-0.3162	0.5467	537	0	687	3	4	0.01	0.05	0	0.01	0
0.0164	0.0506	-1.6056	-1.077	0.0329	-0.3257	0.5197	0.7898	292	540	477	3	1	0.0046	0.2813	0	0.0175	0
0.0126	0.0815	-1.6192	-1.0392	0.076	-0.358	-0.1668	0.9187	539	541	477	3	2	0.01	0.05	0	0.01	0
0.01	0.0846	-1.6484	-1.0528	0.1509	-0.4919	0.7031	0.5135	540	0	477	3	3	0.01	0.05	0	0.01	0
0.0292	0.0354	-0.2392	-0.6442	0.503	0.4484	0.8401	0.3054	321	543	693	3	1	0.0078	0.2813	1	0.0289	0
0.0292	0.1037	-0.2233	-0.6144	0.5138	-0.7184	0.0341	0.6948	542	544	693	3	2	0.0078	0.2813	0	0.0289	0
0.0292	0.1632	-0.2685	-0.5713	0.5314	-0.782	0.6224	0.0316	543	545	693	3	3	0.004	0.3	0	0.0342	0
0.0292	0.0908	-0.3899	-0.4801	0.5365	0.8523	0.5151	0.091	544	546	693	3	4	0.0033	0.5	0	0.0292	0
0.0292	0.1618	-0.3243	-0.4487	0.5462	-0.2511	0.277	0.9275	545	547	693	3	5	0.0032	0.275	0	0.0283	0
0.0292	0.0621	-0.3113	-0.4048	0.6876	0.0636	0.9511	0.3022	546	548	693	3	6	0.0093	0.0571	0	0.0618	0
0.0292	0.0208	-0.3241	-0.3556	0.6671	0.3882	0.8404	-0.3782	547	549	693	3	7	0.01	0.05	0	0.01	0
0.0292	0.0425	-0.3244	-0.3373	0.6374	0.0365	0.999	0.0274	548	550	693	3	8	0.0063	0.2	0	0.01	0
0.0292	0.2025	-0.3076	-0.3226	0.6425	-0.0146	0.1325	0.9911	549	551	693	3	9	0.0088	0.125	0	0.0379	0
0.0292	0.0307	-0.3278	-0.3418	0.826	0.131	-0.3902	0.9114	550	552	693	3	10	0.0042	0.1	0	0.01	0
0.0292	0.1188	-0.3224	-0.3187	0.8584	0.5677	-0.1245	0.8138	551	553	693	3	11	0.0089	0.0857	0	0.01	0
0.0292	0.1105	-0.2345	-0.3352	0.9607	-0.2797	-0.2367	0.9305	552	0	693	3	12	0.0036	0.0714	0	0.01	0
0.0372	0.1044	0.0286	-0.9204	0.3816	-0.1259	-0.6505	-0.749	330	555	319	3	1	0.0093	0.2778	1	0.0405	1
0.0369	0.0977	0.0155	-0.9883	0.3034	0.2288	-0.2527	0.9401	554	556	319	3	2	0.0093	0.2778	0	0.0405	1
0.0269	0.077	0.0373	-1.0204	0.3837	0.9034	-0.3775	0.2033	555	557	319	3	3	0.0045	0.14	0	0.01	1
0.0321	0.4042	0.1521	-1.0903	0.4168	0.685	0.5581	-0.4682	556	558	319	3	4	0.0087	0.0519	0	0.0589	1
0.0157	0.3006	0.4339	-0.8758	0.2205	0.6841	0.5841	-0.4368	557	559	319	3	5	0.003	0.0313	0	0.01	1
0.01	0.1693	0.5884	-0.6911	0.2559	0.6127	0.7769	0.1453	558	560	319	3	6	0.01	0.05	0	0.01	1
0.0049	0.0717	0.651	-0.6123	0.1488	0.5482	0.7031	-0.4529	559	0	319	3	7	0.009	0.075	0	0.01	1
0.013	0.217	-0.0409	-0.9245	0.4342	0.0764	-0.9766	-0.201	330	562	323	3	1	0.0121	0.1091	0	0.028	1
0.0111	0.0077	-0.0217	-1.1342	0.3765	0.3658	-0.9277	-0.0747	561	563	323	3	2	0.01	0.05	0	0.01	1
0.01	0.0827	-0.0189	-1.1414	0.3759	-0.2032	-0.3806	-0.9022	562	0	323	3	3	0.01	0.05	0	0.01	1
0.0372	0.1568	-0.0063	-0.9171	0.4633	0.1838	-0.1545	0.9707	331	565	694	3	1	0.0082	0.4222	0	0.0417	1
0.0372	0.2426	0.0305	-0.9556	0.6183	0.3418	0.3619	0.8673	564	566	694	3	2	0.0043	0.1389	0	0.0357	1
0.0372	0.0218	0.1114	-0.8811	0.8301	0.3302	0.0446	0.9429	565	567	694	3	3	0.0073	0.0952	0	0.01	1
0.0372	0.0801	0.0979	-0.8922	0.8593	0.5695	-0.7697	0.2886	566	0	694	3	4	0.0041	0.0833	0	0.01	1
0.0212	0.0835	-0.3504	-0.8048	0.4861	0.8172	0.1772	0.5484	0	569	696	0	1	0.0045	0.4167	0	0.0212	0
0.0212	0.1129	-0.2905	-0.8246	0.5409	-0.7553	0.3312	0.5655	568	570	696	0	2	0.0139	0.22	0	0.0423	0
0.0212	0.0665	-0.3854	-0.7676	0.6138	-0.6712	-0.5538	0.4927	569	0	696	0	3	0.0064	0.0857	0	0.01	0
0.0091	0.0522	-0.5725	-1.4515	0.358	0.2945	0.7913	0.5359	359	572	496	3	1	0.0112	0.2	0	0.0218	1
0.0093	0.0532	-0.5394	-1.4134	0.3888	-0.2311	-0.6651	0.7101	571	573	496	3	2	0.01	0.05	0	0.01	1
0.0092	0.0732	-0.5517	-1.4488	0.4266	0.0853	-0.9629	0.256	572	0	496	3	3	0.01	0.05	0	0.01	1
0.0174	0.1144	-0.1486	-1.0984	0.3892	-0.3282	-0.8523	0.4072	366	575	435	3	1	0.0031	0.375	0	0.0348	1
0.01	0.035	-0.1681	-1.2165	0.449	-0.4049	-0.7166	-0.568	574	0	435	3	2	0.01	0.05	0	0.01	1
0.0334	0.1611	-0.3072	-1.2995	0.3421	0.2894	0.6829	-0.6708	368	577	436	3	1	0.0098	0.375	1	0.0334	1
0.0323	0.1418	-0.2606	-1.1895	0.234	-0.0939	-0.7507	0.654	576	578	436	3	2	0.0098	0.375	0	0.0334	1
0.0297	0.122	-0.2751	-1.3164	0.3124	0.4492	-0.5304	0.7189	577	579	436	3	3	0.0039	0.3438	0	0.0323	1
0.0221	0.1276	-0.1992	-1.3762	0.3871	0.5059	0.0902	0.8578	578	580	436	3	4	0.0063	0.0583	0	0.0288	1
0.0081	0.0099	-0.169	-1.3501	0.5033	0.2748	0.2129	0.9376	579	0	436	3	5	0.01	0.05	0	0.01	1
0.0266	0.0643	-0.3603	-1.0885	0.5453	0.9518	-0.2975	-0.0749	385	582	698	3	1	0.0071	0.375	1	0.0276	1
0.0242	0.1118	-0.2991	-1.1077	0.5405	0.0851	0.39	0.9169	581	583	698	3	2	0.0071	0.375	0	0.0276	1
0.0166	0.1447	-0.2882	-1.0705	0.6439	0	0.1374	0.9905	582	584	698	3	3	0.0028	0.175	0	0.021	1
0.01	0.0582	-0.2895	-1.0376	0.791	-0.2007	-0.2913	0.9354	583	0	698	3	4	0.01	0.05	0	0.01	1
0.0037	0.0636	-0.109	-1.4008	0.6024	-0.0336	0.594	-0.8038	403	586	700	3	1	0.0144	0.18	0	0.0265	1
0.005	0.1276	-0.1361	-1.3607	0.5483	0.1302	0.9059	-0.4029	585	587	700	3	2	0.0271	0.24	0	0.0398	1
0.0025	0.0276	-0.1184	-1.2412	0.496	-0.3917	-0.1125	-0.9132	586	0	700	3	3	0.0219	0.18	0	0.01	1
0.026	0.2389	0.5119	-0.0457	0.2734	0.4678	0.1511	-0.8708	428	589	216	3	1	0.0063	0.0247	1	0.385	0
0.0242	0.2645	0.2684	-0.0429	0.1773	-0.0317	-0.9262	-0.3757	588	590	216	3	2	0.011	0.0643	0	0.385	0
0.015	0.0375	0.2479	-0.2922	0.0883	-0.131	-0.8494	-0.5113	589	591	216	3	3	0.01	0.05	0	0.01	0
0.012	0.1076	0.243	-0.324	0.0691	0.223	-0.8595	-0.4599	590	592	216	3	4	0.01	0.05	0	0.01	0
0.01	0.1967	0.267	-0.4165	0.0196	0.3432	-0.8617	0.3737	591	593	216	3	5	0.01	0.05	0	0.01	0
0.0057	0.1269	0.3345	-0.586	0.0931	-0.0878	-0.6189	0.7806	592	0	216	3	6	0.01	0.05	0	0.01	0
0.0308	0.1351	0.3411	-0.0169	0.1684	-0.7617	0.6176	-0.1956	425	595	707	3	1	0.0108	0.3833	1	0.0536	0
0.0308	0.2835	0.2475	0.0645	0.1351	0.3363	0.9237	0.1832	594	596	707	3	2	0.0241	0.4267	0	0.0536	0
0.0307	0.1855	0.3421	0.3281	0.1868	0.9125	0.3727	-0.1688	595	597	707	3	3	0.0306	0.3	0	0.0661	0
0.0307	0.1317	0.5083	0.4045	0.1641	0.9331	0.3589	0.0239	596	598	707	3	4	0.014	0.4857	0	0.0414	0
0.0307	0.1013	0.6305	0.4771	0.1612	0.9969	0.0456	0.0647	597	599	707	3	5	0.0169	0.55	0	0.0445	0
0.0307	0.1537	0.7345	0.4948	0.1652	0.9352	-0.2623	-0.2379	598	600	707	3	6	0.0148	0.5	0	0.0364	0
0.0306	0.1632	0.888	0.4821	0.1491	0.9334	-0.0675	-0.3524	599	601	707	3	7	0.0147	0.2875	0	0.0376	0
0.0305	0.0801	1.0419	0.4695	0.0824	0.8414	0.538	0.05	600	602	707	3	8	0.0041	0.5	0	0.0305	0
0.0305	0.126	1.1175	0.5104	0.0572	0.7417	0.6518	0.1582	601	603	707	3	9	0.0104	0.2	0	0.0201	0
0.0305	0.0996	1.2221	0.5622	0.0987	0.9264	0.0799	-0.368	602	604	707	3	10	0.0026	0.25	0	0.03	0
0.0305	0.1716	1.3087	0.5896	0.0386	0.9499	0.3113	0.0292	603	605	707	3	11	0.0082	0.1111	0	0.0153	1
0.0305	0.0829	1.4863	0.6287	0.0433	0.6889	0.7028	0.1776	604	606	707	3	12	0.0029	0.3333	0	0.0341	1
0.0305	0.0882	1.5612	0.6787	0.0993	0.8551	-0.2947	-0.4265	605	607	707	3	13	0.0042	0.3125	0	0.0289	1
0.0305	0.0484	1.672	0.7014	0.053	0.4216	-0.1473	0.8947	606	0	707	3	14	0.0054	0.175	0	0.01	1
0.01	0.1975	0.5721	-0.1277	0.3558	-0.5246	-0.5129	-0.6795	426	609	367	3	1	0.01	0.05	0	0.01	0
0.01	0.0717	0.4685	-0.229	0.2216	-0.5549	-0.7583	-0.3422	608	0	367	3	2	0.01	0.05	0	0.01	0
0.0259	0.3219	0.5281	-0.1616	0.3968	0.2729	-0.7461	0.6073	429	611	448	3	1	0.01	0.0688	0	0.0373	0
0.0165	0.1812	0.6307	-0.408	0.5704	0.4642	-0.7176	0.5191	610	612	448	3	2	0.0058	0.05	0	0.01	0
0.0208	0.0931	0.6693	-0.3846	0.5923	-0.6175	0.1774	0.7663	611	613	448	3	3	0.0281	0.275	0	0.0823	0
0.0116	0.0531	0.6252	-0.3764	0.6504	0.7513	0.2119	0.625	612	614	448	3	4	0.01	0.05	0	0.01	0
0.0082	0.2026	0.6719	-0.3504	0.685	-0.4751	0.1332	0.8698	613	0	448	3	5	0.01	0.05	0	0.01	0
0.0312	0.0586	0.7269	-0.3143	0.4622	-0.4195	-0.8735	-0.247	431	616	453	3	1	0.0032	0.4167	1	0.0312	0
0.0312	0.0509	0.7023	-0.3655	0.4477	0.1648	-0.3875	0.907	615	617	453	3	2	0.0032	0.4167	0	0.0312	0
0.0312	0.1102	0.7085	-0.3843	0.4954	0.3347	-0.55	0.7651	616	618	453	3	3	0.0074	0.1571	0	0.0249	0
0.0312	0.0952	0.7399	-0.4349	0.5862	0.4101	-0.3216	0.8535	617	619	453	3	4	0.0091	0.18	0	0.01	0
0.0312	0.0468	0.7518	-0.3917	0.5673	-0.156	0.7746	0.613	618	620	453	3	5	0.0071	0.1	0	0.01	0
0.0312	0.1084	0.7294	-0.3625	0.6148	0.4627	0.6402	0.6133	619	0	453	3	6	0.0062	0.0667	0	0.01	0
0.0076	0.1311	0.7635	-0.2996	0.4919	0.5369	-0.3082	0.7853	432	622	454	3	1	0.0093	0.0429	0	0.0213	0
0.0078	0.162	0.816	-0.3264	0.6013	0.1669	-0.2351	0.9575	621	0	454	3	2	0.01	0.05	0	0.01	0
0.0225	0.0986	1.1483	-0.6288	0.5905	-0.6464	0.4482	0.6174	439	624	523	3	1	0.0063	0.3	0	0.0237	0
0.0152	0.0149	1.0934	-0.5842	0.6394	-0.4765	0.8175	-0.3235	623	625	523	3	2	0.0053	0.175	0	0.01	0
0.0126	0.0637	1.083	-0.5718	0.6301	-0.4162	0.8361	0.3573	624	626	523	3	3	0.01	0.05	0	0.01	0
0.01	0.0467	1.0565	-0.5185	0.6528	-0.6445	0.7646	0.0022	625	0	523	3	4	0.01	0.05	0	0.01	0
0.0225	0.0248	1.1812	-0.6728	0.6151	-0.3738	-0.4581	0.8065	440	628	577	3	1	0.0059	0.375	1	0.0351	0
0.0225	0.1126	1.1748	-0.6903	0.6346	0.8737	0.3786	0.3054	627	629	577	3	2	0.0091	0.2167	0	0.0351	0
0.0221	0.0571	1.2435	-0.6894	0.709	0.7839	0.0358	0.6198	628	630	577	3	3	0.0103	0.2857	0	0.0225	0
0.0215	0.1158	1.2692	-0.6913	0.7345	-0.3966	0.8	0.4502	629	631	577	3	4	0.0078	0.2	0	0.046	0
0.0203	0.1268	1.2499	-0.6336	0.7932	-0.2947	-0.0446	0.9545	630	632	577	3	5	0.0093	0.1429	0	0.0382	0
0.0134	0.066	1.2261	-0.6789	0.8795	-0.0161	-0.6613	0.75	631	633	577	3	6	0.01	0.05	0	0.01	0
0.0184	0.1021	1.2085	-0.6319	0.8625	-0.3573	0.5088	0.7833	632	634	577	3	7	0.0126	0.1667	0	0.0314	0
0.01	0.0956	1.1564	-0.5786	0.9365	-0.3446	0.1162	0.9315	633	635	577	3	8	0.01	0.05	0	0.01	0
0.0086	0.156	1.1235	-0.5675	1.0256	0.0737	0.966	-0.2479	634	636	577	3	9	0.01	0.05	0	0.01	0
0.0047	0.0528	1.1373	-0.4185	0.9807	-0.5159	0.7582	-0.3987	635	0	577	3	10	0.0145	0.1	0	0.01	0
0.0198	0.1596	1.4798	-0.7929	0.7273	0.3303	-0.535	-0.7776	447	638	614	3	1	0.0041	0.375	0	0.0201	0
0.0185	0.0896	1.5349	-0.8719	0.5993	0.7503	-0.5225	-0.405	637	0	614	3	2	0.0088	0.3571	0	0.0185	0
0.0225	0.1773	1.4722	-0.7582	0.7854	0.1767	0.1918	0.9654	446	640	631	3	1	0.006	0.1889	0	0.0332	0
0.0207	0.1502	1.5095	-0.7362	0.9475	0.7227	-0.1559	0.6734	639	641	631	3	2	0.0058	0.1429	0	0.0323	0
0.012	0.0823	1.6089	-0.7825	1.0344	0.8097	-0.5061	0.2971	640	642	631	3	3	0.01	0.05	0	0.01	0
0.01	0.103	1.6767	-0.8009	1.0705	0.8576	-0.2655	0.4405	641	643	631	3	4	0.01	0.05	0	0.01	0
0.0063	0.0291	1.7412	-0.8406	1.0519	0.8362	-0.5051	-0.2138	642	0	631	3	5	0.01	0.05	0	0.01	0
0.0128	0.0178	1.523	-0.8301	0.7714	0.8217	0.5631	0.088	447	645	632	3	1	0.0122	0.2	0	0.0274	0
0.0145	0.0848	1.5824	-0.8009	0.8154	0.4948	-0.8585	-0.1345	644	0	632	3	2	0.0036	0.1875	0	0.0191	0
0.0307	0.0784	0.3211	-0.7618	1.1684	0.728	0.1476	-0.6695	466	647	618	3	1	0.0077	0.3939	1	0.0508	0
0.0305	0.0811	0.3795	-0.7534	1.1218	0.8929	0.4473	0.0505	646	648	618	3	2	0.0177	0.26	0	0.0508	0
0.0243	0.0748	0.4225	-0.7472	1.0935	0.8319	-0.3888	-0.3959	647	649	618	3	3	0.0033	0.2917	0	0.0243	0
0.0216	0.1739	0.5021	-0.7671	1.0436	0.5585	-0.8229	0.1046	648	650	618	3	4	0.0035	0.1458	0	0.0216	0
0.0156	0.019	0.5927	-0.9122	1.0529	0.4288	-0.897	-0.1072	649	651	618	3	5	0.0076	0.1	0	0.01	0
0.0116	0.0737	0.6005	-0.9299	1.0421	0.8751	-0.4839	0.0066	650	652	618	3	6	0.01	0.05	0	0.01	0
0.0082	0.1446	0.665	-0.9655	1.0426	0.8539	0.4561	0.2508	651	0	618	3	7	0.01	0.05	0	0.01	0
0.0309	0.2339	0.3179	-0.8166	1.2068	0.2154	-0.9465	-0.2402	466	654	640	3	1	0.0075	0.1875	0	0.0349	0
0.0309	0.1248	0.3566	-1.0428	1.1723	0.7499	-0.6067	0.2638	653	655	640	3	2	0.0095	0.1833	0	0.0364	0
0.0309	0.0819	0.4587	-1.1063	1.1482	0.2697	-0.9491	-0.163	654	656	640	3	3	0.0258	0.115	0	0.0633	0
0.01	0.1131	0.4955	-1.156	1.1326	0.8344	-0.4616	-0.3012	655	0	640	3	4	0.01	0.05	0	0.01	0
0.01	0.152	-0.301	-0.4318	0.7073	-0.1731	-0.1868	0.967	547	658	484	4	1	0.01	0.05	0	0.01	0
0.01	0.1948	-0.3274	-0.4602	0.8543	0.3791	0.1652	0.9105	657	659	484	4	2	0.01	0.05	0	0.01	0
0.01	0.1138	-0.2535	-0.428	1.0316	-0.3763	-0.8567	0.3528	658	0	484	4	3	0.01	0.05	0	0.01	0
0.0095	0.1745	-0.2996	-1.0573	0.8218	-0.0741	-0.4964	-0.8649	584	661	336	4	1	0.0085	0.3125	1	0.0354	1
0.0095	0.1105	-0.3118	-1.1438	0.6709	0.1104	-0.5221	-0.8457	660	662	336	4	2	0.0253	0.2	0	0.0354	1
0.0095	0.1701	-0.3179	-1.1883	0.586	0.1382	-0.3933	0.9089	661	663	336	4	3	0.01	0.05	0	0.01	1
0.0095	0.0758	-0.2944	-1.2552	0.7406	-0.1289	0.7197	0.6822	662	0	336	4	4	0.01	0.05	0	0.01	1
0.0104	0.1138	0.2862	0.2322	0.1898	0.0442	-0.4477	0.8931	595	665	220	4	1	0.0216	0.2	0	0.0403	0
0.0093	0.0943	0.3026	0.1524	0.3054	0.942	0.2941	-0.1618	664	666	220	4	2	0.0259	0.1833	0	0.0392	0
0.0093	0.0554	0.3806	0.169	0.296	0.638	-0.7371	-0.223	665	0	220	4	3	0.01	0.05	0	0.01	0
0.0308	0.0608	0.2903	0.095	0.1513	0.9032	-0.3398	0.2622	595	668	221	4	1	0.0093	0.4063	1	0.0353	0
0.0308	0.1104	0.3452	0.0744	0.1672	0.6746	-0.3307	0.66	667	669	221	4	2	0.0093	0.4063	0	0.0353	0
0.0308	0.2752	0.4139	0.0398	0.2457	0.6669	-0.1626	0.7272	668	670	221	4	3	0.0063	0.4	0	0.0352	0
0.0308	0.0832	0.5902	-0.0005	0.4532	0.5497	-0.351	0.758	669	671	221	4	4	0.0175	0.54	0	0.04	0
0.0308	0.0941	0.6445	-0.0418	0.5067	0.6377	-0.1474	0.7561	670	672	221	4	5	0.0164	0.48	0	0.0498	0
0.0308	0.1823	0.7098	-0.05	0.5692	0.8586	-0.0268	0.512	671	673	221	4	6	0.0051	0.5208	0	0.0308	0
0.0308	0.0823	0.8557	-0.0596	0.6855	0.9107	-0.0714	0.4068	672	674	221	4	7	0.0044	0.5833	0	0.031	0
0.0308	0.1475	0.9404	-0.0833	0.6923	0.8149	-0.2988	0.4966	673	675	221	4	8	0.0095	0.2	0	0.0255	0
0.0308	0.0224	1.0612	-0.1272	0.7841	0.9519	-0.3053	-0.0253	674	676	221	4	9	0.0039	0.0571	0	0.0224	0
0.0308	0.1671	1.0358	-0.1471	0.74	0.5418	-0.7641	-0.3501	675	677	221	4	10	0.0066	0.15	0	0.1377	0
0.0308	0.0179	1.1246	-0.2779	0.6826	0.874	-0.4111	0.2591	676	678	221	4	11	0.0061	0.14	0	0.01	0
0.0308	0.1371	1.1604	-0.2595	0.6978	0.0192	-0.3945	0.9187	677	679	221	4	12	0.0101	0.125	0	0.0214	0
0.0308	0.0524	1.1794	-0.2755	0.8488	-0.315	-0.4228	0.8497	678	680	221	4	13	0.0029	0.0714	0	0.01	0
0.0308	0.1741	1.1158	-0.3385	0.8914	0.652	-0.7554	0.0649	679	681	221	4	14	0.0035	0.2	0	0.0311	0
0.0308	0.0284	1.1978	-0.4991	0.9021	0.6687	-0.7214	-0.1803	680	682	221	4	15	0.0093	0.12	0	0.01	0
0.0308	0.0922	1.2317	-0.513	0.9007	0.4418	-0.6686	-0.5982	681	0	221	4	16	0.0117	0.15	0	0.01	0
0.01	0.2023	0.2686	0.3067	0.23	0.7754	0.2659	0.5728	596	684	228	4	1	0.01	0.05	0	0.01	0
0.01	0.0455	0.4255	0.3605	0.3458	0.2639	0.5784	0.7719	683	0	228	4	2	0.01	0.05	0	0.01	0
0.0246	0.1747	0.8691	0.4482	0.1	-0.4148	0.8774	-0.2409	599	686	237	4	1	0.0051	0.4375	0	0.0246	0
0.0246	0.0662	0.8066	0.6017	0.0547	-0.0371	0.9991	-0.0214	685	687	237	4	2	0.0033	0.3333	0	0.0237	0
0.0246	0.0589	0.8326	0.6808	0.0594	-0.4016	0.5283	0.7481	686	688	237	4	3	0.0145	0.16	0	0.01	0
0.0246	0.0708	0.8012	0.7097	0.1157	-0.7733	-0.3206	-0.547	687	0	237	4	4	0.0068	0.1	0	0.01	0
0.0205	0.044	1.4905	0.6416	0.0759	-0.2709	0.0033	0.9626	605	690	528	4	1	0.0055	0.2188	1	0.0205	1
0.0205	0.1041	1.4786	0.6417	0.1182	-0.7439	0.6255	0.2353	689	691	528	4	2	0.0055	0.2188	0	0.0205	1
0.0242	0.0973	1.4041	0.7234	0.1868	0.178	0.9171	-0.3566	690	692	528	4	3	0.0291	0.24	0	0.056	1
0.0139	0.0246	1.4474	0.7871	0.1852	0.8242	0.5051	-0.256	691	693	528	4	4	0.01	0.05	0	0.01	1
0.01	0.1098	1.4676	0.7995	0.1789	0.4515	0.717	-0.5311	692	694	528	4	5	0.01	0.05	0	0.01	1
0.0056	0.043	1.5073	0.881	0.102	0.7088	0.6475	-0.2797	693	0	528	4	6	0.01	0.05	0	0.01	1
0.0302	0.1125	0.9211	-0.4875	0.5503	-0.0024	-0.9145	-0.4046	0	696	735	0	1	0.0065	0.4375	0	0.0302	0
0.0302	0.1193	0.952	-0.5606	0.5056	0.6243	-0.6404	-0.4473	695	0	735	0	2	0.01	0.05	0	0.01	0
0.01	0.2645	0.7154	-0.3423	0.5885	-0.427	0.0369	-0.9035	619	698	519	4	1	0.01	0.05	0	0.01	0
0.01	0.0652	0.6025	-0.3325	0.3496	-0.2676	-0.4336	-0.8604	697	0	519	4	2	0.01	0.05	0	0.01	0
0.0052	0.1175	1.2348	-0.6474	0.7912	-0.9118	0.3396	0.231	631	700	593	4	1	0.0133	0.1333	0	0.027	0
0.0044	0.2454	1.1192	-0.5619	0.8565	-0.9719	0.016	-0.2347	699	701	593	4	2	0.024	0.1	0	0.0346	0
0.0048	0.0437	0.8872	-0.5692	0.801	-0.6098	-0.2097	0.7643	700	0	593	4	3	0.0166	0.175	0	0.01	0
0.006	0.0908	1.7364	-0.8367	1.0596	-0.4894	0.3989	0.7755	643	703	741	4	1	0.0047	0.2321	1	0.0221	0
0.006	0.189	1.6973	-0.7889	1.1282	-0.8765	0.3529	-0.3276	702	704	741	4	2	0.0117	0.12	0	0.0221	0
0.006	0.0159	1.534	-0.7327	1.0612	-0.8022	0.1075	-0.5873	703	705	741	4	3	0.01	0.05	0	0.01	0
0.006	0.1159	1.5209	-0.7375	1.0435	-0.8221	0.4651	-0.3283	704	0	741	4	4	0.0135	0.1286	0	0.0222	0
0.0291	0.0558	0.3757	0.0609	0.2375	-0.52	0.3035	0.7984	668	707	374	5	1	0.0085	0.4375	1	0.0291	0
0.0291	0.1041	0.3467	0.0778	0.2821	-0.1136	-0.8866	0.4483	706	708	374	5	2	0.0085	0.4375	0	0.0291	0
0.0291	0.0624	0.3449	-0.009	0.331	0.326	-0.7997	0.5041	707	0	374	5	3	0.0054	0.1333	0	0.01	0
0.0104	0.1043	0.965	-0.1023	0.7366	0.1393	0.2582	0.956	674	710	752	5	1	0.0243	0.1833	0	0.0339	0
0.0118	0.1007	0.9974	-0.075	0.8213	0.4663	-0.7002	0.5407	709	711	752	5	2	0.0176	0.22	0	0.0331	0
0.01	0.0627	1.0727	-0.1307	0.8955	-0.6064	0.1164	0.7866	710	0	752	5	3	0.01	0.05	0	0.01	0
0.01	0.2165	1.2354	-0.4595	0.8738	0.0977	0.4282	-0.8984	680	713	526	5	1	0.01	0.05	1	0.01	1
0.01	0.106	1.2565	-0.3668	0.6793	0.8719	-0.274	0.4057	712	714	526	5	2	0.01	0.05	0	0.01	1
0.01	0.1636	1.349	-0.3958	0.7223	-0.039	0.822	0.5682	713	0	526	5	3	0.01	0.05	0	0.01	1
0.0135	0.0711	0.5767	-0.1476	0.292	0.0499	-0.6044	0.7951	0	716	446	0	1	0.0115	0.175	0	0.0283	0
0.0112	0.0713	0.5665	-0.1841	0.3408	-0.4434	-0.8957	0.0333	715	717	446	0	2	0.01	0.05	0	0.01	0
0.01	0.0693	0.5359	-0.2445	0.3555	-0.8001	0.5916	-0.0993	716	0	446	0	3	0.01	0.05	0	0.01	0
0.0287	0.0428	0.9345	-0.545	0.4836	-0.659	0.6122	-0.4368	696	719	754	1	1	0.0079	0.4167	1	0.0297	0
0.0287	0.07	0.9062	-0.5188	0.4648	-0.9523	0.2708	0.1408	718	720	754	1	2	0.0079	0.4167	0	0.0297	0
0.0287	0.0629	0.8462	-0.4587	0.4985	-0.3034	-0.44	0.8452	719	721	754	1	3	0.0074	0.14	0	0.01	0
0.0287	0.0662	0.8162	-0.4957	0.5599	0.6888	-0.7185	0.0966	720	0	754	1	4	0.0085	0.16	0	0.01	0
