radius (m)	length (m)	start_point	axis_direction	parent	extension	branch	branch_order	position_in_branch	mad	SurfCov	added	UnmodRadius (m)	Rama_podada
0.0375	0.3895	0.0359	0.7583	-2.4652	0.0644	0.0553	0.9964	0	2	1	0	1	0.0068	0.4327	0	0.0343	0
0.0375	0.0723	0.0598	0.7794	-2.0771	0.0611	-0.0177	0.998	1	3	1	0	2	0.004	0.625	0	0.0349	0
0.04	0.0897	0.0666	0.7763	-2.005	-0.2197	-0.2995	0.9284	2	4	1	0	3	0.005	0.7407	0	0.04	0
0.0461	0.1519	0.0544	0.7489	-1.9193	-0.3098	-0.0134	0.9507	3	5	1	0	4	0.0073	0.7167	0	0.0461	0
0.0475	0.147	0.0025	0.6966	-1.7658	-0.1707	0.1902	0.9668	4	6	1	0	5	0.0078	0.8	0	0.0475	0
0.0464	0.1593	-0.032	0.7118	-1.6226	-0.124	0.1754	0.9767	5	7	1	0	6	0.0074	0.8667	0	0.0464	0
0.0459	0.1128	-0.0529	0.7245	-1.4666	-0.0696	0.0271	0.9972	6	8	1	0	7	0.0068	0.925	0	0.0459	0
0.047	0.0855	-0.0494	0.7094	-1.3504	-0.0085	0.1965	0.9805	7	9	1	0	8	0.0071	0.9333	0	0.047	0
0.0514	0.082	-0.0671	0.718	-1.268	-0.0865	0.0153	0.9961	8	10	1	0	9	0.0082	0.8788	0	0.0514	0
0.05	0.1097	-0.0594	0.7243	-1.1837	-0.1611	-0.0332	0.9864	9	11	1	0	10	0.0202	0.8646	0	0.0633	0
0.0536	0.3725	-0.0734	0.7174	-1.0786	0.1535	-0.5822	0.7984	10	12	1	0	11	0.0246	0.6842	0	0.0633	0
0.0574	0.1017	-0.0385	0.5253	-0.7369	0.2952	-0.7624	0.5759	11	13	1	0	12	0.0076	0.8077	0	0.0574	0
0.0498	0.2032	0.0037	0.5838	-0.7071	0.4692	0.1418	0.8716	12	14	1	0	13	0.0223	0.6953	0	0.0605	0
0.0497	0.1873	0.0793	0.4906	-0.4836	0.4698	0.2463	0.8477	13	15	1	0	14	0.0236	0.6442	0	0.0721	0
0.0498	0.0812	0.1099	0.4091	-0.2499	0.3962	0.3258	0.8584	14	16	1	0	15	0.0208	0.8875	0	0.0743	0
0.0545	0.107	0.1639	0.4631	-0.172	0.0543	-0.3238	0.9446	15	17	1	0	16	0.0083	0.8542	0	0.0545	0
0.0547	0.1283	0.1883	0.4322	-0.0661	-0.1875	-0.2821	0.9409	16	18	1	0	17	0.0088	0.8167	0	0.0547	0
0.0563	0.1702	0.1597	0.3941	0.0562	0.385	-0.1377	0.9126	17	19	1	0	18	0.0101	0.8056	0	0.0563	0
0.05	0.1153	0.2096	0.3767	0.2163	0.1497	-0.3411	0.928	18	20	1	0	19	0.0187	0.7396	0	0.0632	0
0.0497	0.1217	0.1738	0.3064	0.3472	0.5171	-0.257	0.8164	19	21	1	0	20	0.0188	0.6875	0	0.0626	0
0.0499	0.1592	0.2274	0.2961	0.4556	-0.5728	-0.5246	0.6298	20	22	1	0	21	0.0203	0.6528	0	0.0593	0
0.0488	0.1039	0.1636	0.1862	0.5712	-0.7437	-0.5508	0.3788	21	23	1	0	22	0.0202	0.4167	0	0.0615	0
0.0479	0.7129	0.1158	0.1411	0.6495	-0.5629	-0.5668	0.6015	22	24	1	0	23	0.0643	0.2806	0	0.1083	0
0.0467	0.2965	0.1349	0.2556	0.6961	-0.0415	0.6144	0.7879	23	25	1	0	24	0.076	0.1063	0	0.1114	0
0.0343	0.0759	0.1392	0.4125	0.9098	-0.2666	-0.6991	0.6635	24	0	1	0	25	0.0045	0.0909	0	0.01	0
0.0509	0.4507	-0.0702	0.7343	-1.0111	-0.2657	0.5651	0.781	11	27	8	1	1	0.0141	0.6136	0	0.0557	0
0.0494	0.112	-0.198	0.9741	-0.6535	-0.6272	0.5468	0.5547	26	28	8	1	2	0.0079	0.75	0	0.0494	0
0.0509	0.1283	-0.2302	1.0602	-0.5581	-0.7361	0.3474	0.581	27	29	8	1	3	0.0089	0.6667	0	0.0539	0
0.0509	0.1532	-0.3167	1.1106	-0.4733	-0.7766	-0.0463	0.6282	28	30	8	1	4	0.0229	0.6319	0	0.0631	0
0.0508	0.2231	-0.413	1.1438	-0.3729	-0.7435	0.3597	0.5638	29	31	8	1	5	0.0264	0.5865	0	0.0682	0
0.0509	0.1593	-0.5254	1.2673	-0.1952	-0.7763	0.2809	0.5643	30	32	8	1	6	0.0234	0.6806	0	0.0597	0
0.0488	0.0806	-0.6299	1.3541	-0.1017	-0.6652	0.2435	0.7059	31	33	8	1	7	0.0074	0.6591	0	0.0488	0
0.0446	0.0988	-0.6883	1.3607	-0.0198	-0.7924	0.5904	0.1535	32	34	8	1	8	0.0069	0.52	0	0.0446	0
0.0456	0.0894	-0.7541	1.4687	0.0211	-0.9752	0.1782	0.1311	33	35	8	1	9	0.0075	0.54	0	0.0456	0
0.0509	0.1125	-0.8342	1.4902	0.0567	-0.8865	0.434	0.1605	34	36	8	1	10	0.0081	0.6727	0	0.0515	0
0.0494	0.1206	-0.93	1.5515	0.0761	-0.5202	0.0762	0.8507	35	37	8	1	11	0.008	0.5455	0	0.0494	0
0.0505	0.1172	-1.005	1.6067	0.1515	-0.9035	0.0127	0.4283	36	38	8	1	12	0.0212	0.5278	0	0.0576	0
0.0507	0.1377	-1.0968	1.6409	0.1855	-0.8149	0.498	0.2965	37	39	8	1	13	0.0257	0.6094	0	0.0669	0
0.0501	0.2588	-1.2069	1.6851	0.2514	-0.7886	0.4056	0.4621	38	40	8	1	14	0.0261	0.5385	0	0.0823	0
0.0504	0.1031	-1.4184	1.7911	0.3677	-0.4003	0.0773	0.9131	39	41	8	1	15	0.0064	0.5682	0	0.052	0
0.0464	0.0577	-1.4954	1.8057	0.4373	-0.5737	-0.0614	0.8168	40	42	8	1	16	0.006	0.7	0	0.0464	0
0.0445	0.073	-1.5241	1.7965	0.4873	-0.7482	-0.2763	0.6032	41	43	8	1	17	0.0055	0.8333	0	0.0445	0
0.0445	0.1163	-1.6028	1.8126	0.5212	-0.8417	-0.5278	0.1134	42	44	8	1	18	0.0122	0.2024	0	0.0359	0
0.0445	0.0676	-1.7009	1.7131	0.6145	-0.903	0.3889	0.1829	43	45	8	1	19	0.0102	0.1714	0	0.0247	0
0.0445	0.1549	-1.7862	1.7753	0.5805	-0.7165	0.3176	0.621	44	46	8	1	20	0.0073	0.1349	0	0.0337	0
0.0469	0.18	-1.8641	1.7594	0.704	-0.7735	-0.1327	0.6197	45	47	8	1	21	0.0046	0.0815	0	0.0804	0
0.0458	0.1129	-1.9792	1.8184	0.8459	-0.6699	-0.0752	0.7387	46	48	8	1	22	0.0161	0.0756	0	0.047	0
0.0445	0.2104	-2.0685	1.7583	0.9314	-0.4693	0.1614	0.8682	47	49	8	1	23	0.004	0.0238	0	0.0204	0
0.0445	0.1482	-2.1702	1.8259	1.0987	-0.6607	0.2636	0.7029	48	50	8	1	24	0.0086	0.0804	0	0.01	0
0.0445	0.2585	-2.2667	1.8552	1.2043	-0.5071	0.0425	0.8608	49	0	8	1	25	0.0038	0.033	0	0.01	0
0.022	0.2079	-0.0782	0.5432	-0.8209	-0.9489	0.0269	0.3146	11	52	9	1	1	0.0029	0.3333	1	0.0223	0
0.0215	0.0805	-0.2755	0.5488	-0.7555	-0.0852	0.6103	0.7876	51	53	9	1	2	0.0029	0.3333	0	0.0223	0
0.0199	0.0548	-0.288	0.6078	-0.6911	-0.8355	-0.5016	0.2243	52	0	9	1	3	0.0046	0.25	0	0.0199	0
0.0342	0.2828	0.0223	0.474	-0.7401	0.7642	-0.6438	-0.0392	12	55	18	1	1	0.0041	0.25	1	0.0357	1
0.0267	0.1286	0.2341	0.2882	-0.7499	0.6756	-0.6887	0.263	54	56	18	1	2	0.0085	0.2	0	0.0357	1
0.01	0.0437	0.305	0.2045	-0.7194	0.3413	0.8559	-0.3886	55	0	18	1	3	0.01	0.05	0	0.01	1
0.0472	0.1264	0.2718	0.2529	0.4192	0.7373	-0.4029	0.5423	20	58	21	1	1	0.0842	0.4132	1	0.1459	0
0.0471	0.2438	0.2984	0.1884	0.495	0.1795	-0.4085	0.8949	57	59	21	1	2	0.1329	0.2769	0	0.1459	0
0.0466	0.3963	0.34	0.0951	0.7278	0.9888	-0.0025	0.1491	58	60	21	1	3	0.0338	0.3362	0	0.0824	0
0.0465	0.0712	0.6854	0.0552	0.9249	0.9462	0.016	0.3231	59	61	21	1	4	0.0316	0.5733	0	0.0851	0
0.0467	0.1051	0.7255	0.0379	0.956	0.4588	-0.3133	0.8315	60	62	21	1	5	0.0206	0.5556	0	0.0567	0
0.0467	0.1165	0.7701	-0.0028	1.0358	0.38	-0.734	0.563	61	63	21	1	6	0.0072	0.5682	0	0.0502	0
0.0468	0.0736	0.8345	-0.0924	1.0813	0.1497	-0.929	0.3384	62	64	21	1	7	0.0187	0.48	0	0.0536	0
0.0452	0.1764	0.8329	-0.1556	1.0994	-0.51	-0.78	0.3627	63	65	21	1	8	0.02	0.3778	0	0.0549	0
0.0439	0.1031	0.7363	-0.3115	1.168	0.6985	-0.0734	0.7118	64	66	21	1	9	0.0221	0.2959	0	0.0653	1
0.0365	0.1581	0.7652	-0.3643	1.2267	0.4153	-0.6131	0.672	65	67	21	1	10	0.0039	0.3958	0	0.0339	1
0.0374	0.1152	0.8621	-0.412	1.3492	0.5602	-0.5587	0.6116	66	68	21	1	11	0.0043	0.5625	0	0.0374	1
0.0365	0.0592	0.906	-0.5083	1.4082	0.4925	-0.5607	0.6657	67	69	21	1	12	0.0042	0.4167	0	0.0365	1
0.0365	0.1029	0.9533	-0.4898	1.4605	0.5434	-0.3765	0.7503	68	70	21	1	13	0.0078	0.2	0	0.0248	1
0.0365	0.1696	0.9982	-0.5718	1.5454	0.6989	-0.0506	0.7135	69	71	21	1	14	0.002	0.2292	0	0.0331	1
0.0365	0.1491	1.104	-0.5857	1.673	0.522	-0.232	0.8208	70	72	21	1	15	0.0044	0.0729	0	0.01	1
0.0365	0.0974	1.1716	-0.5796	1.7993	0.2962	-0.0195	0.9549	71	73	21	1	16	0.0068	0.1333	0	0.01	1
0.0365	0.106	1.2567	-0.6296	1.8211	0.6643	-0.2609	0.7004	72	0	21	1	17	0.008	0.0833	0	0.01	1
0.0131	0.3934	-0.1194	0.5002	-0.9134	-0.7385	-0.3378	0.5835	13	0	22	1	1	0.0079	0.25	0	0.0368	0
0.0545	0.5773	-0.076	0.4997	-0.6848	-0.0578	-0.9941	0.0921	12	76	1017	1	1	0.0402	0.3851	0	0.083	1
0.0544	0.2773	-0.0778	-0.0453	-0.6443	0.7011	-0.6958	0.1561	75	77	1017	1	2	0.024	0.5913	0	0.0664	1
0.0542	0.2653	0.118	-0.231	-0.5919	0.5688	-0.6832	0.4579	76	78	1017	1	3	0.0236	0.5873	0	0.0661	1
0.0564	0.067	0.21	-0.4866	-0.426	0.7982	-0.3325	0.5022	77	79	1017	1	4	0.0073	0.8056	0	0.0564	1
0.0543	0.1362	0.2709	-0.506	-0.3948	0.441	-0.5369	0.7192	78	80	1017	1	5	0.0218	0.5903	0	0.061	1
0.0538	0.1107	0.3043	-0.6237	-0.3176	0.5085	-0.5954	0.622	79	81	1017	1	6	0.0099	0.6167	0	0.0541	1
0.0506	0.1178	0.3014	-0.7174	-0.2663	0.1391	-0.7231	0.6766	80	82	1017	1	7	0.0092	0.7273	0	0.0506	1
0.0541	0.1593	0.3641	-0.8156	-0.1652	-0.1703	-0.9621	-0.2131	81	83	1017	1	8	0.0196	0.6536	0	0.0595	1
0.0524	0.0916	0.3779	-0.9767	-0.1331	0.5602	-0.7069	-0.4318	82	84	1017	1	9	0.0108	0.5	0	0.0534	1
0.0474	0.1641	0.379	-1.1155	-0.1379	0.8298	-0.3649	0.4222	83	85	1017	1	10	0.0086	0.5143	0	0.0474	1
0.0529	0.1315	0.5042	-1.1872	-0.0638	0.6102	-0.2658	0.7464	84	86	1017	1	11	0.009	0.6833	0	0.053	1
0.0587	0.147	0.5744	-1.2898	0.0479	0.7066	0.0369	0.7066	85	87	1017	1	12	0.0083	0.7308	0	0.0587	1
0.0581	0.1189	0.6697	-1.3154	0.1465	0.35	-0.2506	0.9026	86	88	1017	1	13	0.0194	0.5639	0	0.0527	1
0.0581	0.1615	0.7362	-1.3636	0.2307	0.0064	-0.7807	0.6249	87	89	1017	1	14	0.0096	0.7692	0	0.0581	1
0.0501	0.1499	0.7422	-1.4778	0.3514	-0.5434	-0.6528	0.5278	88	90	1017	1	15	0.0078	0.5606	0	0.0517	1
0.0404	0.1001	0.7141	-1.625	0.4512	-0.6964	-0.5679	0.4388	89	91	1017	1	16	0.0055	0.5278	0	0.0404	1
0.0371	0.0941	0.6464	-1.6832	0.4923	0.449	-0.6131	0.6501	90	92	1017	1	17	0.0055	0.625	0	0.0371	1
0.0409	0.0864	0.6903	-1.7252	0.5599	0.2872	-0.3883	0.8756	91	93	1017	1	18	0.0057	0.5556	0	0.041	1
0.0409	0.0968	0.6873	-1.8293	0.6196	0.6728	-0.4058	0.6186	92	94	1017	1	19	0.0035	0.3333	0	0.042	1
0.0371	0.0754	0.7892	-1.8607	0.688	0.1361	-0.9489	0.2849	93	95	1017	1	20	0.0028	0.3333	0	0.0329	1
0.0371	0.0713	0.8016	-1.9371	0.7018	0.2076	-0.7993	0.5639	94	96	1017	1	21	0.0067	0.1667	0	0.0213	1
0.0371	0.0578	0.8565	-2.0518	0.6815	-0.1382	-0.7613	0.6335	95	97	1017	1	22	0.0095	0.2292	0	0.0226	1
0.0371	0.0946	0.821	-2.0688	0.7488	0.3369	-0.5373	0.7732	96	98	1017	1	23	0.0065	0.1833	0	0.0218	1
0.0371	0.1958	0.8906	-2.1241	0.7913	0.4411	-0.6353	0.6339	97	99	1017	1	24	0.0036	0.0926	0	0.0301	1
0.0371	0.0134	0.9758	-2.2463	0.9191	-0.0876	-0.8668	0.4908	98	0	1017	1	25	0.0033	0.125	0	0.01	1
0.0531	0.2919	-0.0349	0.5547	-0.6873	0.0626	0.5087	0.8587	12	101	259	1	1	0.0147	0.3258	1	0.0588	0
0.0527	0.5011	-0.0128	0.6989	-0.4396	0.712	0.172	0.6808	100	102	259	1	2	0.0233	0.2986	0	0.0588	0
0.0498	0.1175	0.3289	0.7742	-0.07	0.8561	0.1241	0.5016	101	103	259	1	3	0.0066	0.6364	0	0.0498	1
0.0479	0.0597	0.3993	0.7649	0.0374	0.8651	-0.0968	0.4921	102	104	259	1	4	0.0063	0.5758	0	0.0479	1
0.0453	0.0701	0.4666	0.773	0.06	0.5303	-0.1979	0.8244	103	105	259	1	5	0.0063	0.6333	0	0.0453	1
0.0506	0.0795	0.4693	0.7686	0.1509	0.6824	-0.0595	0.7285	104	106	259	1	6	0.0082	0.6136	0	0.0509	1
0.0422	0.0895	0.5536	0.7882	0.2211	-0.2582	-0.1632	0.9522	105	107	259	1	7	0.0058	0.5111	0	0.0422	1
0.0359	0.0883	0.5817	0.8	0.3138	-0.2646	0.2477	0.932	106	108	259	1	8	0.0054	0.625	0	0.0359	1
0.0357	0.0968	0.5795	0.8313	0.3917	0.1917	0.028	0.9811	107	109	259	1	9	0.0052	0.7188	0	0.0357	1
0.036	0.0849	0.5905	0.8593	0.486	0.3408	0.1297	0.9311	108	110	259	1	10	0.0057	0.75	0	0.036	1
0.0415	0.1018	0.6122	0.866	0.5761	0.7085	0.3669	0.6028	109	111	259	1	11	0.0063	0.75	0	0.0415	1
0.049	0.1074	0.6837	0.9042	0.6371	0.1624	0.4362	0.8851	110	112	259	1	12	0.0065	0.5682	0	0.0505	1
0.0476	0.0833	0.7328	0.9571	0.7389	-0.2431	0.23	0.9424	111	113	259	1	13	0.0105	0.2333	0	0.057	1
0.0376	0.1376	0.7502	1.0422	0.8137	-0.011	0.0622	0.998	112	114	259	1	14	0.0065	0.425	0	0.0376	1
0.0364	0.1567	0.7692	1.0466	0.9428	0.3916	0.6667	0.6342	113	115	259	1	15	0.0064	0.4	0	0.0364	1
0.0269	0.0356	0.8283	1.1374	1.0673	0.9416	0.2528	0.2224	114	116	259	1	16	0.0111	0.3	0	0.024	1
0.0258	0.1617	0.8814	1.1631	1.0748	-0.1768	0.23	0.957	115	117	259	1	17	0.0037	0.4	0	0.0258	1
0.0337	0.1226	0.8877	1.1759	1.2223	0.4528	0.4123	0.7906	116	118	259	1	18	0.0031	0.2813	0	0.0366	1
0.0314	0.1532	0.9329	1.2762	1.2964	0.1581	0.437	0.8855	117	119	259	1	19	0.005	0.125	0	0.1524	1
0.0258	0.0707	0.9459	1.3341	1.432	-0.2537	0.307	0.9173	118	0	259	1	20	0.0029	0.0889	0	0.01	1
0.0236	0.4127	0.1476	0.5264	-0.454	0.787	0.116	0.6059	14	121	263	1	1	0.0051	0.3333	0	0.0242	0
0.0186	0.1876	0.4619	0.5864	-0.193	0.717	-0.0108	0.697	120	122	263	1	2	0.0044	0.1111	0	0.0243	0
0.01	0.0678	0.6012	0.5623	-0.0505	0.4024	0.496	0.7695	121	0	263	1	3	0.01	0.05	0	0.01	0
0.0382	0.3641	0.1258	0.4127	-0.0311	-0.7511	-0.2824	0.5967	17	124	280	1	1	0.0055	0.3125	1	0.0382	0
0.0382	0.1749	-0.1476	0.3099	0.1861	-0.7253	-0.0792	0.6839	123	125	280	1	2	0.0055	0.3125	0	0.0382	0
0.0316	0.1374	-0.2361	0.3143	0.3381	-0.6707	0.1014	0.7347	124	126	280	1	3	0.0211	0.1124	0	0.0356	0
0.0164	0.0017	-0.3528	0.3408	0.3374	-0.9648	0.0967	0.2444	125	127	280	1	4	0.01	0.05	0	0.01	0
0.0152	0.1801	-0.3274	0.3224	0.3411	-0.0337	0.1242	0.9917	126	0	280	1	5	0.0159	0.0727	0	0.033	0
0.0184	0.1356	0.2172	0.3535	0.441	-0.4879	0.8725	0.0257	21	129	287	1	1	0.0029	0.25	1	0.0184	0
0.0184	0.1179	0.1511	0.4718	0.4445	0.4457	-0.2294	0.8653	128	130	287	1	2	0.0029	0.25	0	0.0184	0
0.0188	0.1131	0.1989	0.4658	0.5506	-0.2541	-0.2378	0.9375	129	131	287	1	3	0.0024	0.2188	0	0.0221	0
0.0103	0.0347	0.1653	0.435	0.651	0.0431	-0.8375	0.5447	130	132	287	1	4	0.01	0.05	0	0.01	0
0.0096	0.0769	0.1667	0.4059	0.6698	0.2298	0.0607	0.9713	131	133	287	1	5	0.01	0.05	0	0.01	0
0.0054	0.0526	0.1844	0.4106	0.7445	-0.0078	0.4734	0.8808	132	0	287	1	6	0.01	0.05	0	0.01	0
0.0237	0.206	0.1439	0.2628	0.4744	-0.917	-0.0082	-0.3988	21	135	297	1	1	0.0064	0.3333	1	0.0225	0
0.0211	0.0871	-0.045	0.2611	0.3922	-0.8162	0.4456	0.3678	134	136	297	1	2	0.0064	0.3333	0	0.0225	0
0.0202	0.1084	-0.1328	0.3041	0.4558	-0.161	0.9636	-0.2134	135	137	297	1	3	0.0181	0.22	0	0.0413	0
0.01	0.1808	-0.1553	0.401	0.416	-0.7341	0.6739	-0.0831	136	0	297	1	4	0.01	0.05	0	0.01	0
0.0277	0.2525	0.1699	0.3327	0.7525	0.3572	0.3944	-0.8467	24	0	308	1	1	0.0086	0.35	0	0.0277	0
0.0437	0.2105	0.1662	0.3247	0.733	0.7288	0.5887	-0.3497	24	140	310	1	1	0.0109	0.2733	1	0.0437	0
0.0436	0.4443	0.3196	0.4486	0.6594	0.9604	0.2674	-0.0777	139	141	310	1	2	0.0109	0.2733	0	0.0437	0
0.0441	0.1499	0.7373	0.5598	0.6245	-0.0347	-0.0056	0.9994	140	142	310	1	3	0.0081	0.62	0	0.047	0
0.0415	0.1859	0.773	0.5827	0.7902	-0.2843	-0.1443	0.9478	141	143	310	1	4	0.0074	0.381	0	0.042	0
0.0347	0.1724	0.7295	0.5648	0.9602	0.2366	0.3739	0.8968	142	144	310	1	5	0.0064	0.4167	0	0.0347	0
0.0347	0.0888	0.8021	0.5848	1.1087	0.1726	-0.0142	0.9849	143	145	310	1	6	0.0109	0.2909	0	0.0291	0
0.0347	0.104	0.7838	0.5831	1.2156	0.5016	0.036	0.8644	144	146	310	1	7	0.0034	0.3125	0	0.0307	0
0.0347	0.0819	0.8025	0.5791	1.3359	0.6498	0.1331	0.7483	145	147	310	1	8	0.0073	0.2045	0	0.0253	0
0.0347	0.0404	0.8566	0.5899	1.3954	0.8638	0.3121	0.3957	146	148	310	1	9	0.0055	0.1212	0	0.01	0
0.0347	0.0619	0.8845	0.6058	1.4157	0.5976	0.2247	0.7697	147	149	310	1	10	0.0076	0.1136	0	0.01	0
0.0347	0.03	0.9481	0.6148	1.4403	0.6026	-0.2636	0.7532	148	0	310	1	11	0.0084	0.1364	0	0.01	0
0.0351	0.3	0.0343	0.1103	0.6697	-0.8229	0.2391	-0.5154	23	151	314	1	1	0.0066	0.1481	1	0.0392	0
0.0347	0.2543	-0.2126	0.182	0.5151	-0.3693	0.5531	0.7468	150	152	314	1	2	0.0066	0.1481	0	0.0392	0
0.0329	0.1621	-0.3094	0.297	0.6851	-0.3375	-0.552	0.7625	151	153	314	1	3	0.004	0.2292	0	0.033	0
0.0293	0.0763	-0.3761	0.2183	0.7962	-0.802	-0.4808	0.3546	152	154	314	1	4	0.0028	0.2917	0	0.0293	0
0.0251	0.0833	-0.4377	0.1785	0.8204	-0.9513	-0.1333	0.2781	153	155	314	1	5	0.0022	0.375	0	0.0234	1
0.0251	0.0814	-0.5165	0.1658	0.8304	-0.9102	-0.4137	0.0186	154	156	314	1	6	0.0027	0.2917	0	0.0212	1
0.0251	0.1671	-0.5806	0.1431	0.8614	-0.8532	-0.3235	0.409	155	157	314	1	7	0.0033	0.4375	0	0.0251	1
0.028	0.0915	-0.7244	0.073	0.923	-0.6994	-0.2307	0.6764	156	158	314	1	8	0.0037	0.4583	0	0.028	1
0.0308	0.0794	-0.7951	0.0448	0.9687	-0.7324	-0.4545	0.5069	157	159	314	1	9	0.0034	0.4167	0	0.0317	1
0.0337	0.0947	-0.8502	0.027	1.0247	-0.9401	-0.1146	0.321	158	160	314	1	10	0.0096	0.2364	0	0.04	1
0.0251	0.0649	-0.9361	0.0092	1.0742	-0.8638	0.4116	0.2907	159	161	314	1	11	0.0029	0.375	0	0.0241	1
0.0251	0.0817	-0.991	0.0602	1.1088	-0.9621	0.1777	-0.2067	160	162	314	1	12	0.0076	0.12	0	0.01	1
0.0251	0.0635	-1.077	0.0754	1.1117	-0.7935	-0.5413	-0.2781	161	0	314	1	13	0.0044	0.125	0	0.01	1
0.0243	0.1276	0.1987	0.1787	0.6055	0.8149	-0.0363	0.5784	22	164	319	1	1	0.0092	0.2292	1	0.0263	0
0.0213	0.177	0.3027	0.174	0.6793	0.4706	0.7499	0.4649	163	165	319	1	2	0.0092	0.2292	0	0.0263	0
0.0141	0.0322	0.3767	0.3028	0.762	-0.092	0.1082	-0.9899	164	166	319	1	3	0.01	0.05	0	0.01	0
0.01	0.0816	0.3737	0.3063	0.7302	-0.9215	-0.053	-0.3847	165	0	319	1	4	0.01	0.05	0	0.01	0
0.0089	0.1361	0.1318	0.3761	0.9256	0.4869	0.5214	-0.7008	24	168	322	1	1	0.0296	0.1375	0	0.0401	1
0.0115	0.097	0.2015	0.44	0.8374	0.8099	-0.1774	-0.5591	167	169	322	1	2	0.0183	0.18	0	0.0485	1
0.009	0.0564	0.2825	0.4313	0.7867	0.8707	-0.3838	0.3076	168	0	322	1	3	0.01	0.05	0	0.01	1
0.0238	0.175	-0.2662	0.9687	-0.6133	-0.2451	-0.9585	-0.1458	27	171	164	2	1	0.0071	0.25	1	0.0238	0
0.0238	0.0956	-0.309	0.801	-0.6388	-0.1898	0.4687	0.8627	170	172	164	2	2	0.0071	0.25	0	0.0238	0
0.0252	0.1394	-0.3366	0.8465	-0.5605	-0.3531	0.4027	0.8445	171	173	164	2	3	0.0072	0.2	0	0.0306	0
0.0109	0.1362	-0.4038	0.8873	-0.446	-0.3975	0.284	0.8725	172	174	164	2	4	0.01	0.05	0	0.01	0
0.0066	0.0532	-0.4579	0.9259	-0.3272	-0.5791	0.0294	0.8147	173	0	164	2	5	0.01	0.05	0	0.01	0
0.0336	0.2611	-0.2011	1.037	-0.6011	0.5963	0.6642	0.4508	27	176	170	2	1	0.0069	0.3125	1	0.0336	0
0.0336	0.1144	-0.0454	1.2104	-0.4834	0.0697	-0.0184	0.9974	175	177	170	2	2	0.0069	0.3125	0	0.0336	0
0.032	0.1295	0.013	1.2007	-0.3557	-0.1369	0.5535	0.8215	176	178	170	2	3	0.0097	0.1299	0	0.044	0
0.0244	0.0693	0.032	1.2368	-0.2301	0.3718	0.708	0.6005	177	179	170	2	4	0.0014	0.375	0	0.0294	0
0.01	0.0517	0.0396	1.2835	-0.1666	0.5712	0.6182	0.5399	178	0	170	2	5	0.01	0.05	0	0.01	0
0.031	0.2185	-0.2801	1.1161	-0.4378	0.5917	0.1004	0.7998	29	181	174	2	1	0.0095	0.325	1	0.0319	0
0.0274	0.1366	-0.1508	1.138	-0.263	-0.6692	0.5636	0.4843	180	182	174	2	2	0.0095	0.325	0	0.0319	0
0.0225	0.0909	-0.2016	1.1816	-0.1758	0.4697	0.8028	0.3672	181	183	174	2	3	0.009	0.14	0	0.0305	0
0.01	0.1148	-0.16	1.2646	-0.1654	0.1529	0.908	0.39	182	0	174	2	4	0.01	0.05	0	0.01	0
0.0249	0.2547	-0.3182	1.1547	-0.4416	-0.027	0.8123	0.5826	29	185	175	2	1	0.0088	0.2188	1	0.0249	0
0.0249	0.0912	-0.325	1.3616	-0.2932	-0.7286	0.6624	0.1742	184	0	175	2	2	0.0088	0.2188	0	0.0249	0
0.0369	0.2655	-0.2311	1.1023	-0.5026	-0.0127	0.6046	0.7964	28	187	176	2	1	0.0124	0.4688	1	0.0368	0
0.0369	0.1127	-0.2345	1.2629	-0.2911	-0.2898	0.2315	0.9287	186	188	176	2	2	0.0124	0.4688	0	0.0368	0
0.0374	0.1214	-0.2706	1.2919	-0.1887	-0.2059	0.4194	0.8842	187	189	176	2	3	0.0033	0.25	0	0.0383	0
0.0368	0.0408	-0.2833	1.3765	-0.0903	0.4089	0.0903	0.9081	188	0	176	2	4	0.0046	0.0972	0	0.01	0
0.0448	0.2429	-0.4302	1.1269	-0.3123	0.5936	-0.1931	0.7813	30	191	183	2	1	0.0098	0.0556	1	0.0502	0
0.0445	0.1141	-0.2965	1.0915	-0.1257	0.6977	0.6896	0.194	190	192	183	2	2	0.009	0.1571	0	0.0502	0
0.0313	0.1008	-0.2011	1.1553	-0.0967	0.186	0.5627	0.8055	191	193	183	2	3	0.0064	0.2	0	0.023	0
0.0309	0.0033	-0.1692	1.2007	-0.0167	0.4876	0.4972	0.7177	192	194	183	2	4	0.0081	0.2	0	0.01	0
0.0411	0.148	-0.15	1.2066	0.0256	-0.7117	0.6588	0.2438	193	195	183	2	5	0.0019	0.2	0	0.0429	0
0.0294	0.1197	-0.261	1.2782	0.0738	-0.3903	0.4558	0.7999	194	196	183	2	6	0.0043	0.1875	0	0.0291	0
0.0393	0.0767	-0.2949	1.302	0.1924	-0.7342	0.1793	0.6548	195	197	183	2	7	0.0045	0.2593	0	0.0411	0
0.0351	0.0632	-0.3507	1.3207	0.2452	-0.8457	-0.1898	0.4988	196	198	183	2	8	0.0039	0.2917	0	0.0351	0
0.0317	0.2101	-0.4151	1.299	0.2745	-0.1587	-0.051	0.986	197	199	183	2	9	0.0051	0.375	0	0.0317	0
0.0327	0.0215	-0.4871	1.3227	0.4669	-0.263	0.1127	0.9582	198	200	183	2	10	0.0139	0.3364	0	0.0327	0
0.0258	0.0011	-0.4925	1.3249	0.4897	-0.8629	0.4779	0.1645	199	201	183	2	11	0.0085	0.4259	0	0.0258	0
0.0258	0.0549	-0.504	1.3381	0.5004	-0.7743	-0.1291	-0.6195	200	202	183	2	12	0.005	0.15	0	0.01	0
0.0258	0.103	-0.5278	1.3157	0.466	-0.423	-0.5406	0.7272	201	0	183	2	13	0.0171	0.15	0	0.01	0
0.0378	0.3135	-0.322	1.1009	-0.4042	-0.0759	-0.1385	0.9874	29	204	189	2	1	0.007	0.3438	1	0.0378	0
0.0378	0.1052	-0.3458	1.0574	-0.0947	-0.8626	0.3435	0.3714	203	205	189	2	2	0.007	0.3438	0	0.0378	0
0.0374	0.0925	-0.4332	1.0976	-0.0373	-0.9796	0.1407	0.1436	204	206	189	2	3	0.0038	0.3704	0	0.0395	0
0.0266	0.2096	-0.5229	1.1278	-0.0231	-0.7901	0.0096	0.6129	205	207	189	2	4	0.004	0.125	0	0.0307	0
0.01	0.088	-0.6968	1.1211	0.105	-0.6653	0.6152	0.4229	206	0	189	2	5	0.01	0.05	0	0.01	0
0.0295	0.3568	-0.454	1.1086	-0.3723	-0.7892	-0.2077	0.578	30	209	195	2	1	0.0066	0.0389	0	0.0234	0
0.0483	0.0743	-0.7622	1.0094	-0.146	0.0267	-0.6415	-0.7667	208	210	195	2	2	0.0036	0.303	0	0.0497	0
0.0235	0.112	-0.7128	0.9294	-0.1992	-0.5605	-0.8271	-0.0412	209	211	195	2	3	0.0119	0.1833	0	0.0336	1
0.01	0.0202	-0.7609	0.8348	-0.227	-0.2999	-0.9478	-0.108	210	0	195	2	4	0.01	0.05	0	0.01	1
0.0349	0.1683	-0.5981	1.3409	-0.0672	0.9271	-0.3489	-0.1372	32	213	203	2	1	0.0066	0.375	0	0.0368	0
0.0307	0.1198	-0.3919	1.2938	-0.0566	-0.4659	-0.3503	0.8125	212	214	203	2	2	0.0039	0.375	0	0.0356	0
0.0217	0.0833	-0.4456	1.2525	0.0405	0.0352	0.2474	0.9683	213	215	203	2	3	0.0088	0.225	0	0.0275	0
0.01	0.0656	-0.4409	1.2492	0.1267	-0.2109	0.2074	0.9553	214	0	203	2	4	0.01	0.05	0	0.01	0
0.0321	0.3645	-0.6117	1.2089	-0.2829	-0.982	-0.0567	0.1799	30	217	205	2	1	0.0103	0.375	0	0.0327	0
0.0298	0.0478	-0.9813	1.24	-0.2289	-0.779	-0.0328	0.6262	216	218	205	2	2	0.008	0.25	0	0.0374	0
0.0167	0.028	-1.0223	1.2435	-0.2096	0.3521	0.8888	0.2935	217	219	205	2	3	0.0054	0.125	0	0.01	0
0.01	0.0609	-1.0132	1.2698	-0.2042	-0.8997	0.2655	0.3466	218	0	205	2	4	0.01	0.05	0	0.01	0
0.0272	0.1791	-0.6639	1.3151	-0.0928	-0.5274	-0.8496	0.0088	32	221	207	2	1	0.0066	0.2813	1	0.0289	0
0.024	0.113	-0.7584	1.1629	-0.0912	0.2383	0.9149	-0.3258	220	222	207	2	2	0.0066	0.2813	0	0.0289	0
0.015	0.0912	-0.8016	1.2723	-0.0815	0.5222	0.4399	0.7306	221	223	207	2	3	0.01	0.05	0	0.01	0
0.01	0.0781	-0.8085	1.321	-0.0163	0.0706	0.5791	0.8122	222	0	207	2	4	0.01	0.05	0	0.01	0
0.0464	0.1512	-0.6196	1.3861	-0.0505	0.6128	0.5015	0.6107	32	225	211	2	1	0.004	0.2727	1	0.0497	0
0.0463	0.0754	-0.5269	1.4619	0.0418	0.1813	-0.9833	-0.0163	224	226	211	2	2	0.004	0.2727	0	0.0497	0
0.043	0.318	-0.5836	1.3958	0.0214	-0.2391	0.1904	0.9521	225	227	211	2	3	0.0058	0.4727	0	0.043	0
0.0416	0.0922	-0.6505	1.4659	0.3236	-0.2841	0.3194	0.904	226	228	211	2	4	0.0052	0.6296	0	0.0416	0
0.0416	0.0597	-0.6792	1.492	0.4086	0.0508	0.3928	0.9182	227	229	211	2	5	0.0158	0.2857	0	0.0335	0
0.0416	0.0857	-0.6899	1.554	0.4627	-0.9294	-0.3302	0.1651	228	230	211	2	6	0.0077	0.1286	0	0.0336	0
0.0416	0.0986	-0.7675	1.4607	0.5257	0.0875	0.6005	0.7948	229	231	211	2	7	0.0096	0.1667	0	0.0241	0
0.0435	0.1045	-0.7573	1.5737	0.5862	-0.0183	0.3157	0.9487	230	232	211	2	8	0.0026	0.2	0	0.0454	0
0.0416	0.0307	-0.7458	1.6084	0.7344	-0.9587	0.1198	0.2581	231	0	211	2	9	0.002	0.0714	0	0.01	0
0.0392	0.1947	-0.6832	1.3673	-0.1157	-0.8521	-0.4151	-0.3188	32	234	216	2	1	0.011	0.0846	0	0.0865	0
0.0276	0.1934	-0.8436	1.3049	-0.1631	-0.8514	-0.1487	0.503	233	235	216	2	2	0.0033	0.125	0	0.0276	0
0.0197	0.1204	-0.994	1.245	-0.0634	-0.8073	-0.3324	0.4876	234	236	216	2	3	0.0031	0.1	0	0.01	0
0.0132	0.1433	-1.0854	1.2869	-0.0267	-0.8867	0.1771	0.4271	235	237	216	2	4	0.01	0.05	0	0.01	0
0.0074	0.1077	-1.2144	1.2702	-0.0073	-0.9804	-0.1153	0.16	236	0	216	2	5	0.01	0.05	0	0.01	0
0.0433	0.1668	-0.7393	1.4241	0.0379	-0.0224	-0.9106	0.4126	34	239	218	2	1	0.0078	0.15	1	0.0458	0
0.0382	0.1504	-0.7404	1.281	0.1027	-0.5053	0.4788	0.7179	238	240	218	2	2	0.0104	0.0729	0	0.0458	0
0.0326	0.0984	-0.759	1.38	0.2139	-0.2071	0.3293	0.9212	239	241	218	2	3	0.013	0.1818	0	0.0758	0
0.0142	0.0494	-0.79	1.4072	0.2912	0.0127	0.928	-0.3724	240	242	218	2	4	0.01	0.05	0	0.01	0
0.0082	0.0509	-0.792	1.4534	0.2719	-0.2959	0.2413	0.9242	241	0	218	2	5	0.01	0.05	0	0.01	0
0.023	0.26	-0.6568	1.347	-0.0139	0.4601	-0.4592	0.7599	32	244	219	2	1	0.0066	0.2	0	0.023	0
0.0256	0.152	-0.5234	1.254	0.1755	0.6728	-0.124	0.7294	243	245	219	2	2	0.0025	0.275	0	0.0256	0
0.0245	0.0659	-0.438	1.2575	0.3002	0.5404	-0.1119	0.834	244	246	219	2	3	0.0027	0.25	0	0.0245	0
0.0228	0.1321	-0.4083	1.2637	0.3508	0.3251	0.4186	0.848	245	247	219	2	4	0.0028	0.4375	0	0.0228	0
0.0317	0.1003	-0.3937	1.3041	0.4658	-0.2043	0.5503	0.8096	246	248	219	2	5	0.004	0.4375	0	0.0333	0
0.0301	0.0743	-0.4059	1.3465	0.5515	-0.2091	0.2081	0.9555	247	249	219	2	6	0.0034	0.4583	0	0.0308	0
0.0286	0.1096	-0.4115	1.3566	0.6208	0.1974	0.047	0.9792	248	250	219	2	7	0.0034	0.25	0	0.0288	0
0.0255	0.1153	-0.3875	1.3421	0.7328	0.2582	0.248	0.9337	249	251	219	2	8	0.0118	0.2115	0	0.0255	0
0.0289	0.1843	-0.3993	1.3694	0.8519	0.2606	0.1265	0.9571	250	252	219	2	9	0.0133	0.0278	0	0.0485	0
0.0228	0.1068	-0.454	1.3906	0.9802	-0.4109	0.2838	0.8664	251	253	219	2	10	0.0062	0.1	0	0.01	0
0.0228	0.1186	-0.4166	1.4178	0.9663	0.7758	0.2372	0.5848	252	254	219	2	11	0.0108	0.07	0	0.01	0
0.0228	0.1762	-0.3239	1.4303	1.0371	0.6852	-0.0355	-0.7275	253	0	219	2	12	0.012	0.05	0	0.01	0
0.0112	0.2153	-1.0696	1.5588	0.0668	-0.4764	-0.6988	-0.5335	35	256	232	2	1	0.0031	0.1944	0	0.0402	0
0.01	0.1053	-1.1681	1.4088	-0.0581	-0.8974	-0.2338	-0.3741	255	0	232	2	2	0.01	0.05	0	0.01	0
0.0256	0.0771	-1.2505	1.6523	0.2524	-0.9917	0.0799	0.1012	39	258	244	2	1	0.0078	0.375	0	0.0249	0
0.0262	0.1379	-1.3245	1.6443	0.269	-0.5877	0.3507	0.7291	257	0	244	2	2	0.0072	0.1875	0	0.0297	0
0.0458	0.4879	-1.2478	1.72	0.224	-0.8411	0.4983	-0.2102	39	260	1018	2	1	0.0141	0.1493	0	0.0552	0
0.0405	0.1317	-1.6563	1.9618	0.1377	-0.7625	0.6322	0.1374	259	261	1018	2	2	0.0061	0.5111	0	0.0405	0
0.0368	0.1701	-1.7551	2.0333	0.1432	-0.9944	-0.1007	-0.0314	260	262	1018	2	3	0.0051	0.4583	0	0.0368	0
0.0367	0.1327	-1.9276	2.0305	0.1442	-0.9778	-0.1868	-0.0951	261	263	1018	2	4	0.0041	0.425	0	0.0367	0
0.0367	0.0762	-2.0569	2.0061	0.1256	-0.9944	-0.0614	-0.0862	262	264	1018	2	5	0.0033	0.0625	0	0.0246	0
0.0426	0.0909	-2.1398	1.9893	0.1169	-0.8253	0.4204	0.3771	263	265	1018	2	6	0.005	0.1857	0	0.0544	0
0.0367	0.0489	-2.2374	2.0624	0.0871	-0.8078	0.3505	0.474	264	266	1018	2	7	0.0047	0.1	0	0.01	0
0.0367	0.0184	-2.2883	2.0648	0.1538	0.188	0.9143	0.3589	265	0	1018	2	8	0.0103	0.1458	0	0.01	0
0.01	0.1849	-1.5769	1.7958	0.5762	-0.5275	0.7717	0.3553	42	0	621	2	1	0.01	0.05	0	0.01	0
0.0383	0.279	-1.6385	1.7313	0.6217	-0.5051	0.7361	0.4506	44	269	622	2	1	0.0052	0.1556	0	0.0391	0
0.0361	0.1284	-1.8761	1.9178	0.727	-0.2602	0.3727	0.8907	268	270	622	2	2	0.0242	0.0988	0	0.0538	0
0.0223	0.1267	-1.8973	2.0044	0.8414	-0.7071	0.2206	0.6718	269	271	622	2	3	0.0104	0.1607	0	0.0192	0
0.0172	0.1253	-2.0051	1.9971	0.9155	-0.7443	0.1805	0.643	270	272	622	2	4	0.01	0.05	0	0.01	0
0.0172	0.1604	-2.0629	2.0675	1.0024	-0.655	0.4017	0.64	271	273	622	2	5	0.0023	0.1667	0	0.0189	0
0.0095	0.1259	-2.1501	2.1117	1.1268	-0.61	0.2675	0.7459	272	274	622	2	6	0.01	0.05	0	0.01	0
0.0047	0.057	-2.2469	2.0435	1.1543	-0.8162	-0.1943	0.5441	273	0	622	2	7	0.01	0.05	0	0.01	0
0.0299	0.4516	0.2257	0.2657	0.4438	-0.8569	0.2378	0.4575	57	276	324	2	1	0.0084	0.3	1	0.0298	0
0.0298	0.1342	-0.1613	0.3731	0.6504	-0.5933	-0.6506	0.4741	275	277	324	2	2	0.0084	0.3	0	0.0298	0
0.03	0.0718	-0.2499	0.272	0.7135	-0.7736	0.5215	-0.3599	276	0	324	2	3	0.0058	0.25	0	0.0304	0
0.0283	0.3193	0.2958	0.167	0.6348	-0.5816	0.7475	0.3211	58	279	331	2	1	0.0085	0.3125	1	0.0292	0
0.025	0.1002	0.1101	0.4057	0.7373	0.3074	-0.3128	0.8987	278	280	331	2	2	0.0085	0.3125	0	0.0292	0
0.0197	0.0846	0.1556	0.3844	0.8386	0.6601	-0.7167	-0.2248	279	281	331	2	3	0.0092	0.25	0	0.0268	0
0.01	0.0446	0.2193	0.3405	0.7964	0.9495	-0.2954	0.1055	280	0	331	2	4	0.01	0.05	0	0.01	0
0.0448	0.4488	0.2373	0.2596	0.4524	-0.7139	0.1387	0.6864	57	283	332	2	1	0.0098	0.48	1	0.0458	0
0.0446	0.148	-0.0831	0.3218	0.7604	0.0723	0.2875	0.955	282	284	332	2	2	0.0098	0.48	0	0.0458	0
0.0401	0.1132	-0.0383	0.3686	0.9223	-0.5236	0.2099	0.8257	283	285	332	2	3	0.0064	0.4722	0	0.0401	0
0.0401	0.0785	-0.0914	0.4056	1.0154	-0.4529	0.2315	0.861	284	286	332	2	4	0.0098	0.2115	0	0.0351	0
0.0432	0.1222	-0.1618	0.4217	1.09	0.192	0.0727	0.9787	285	287	332	2	5	0.0064	0.1571	0	0.0547	0
0.0424	0.1674	-0.1037	0.3688	1.2139	-0.1916	-0.0383	0.9807	286	288	332	2	6	0.0061	0.0893	0	0.0759	0
0.0401	0.1687	-0.1205	0.4022	1.3784	-0.0204	-0.0009	0.9998	287	289	332	2	7	0.0154	0.0684	0	0.01	0
0.0401	0.1236	-0.1387	0.3639	1.5338	-0.3268	-0.1961	0.9245	288	0	332	2	8	0.0025	0.0549	0	0.01	0
0.0119	0.0301	0.4202	0.0813	0.74	-0.7356	0.6719	0.0859	59	291	333	2	1	0.0121	0.175	1	0.0732	0
0.0119	0.1182	0.4048	0.1043	0.7716	-0.7393	0.6644	0.1091	290	292	333	2	2	0.0182	0.18	0	0.0732	0
0.01	0.0429	0.3198	0.1835	0.785	-0.2628	0.9568	-0.1246	291	0	333	2	3	0.01	0.05	0	0.01	0
0.033	0.3942	0.244	0.2522	0.4574	-0.5875	-0.0151	0.8091	57	294	334	2	1	0.0081	0.2917	1	0.0279	0
0.033	0.1751	0.0079	0.2367	0.7732	0.3429	-0.4414	0.8292	293	295	334	2	2	0.0091	0.1515	0	0.0279	0
0.033	0.0907	0.0624	0.1618	0.9253	-0.1536	-0.9633	0.2203	294	296	334	2	3	0.0041	0.5417	0	0.033	0
0.0367	0.0663	0.0614	0.0754	0.9606	-0.4702	-0.7614	0.4462	295	297	334	2	4	0.0039	0.3333	0	0.0388	0
0.033	0.0907	0.0261	0.0263	0.9901	-0.0808	-0.2005	0.9764	296	0	334	2	5	0.0109	0.0341	0	0.01	0
0.0443	0.4104	0.4488	0.0528	0.7648	-0.8505	-0.5115	0.1229	59	299	336	2	1	0.0036	0.3667	1	0.0456	0
0.0443	0.0876	0.0997	-0.1571	0.8152	0.8469	0.4945	0.1955	298	300	336	2	2	0.0036	0.3667	0	0.0456	0
0.0193	0.0431	0.1632	-0.1067	0.8271	-0.1881	0.3815	0.905	299	301	336	2	3	0.01	0.05	0	0.01	0
0.01	0.0712	0.1551	-0.0903	0.8661	0.1009	0.8183	0.5659	300	0	336	2	4	0.01	0.05	0	0.01	0
0.0321	0.5594	0.2818	0.1981	0.4643	-0.4223	-0.7796	0.4625	57	303	337	2	1	0.0039	0.4167	1	0.0304	0
0.0316	0.0885	0.0456	-0.2379	0.723	-0.4161	-0.3875	0.8226	302	304	337	2	2	0.0039	0.4167	0	0.0304	0
0.0384	0.1625	0.0105	-0.2755	0.8216	-0.7658	0.6292	0.1328	303	305	337	2	3	0.0051	0.2963	0	0.0384	0
0.0387	0.1612	-0.1016	-0.1949	0.838	-0.1273	-0.3017	0.9449	304	306	337	2	4	0.0052	0.3889	0	0.0387	0
0.0421	0.0852	-0.1395	-0.2366	0.9895	-0.258	-0.5618	0.786	305	307	337	2	5	0.0051	0.7407	0	0.0421	0
0.044	0.068	-0.1557	-0.2693	1.0757	-0.0636	-0.7735	0.6306	306	308	337	2	6	0.0057	0.5667	0	0.0453	0
0.0437	0.1314	-0.1732	-0.3359	1.1023	-0.4948	-0.4178	0.762	307	309	337	2	7	0.0067	0.54	0	0.046	0
0.0406	0.0831	-0.1987	-0.4054	1.2158	-0.4401	-0.7667	0.4674	308	310	337	2	8	0.0047	0.2778	0	0.0422	0
0.0404	0.1267	-0.24	-0.468	1.2531	-0.3632	-0.2424	0.8996	309	311	337	2	9	0.0069	0.1538	0	0.07	0
0.0339	0.1658	-0.2986	-0.4625	1.4022	-0.0325	-0.702	0.7115	310	312	337	2	10	0.0048	0.1875	0	0.0339	0
0.04	0.0939	-0.329	-0.5477	1.5445	0.0862	-0.5696	0.8174	311	313	337	2	11	0.0058	0.1385	0	0.0524	0
0.0304	0.0175	-0.3496	-0.5934	1.5978	-0.6228	-0.509	0.5941	312	314	337	2	12	0.0057	0.1143	0	0.01	0
0.0304	0.0968	-0.3757	-0.6262	1.622	0.1397	0.4259	0.8939	313	315	337	2	13	0.0034	0.1333	0	0.01	0
0.0304	0.0416	-0.3574	-0.5759	1.7164	-0.2584	-0.5521	0.7928	314	0	337	2	14	0.0068	0.15	0	0.01	0
0.0448	0.4697	0.237	0.2268	0.4382	-0.7332	-0.5498	0.4001	57	317	339	2	1	0.0125	0.4773	1	0.0496	0
0.0444	0.3402	-0.1057	-0.0318	0.6277	-0.6827	-0.1938	0.7046	316	318	339	2	2	0.0199	0.4048	0	0.0496	0
0.0438	0.2055	-0.3319	-0.0778	0.8869	-0.3831	-0.5853	0.7146	317	319	339	2	3	0.0183	0.4481	0	0.0524	0
0.0438	0.0883	-0.3936	-0.1783	1.0394	-0.1606	-0.1401	0.977	318	320	339	2	4	0.0061	0.6333	0	0.0441	0
0.0388	0.0823	-0.4128	-0.2187	1.124	-0.2643	-0.012	0.9644	319	321	339	2	5	0.0045	0.6296	0	0.0388	0
0.0364	0.078	-0.4367	-0.2177	1.2037	-0.5056	-0.6406	0.578	320	322	339	2	6	0.0051	0.5833	0	0.0364	0
0.0335	0.0949	-0.4699	-0.2636	1.2504	-0.2216	-0.0402	0.9743	321	323	339	2	7	0.0053	0.5938	0	0.0335	0
0.0318	0.0849	-0.488	-0.2622	1.3498	-0.7845	-0.2913	0.5474	322	324	339	2	8	0.0043	0.4688	0	0.0318	0
0.0386	0.1748	-0.5543	-0.3056	1.3881	-0.4103	-0.3745	0.8315	323	325	339	2	9	0.0054	0.2857	0	0.0424	0
0.0369	0.0812	-0.6242	-0.3633	1.5357	-0.6892	-0.0447	0.7232	324	326	339	2	10	0.0036	0.2963	0	0.0402	0
0.0318	0.1097	-0.7025	-0.3681	1.5741	-0.6619	-0.1352	0.7373	325	327	339	2	11	0.0027	0.2188	0	0.0288	0
0.0318	0.093	-0.7736	-0.388	1.6562	-0.5876	0.0231	0.8088	326	0	339	2	12	0.001	0.0778	0	0.01	0
0.0064	0.5267	0.3549	0.055	0.7543	-0.8228	-0.5596	-0.0991	59	0	340	2	1	0.0547	0.0923	0	0.0873	0
0.0236	0.2098	0.3758	0.1127	0.7508	0.6113	0.7305	0.3043	58	330	343	2	1	0.0077	0.2813	1	0.0241	0
0.021	0.1157	0.504	0.266	0.8147	-0.9983	0.0298	0.0507	329	331	343	2	2	0.0077	0.2813	0	0.0241	0
0.0168	0.1582	0.3882	0.2587	0.8216	-0.9605	0	-0.2784	330	332	343	2	3	0.009	0.1375	0	0.024	0
0.01	0.0379	0.2326	0.2672	0.7676	-0.9597	-0.2414	0.1437	331	0	343	2	4	0.01	0.05	0	0.01	0
0.0409	0.2981	0.6267	0.0713	0.7301	0.0043	-0.7632	0.6461	59	334	346	2	1	0.0079	0.3523	0	0.036	0
0.0409	0.0893	0.6477	-0.1276	0.9499	-0.0056	-0.6868	0.7269	333	335	346	2	2	0.007	0.5278	0	0.0409	0
0.0409	0.1239	0.6531	-0.1897	1.0322	0.8419	-0.4459	-0.304	334	0	346	2	3	0.0096	0.0615	0	0.0232	0
0.0264	0.1446	0.6073	0.0831	0.9367	-0.477	0.8628	0.1678	60	337	348	2	1	0.0041	0.375	0	0.0266	0
0.0258	0.2	0.5458	0.2162	0.9614	-0.7009	0.6413	-0.3121	336	338	348	2	2	0.0036	0.1964	0	0.0263	0
0.0251	0.076	0.4061	0.3451	0.8998	-0.5784	0.7513	-0.3179	337	0	348	2	3	0.0063	0.1667	0	0.0251	0
0.0419	0.5485	0.6968	0.1133	0.8429	0.5988	-0.0275	0.8005	61	340	357	2	1	0.0038	0.2593	0	0.0419	0
0.0252	0.0812	1.0371	0.0674	1.2888	0.8117	0.4082	0.4178	339	341	357	2	2	0.0034	0.25	0	0.0207	0
0.0306	0.1169	1.114	0.1227	1.3304	0.5294	-0.5008	0.6848	340	342	357	2	3	0.005	0.175	0	0.0345	0
0.0257	0.1496	1.2427	0.1607	1.3765	0.7885	-0.3741	0.4881	341	343	357	2	4	0.0037	0.0909	0	0.1008	0
0.0105	0.0563	1.3043	0.0893	1.5299	0.821	-0.1832	0.5407	342	344	357	2	5	0.01	0.05	0	0.01	0
0.0062	0.0553	1.3506	0.0789	1.5603	0.8435	-0.3067	0.4409	343	0	357	2	6	0.01	0.05	0	0.01	0
0.0081	0.4162	0.6863	-0.2689	1.0798	0.6158	0.6132	-0.4947	65	0	359	2	1	0.0127	0.1705	0	0.0334	1
0.0367	0.171	0.8257	-0.2986	1.2028	0.7886	0.6144	-0.0256	65	347	366	2	1	0.0045	0.25	0	0.0411	1
0.0243	0.0841	0.9583	-0.1634	1.2174	-0.3264	-0.5218	0.7882	346	348	366	2	2	0.0025	0.3333	0	0.0196	1
0.0278	0.0803	0.9131	-0.2289	1.2928	0.4585	-0.0015	0.8887	347	349	366	2	3	0.0034	0.375	0	0.0278	1
0.0284	0.136	0.9636	-0.2143	1.3643	0.3248	-0.3044	0.8954	348	350	366	2	4	0.0021	0.3125	0	0.0303	1
0.0228	0.1571	0.9845	-0.2916	1.4902	0.6346	-0.3289	0.6994	349	351	366	2	5	0.0108	0.1714	0	0.175	1
0.0106	0.0279	1.0852	-0.3219	1.5923	0.1629	0.3298	0.9299	350	352	366	2	6	0.01	0.05	0	0.01	1
0.0071	0.0831	1.0897	-0.3127	1.6182	0.6662	-0.618	0.4174	351	0	366	2	7	0.01	0.05	0	0.01	1
0.0362	0.0469	0.8019	-0.2492	1.1767	0.6386	-0.0438	0.7683	64	354	367	2	1	0.008	0.225	1	0.0362	0
0.0353	0.1371	0.8319	-0.2513	1.2128	0.2423	0.2913	0.9254	353	355	367	2	2	0.008	0.225	0	0.0362	0
0.0212	0.0302	0.8323	-0.2181	1.3463	0.2746	-0.5514	0.7877	354	356	367	2	3	0.002	0.12	0	0.01	0
0.0151	0.0693	0.8451	-0.253	1.3658	0.6492	-0.0179	0.7604	355	357	367	2	4	0.0068	0.12	0	0.01	0
0.0092	0.0715	0.8991	-0.2505	1.4091	0.0569	0.9057	0.42	356	0	367	2	5	0.01	0.05	0	0.01	0
0.043	0.1842	0.7179	-0.2943	1.1257	-0.4619	-0.6981	0.5472	64	359	372	2	1	0.0128	0.3667	0	0.0476	0
0.0411	0.2227	0.6214	-0.4246	1.1628	-0.0148	-0.9995	0.0285	358	360	372	2	2	0.0033	0.0839	0	0.0479	0
0.0342	0.201	0.6242	-0.6448	1.1772	0.0027	-0.9634	0.2681	359	361	372	2	3	0.0031	0.1786	0	0.0342	0
0.0214	0.1061	0.6524	-0.8255	1.2137	0.3014	-0.9291	-0.2142	360	362	372	2	4	0.006	0.1333	0	0.01	0
0.0278	0.0539	0.6414	-0.8888	1.2715	0.3645	-0.7656	0.5301	361	363	372	2	5	0.0135	0.1429	0	0.0421	0
0.0111	0.0207	0.6624	-0.9134	1.3064	0.8353	-0.2561	0.4866	362	364	372	2	6	0.01	0.05	0	0.01	0
0.0079	0.0943	0.6797	-0.9187	1.3165	0.5602	-0.3641	-0.744	363	0	372	2	7	0.01	0.05	0	0.01	0
0.0347	0.0877	0.8149	-0.3851	1.2387	0.812	-0.0519	-0.5814	66	366	375	2	1	0.005	0.3333	0	0.0357	1
0.0338	0.1238	0.8863	-0.3976	1.1749	0.8582	0.4411	-0.2626	365	367	375	2	2	0.0065	0.1429	0	0.0557	1
0.0299	0.2024	0.993	-0.3083	1.162	0.5605	-0.4145	0.717	366	368	375	2	3	0.018	0.1	0	0.4273	1
0.017	0.14	1.1219	-0.4058	1.292	0.2847	-0.5496	0.7854	367	369	375	2	4	0.0054	0.0857	0	0.01	1
0.0118	0.0911	1.0537	-0.4346	1.3337	-0.6101	-0.5081	0.608	368	370	375	2	5	0.01	0.05	0	0.01	1
0.0077	0.0888	1.0673	-0.4361	1.3355	0.7104	-0.4502	0.5409	369	0	375	2	6	0.01	0.05	0	0.01	1
0.01	0.1417	0.8205	-0.4591	1.3744	0.3231	0.052	0.9449	66	372	379	2	1	0.01	0.05	0	0.01	1
0.01	0.0342	0.8676	-0.4722	1.5329	0.5503	-0.626	-0.5525	371	0	379	2	2	0.01	0.05	0	0.01	1
0.0219	0.0244	0.9126	-0.5278	1.4017	-0.9613	-0.2659	0.0716	68	374	381	2	1	0.0008	0.075	0	0.01	1
0.0302	0.0632	0.8034	-0.5816	1.4477	0.6009	-0.6369	0.483	373	375	381	2	2	0.0144	0.175	0	0.0519	1
0.0264	0.1491	0.8282	-0.613	1.511	0.7484	-0.4985	0.4374	374	376	381	2	3	0.0105	0.1538	0	0.0268	1
0.0162	0.1152	0.8975	-0.6855	1.6141	0.6198	-0.3407	0.7069	375	377	381	2	4	0.0031	0.1167	0	0.01	1
0.0126	0.1376	0.9934	-0.7256	1.6596	0.7698	-0.3508	0.5333	376	378	381	2	5	0.01	0.05	0	0.01	1
0.0086	0.2133	0.9516	-0.7304	1.7398	-0.0164	-0.2087	0.9779	377	0	381	2	6	0.01	0.05	0	0.01	1
0.0328	0.1815	0.1353	-0.1898	-0.6312	0.7359	0.494	-0.463	76	380	36	2	1	0.0127	0.2083	1	0.0364	1
0.0278	0.2481	0.2666	-0.0985	-0.7034	0.7207	-0.6536	0.2314	379	381	36	2	2	0.014	0.1692	0	0.0364	1
0.0166	0.0838	0.4467	-0.2494	-0.6391	0.9904	-0.1368	0.0195	380	382	36	2	3	0.0083	0.1	0	0.01	1
0.01	0.0289	0.471	-0.285	-0.6501	0.4115	-0.8838	-0.2226	381	0	36	2	4	0.01	0.05	0	0.01	1
0.0518	0.5768	-0.1461	0.0369	-0.6082	-0.9644	-0.0014	0.2645	75	384	37	2	1	0.0258	0.359	0	0.062	1
0.0531	0.1004	-0.6752	-0.0094	-0.4036	-0.874	0.0337	0.4847	383	385	37	2	2	0.0077	0.8333	0	0.0531	1
0.0514	0.1505	-0.7737	-0.043	-0.3753	-0.7121	-0.1695	0.6813	384	386	37	2	3	0.0222	0.625	0	0.0754	1
0.0515	0.1897	-0.8695	-0.1032	-0.2797	-0.6266	-0.3461	0.6983	385	387	37	2	4	0.0213	0.5706	0	0.0574	1
0.0505	0.1061	-0.988	-0.1533	-0.1348	-0.5328	-0.5247	0.664	386	388	37	2	5	0.0075	0.7955	0	0.0505	1
0.0545	0.2458	-1.0754	-0.2296	-0.1012	-0.6515	-0.2829	0.7039	387	389	37	2	6	0.0098	0.7037	0	0.0545	1
0.0515	0.1046	-1.2181	-0.3167	0.0792	-0.6695	-0.4112	0.6186	388	390	37	2	7	0.0226	0.6078	0	0.0647	1
0.0498	0.22	-1.3161	-0.3647	0.1053	-0.4958	-0.7403	0.454	389	391	37	2	8	0.0221	0.4844	0	0.0683	1
0.0502	0.1037	-1.4447	-0.5117	0.23	-0.5189	-0.8448	0.1308	390	392	37	2	9	0.007	0.5455	0	0.0517	1
0.041	0.0713	-1.5016	-0.5789	0.2591	-0.552	-0.5564	0.621	391	393	37	2	10	0.0052	0.7407	0	0.041	1
0.0358	0.0732	-1.5513	-0.6442	0.298	-0.238	-0.1095	0.9651	392	394	37	2	11	0.0045	0.5938	0	0.0358	1
0.0455	0.0943	-1.5552	-0.6675	0.3599	-0.161	-0.5919	0.7898	393	395	37	2	12	0.0048	0.45	0	0.0471	1
0.0334	0.1812	-1.5774	-0.7275	0.417	-0.4725	-0.7946	0.3813	394	396	37	2	13	0.0061	0.5625	0	0.0334	1
0.0334	0.0853	-1.6329	-0.8571	0.5039	-0.4513	-0.1503	0.8796	395	397	37	2	14	0.0086	0.2	0	0.0236	1
0.0428	0.118	-1.7201	-0.8521	0.5518	-0.5199	-0.1367	0.8432	396	398	37	2	15	0.0075	0.1905	0	0.0743	1
0.0334	0.0617	-1.7561	-0.8744	0.6531	-0.2397	-0.8514	0.4666	397	399	37	2	16	0.0039	0.2917	0	0.0319	1
0.0395	0.1548	-1.7254	-0.9229	0.6999	-0.2827	-0.4874	0.8261	398	400	37	2	17	0.0051	0.1154	0	0.0464	1
0.0334	0.174	-1.7809	-0.9786	0.8274	-0.2622	-0.137	0.9552	399	401	37	2	18	0.0048	0.0545	0	0.0223	1
0.0334	0.0986	-1.8898	-0.9884	0.969	-0.3529	0.0472	0.9345	400	402	37	2	19	0.0068	0.1636	0	0.01	1
0.0334	0.129	-1.81	-1.0305	1.0468	-0.0052	-0.3044	0.9525	401	403	37	2	20	0.0043	0.1169	0	0.01	1
0.0334	0.0888	-1.7358	-1.078	1.1277	0.4047	-0.4313	0.8064	402	0	37	2	21	0.0011	0.0909	0	0.01	1
0.0148	0.4617	0.0502	-0.1772	-0.6097	-0.9941	-0.056	-0.0932	77	405	44	2	1	0.0192	0.0375	1	0.0414	1
0.0148	0.1027	-0.4055	-0.264	-0.6242	-0.3617	0.3794	0.8516	404	0	44	2	2	0.0224	0.2167	0	0.0414	1
0.0252	0.1715	-0.0691	-0.1161	-0.6033	-0.902	-0.0935	0.4214	76	407	45	2	1	0.0046	0.375	1	0.0261	1
0.023	0.0663	-0.2239	-0.1322	-0.531	-0.9817	-0.1903	-0.0065	406	408	45	2	2	0.0046	0.375	0	0.0261	1
0.0144	0.099	-0.3045	-0.1389	-0.5131	-0.4539	-0.885	-0.1037	407	409	45	2	3	0.01	0.05	0	0.01	1
0.01	0.0787	-0.3494	-0.2266	-0.5234	0.2631	0.0103	-0.9647	408	0	45	2	4	0.01	0.05	0	0.01	1
0.024	0.324	0.0196	-0.2182	-0.6079	-0.9368	-0.3478	0.0385	76	411	49	2	1	0.0101	0.2857	1	0.0252	1
0.0228	0.1389	-0.2839	-0.3308	-0.5954	-0.9236	-0.3629	-0.1239	410	412	49	2	2	0.0101	0.2857	0	0.0252	1
0.019	0.0824	-0.4145	-0.3809	-0.6114	-0.4321	-0.6085	-0.6656	411	0	49	2	3	0.0041	0.2917	0	0.019	1
0.0341	0.3704	0.1622	-0.3167	-0.5997	-0.3166	-0.1333	-0.9391	77	414	54	2	1	0.0103	0.4107	1	0.0341	1
0.0341	0.2026	0.0449	-0.366	-0.9475	-0.049	-0.3262	0.944	413	0	54	2	2	0.0103	0.4107	0	0.0341	1
0.0266	0.3644	0.007	-0.2028	-0.6334	-0.5534	-0.7886	-0.2679	76	416	64	2	1	0.0033	0.2292	1	0.0266	1
0.0243	0.1637	-0.1946	-0.4902	-0.731	-0.4572	0.3769	0.8055	415	417	64	2	2	0.0033	0.2292	0	0.0266	1
0.013	0.0696	-0.2654	-0.441	-0.6019	0.6823	0.0617	0.7285	416	418	64	2	3	0.01	0.05	0	0.01	1
0.01	0.0773	-0.2179	-0.4367	-0.5512	0.1941	-0.8971	0.3968	417	419	64	2	4	0.01	0.05	0	0.01	1
0.0064	0.0711	-0.2029	-0.5061	-0.5205	-0.4226	-0.7408	-0.5221	418	0	64	2	5	0.01	0.05	0	0.01	1
0.0304	0.3629	0.2221	-0.6097	-0.3757	-0.8089	0.137	-0.5718	80	421	67	2	1	0.0059	0.2813	1	0.0276	1
0.0276	0.1138	-0.0715	-0.56	-0.5832	-0.568	0.1362	-0.8117	420	422	67	2	2	0.0059	0.2813	0	0.0276	1
0.0352	0.1467	-0.1451	-0.5458	-0.6804	-0.1118	-0.8929	0.4361	421	423	67	2	3	0.0174	0.3095	0	0.0449	1
0.0142	0.0801	-0.1293	-0.6827	-0.6301	0.1253	-0.7655	0.6311	422	424	67	2	4	0.01	0.05	0	0.01	1
0.01	0.1226	-0.1193	-0.7441	-0.5795	0.7822	0.1747	0.5981	423	0	67	2	5	0.01	0.05	0	0.01	1
0.0346	0.2554	0.2412	-0.5412	-0.3432	-0.9776	-0.0851	0.1926	79	426	75	2	1	0.0046	0.175	1	0.0371	1
0.0257	0.1483	-0.0098	-0.5598	-0.2936	-0.9226	-0.3754	-0.0891	425	427	75	2	2	0.0109	0.125	0	0.0371	1
0.01	0.1128	-0.1409	-0.6118	-0.2929	-0.7452	0.6537	0.1318	426	0	75	2	3	0.01	0.05	0	0.01	1
0.0273	0.4486	0.3813	-0.6367	-0.245	0.2506	0.8949	-0.3694	80	429	81	2	1	0.0086	0.2143	0	0.0315	1
0.0197	0.0839	0.4999	-0.2216	-0.4002	-0.6715	0.6178	-0.409	428	430	81	2	2	0.0036	0.25	0	0.0232	1
0.01	0.0467	0.4464	-0.1648	-0.4457	-0.9151	0.3995	-0.0546	429	0	81	2	3	0.01	0.05	0	0.01	1
0.0112	0.1994	0.2647	-0.4868	-0.4571	0.8688	-0.0032	-0.4952	78	432	83	2	1	0.0142	0.1852	1	0.0424	1
0.0112	0.2401	0.432	-0.4946	-0.5439	0.8935	0.0129	0.4488	431	433	83	2	2	0.0249	0.1154	0	0.0424	1
0.0083	0.1134	0.6499	-0.5029	-0.5117	0.9045	-0.4137	0.1035	432	0	83	2	3	0.0102	0.0417	0	0.0453	1
0.0256	0.3021	0.3366	-0.6096	-0.2559	0.8303	0.5534	0.066	80	435	89	2	1	0.005	0.375	0	0.0258	1
0.025	0.114	0.5817	-0.4258	-0.2242	0.9568	0.2809	0.0749	434	436	89	2	2	0.0039	0.3438	0	0.0254	1
0.0241	0.0824	0.6889	-0.392	-0.2208	0.8612	-0.3001	-0.4101	435	0	89	2	3	0.0063	0.25	0	0.0241	1
0.026	0.1502	0.2606	-0.7015	-0.2409	-0.7748	0.2192	0.593	81	438	90	2	1	0.0039	0.4167	0	0.025	1
0.036	0.1497	0.1353	-0.645	-0.1694	-0.167	-0.6293	-0.759	437	439	90	2	2	0.0024	0.325	0	0.0378	1
0.0253	0.0703	0.1118	-0.7365	-0.2845	-0.3982	-0.2741	-0.8754	438	440	90	2	3	0.0083	0.225	0	0.01	1
0.0362	0.1576	0.0582	-0.7238	-0.2642	-0.8485	-0.5258	-0.0601	439	441	90	2	4	0.0105	0.1204	0	0.0466	1
0.025	0.0446	-0.0837	-0.793	-0.2624	-0.5976	-0.6903	0.408	440	442	90	2	5	0.0121	0.1143	0	0.01	1
0.025	0.1367	-0.1121	-0.8223	-0.248	-0.9185	-0.202	0.34	441	0	90	2	6	0.0108	0.07	0	0.01	1
0.0291	0.1708	0.2616	-0.7687	-0.2083	-0.9764	-0.0177	0.215	81	444	102	2	1	0.0076	0.325	1	0.0305	1
0.0259	0.1336	0.0949	-0.7717	-0.1716	-0.103	-0.9434	-0.3152	443	445	102	2	2	0.0076	0.325	0	0.0305	1
0.0155	0.1044	0.063	-0.8907	-0.2062	-0.1013	-0.8309	0.5472	444	446	102	2	3	0.0067	0.15	0	0.01	1
0.01	0.0629	0.0733	-0.9709	-0.1539	0.3117	-0.3405	0.8871	445	0	102	2	4	0.01	0.05	0	0.01	1
0.0315	0.3913	0.3534	-0.7693	-0.2503	0.8762	-0.2359	-0.4203	81	448	106	2	1	0.011	0.2813	1	0.0315	1
0.0315	0.2379	0.6963	-0.8616	-0.4147	0.3681	0.8669	0.3361	447	449	106	2	2	0.011	0.2813	0	0.0315	1
0.0343	0.101	0.8809	-0.8058	-0.4195	0.8367	0.2715	0.4756	448	450	106	2	3	0.0046	0.3438	0	0.0352	1
0.0325	0.1495	0.9706	-0.747	-0.3762	0.9853	-0.1689	-0.0242	449	451	106	2	4	0.0042	0.275	0	0.0354	1
0.0263	0.1213	1.1161	-0.7819	-0.3868	0.9804	-0.1961	0.0181	450	452	106	2	5	0.0016	0.225	0	0.0263	1
0.0237	0.0815	1.235	-0.8011	-0.3764	0.9922	-0.1062	0.0658	451	453	106	2	6	0.0026	0.25	0	0.0237	1
0.0193	0.1501	1.3054	-0.8045	-0.3354	0.9559	-0.0566	0.2881	452	454	106	2	7	0.0155	0.1667	0	0.0193	1
0.01	0.2028	1.4333	-0.7992	-0.2803	0.6835	0.1623	0.7117	453	455	106	2	8	0.01	0.05	0	0.01	1
0.0059	0.0969	1.5233	-0.8489	-0.307	0.9186	-0.3885	-0.073	454	0	106	2	9	0.01	0.05	0	0.01	1
0.0291	0.243	0.3102	-0.8904	-0.1461	-0.7506	0.007	0.6607	82	457	110	2	1	0.0048	0.3333	1	0.0281	1
0.0291	0.0776	0.1278	-0.8887	0.0145	-0.6879	0.4159	-0.5948	456	458	110	2	2	0.0048	0.3333	0	0.0281	1
0.0291	0.1137	0.0496	-0.8621	-0.0424	-0.0701	0.9406	-0.3322	457	459	110	2	3	0.0048	0.4688	0	0.0291	1
0.0291	0.1078	0.0285	-0.7679	-0.1132	-0.0765	0.9401	-0.3322	458	0	110	2	4	0.0067	0.0857	0	0.01	1
0.0509	0.2951	0.3802	-1.1055	-0.088	-0.2892	0.3496	0.8911	84	461	113	2	1	0.0078	0.7045	1	0.0509	1
0.0509	0.1192	0.2949	-1.0023	0.175	-0.4968	-0.7701	0.4001	460	462	113	2	2	0.0078	0.7045	0	0.0509	1
0.0513	0.109	0.2477	-1.0892	0.2489	-0.1566	-0.9549	0.2523	461	463	113	2	3	0.0077	0.6545	0	0.0521	1
0.0527	0.1158	0.2203	-1.1827	0.3167	-0.1941	-0.9599	0.2024	462	464	113	2	4	0.0081	0.7333	0	0.0527	1
0.0508	0.1526	0.1815	-1.3017	0.3288	-0.2476	-0.5966	0.7634	463	465	113	2	5	0.0081	0.7273	0	0.0508	1
0.045	0.0988	0.1322	-1.386	0.4539	-0.2247	-0.8912	0.3939	464	466	113	2	6	0.0221	0.6333	0	0.0526	1
0.0436	0.1034	0.1297	-1.4849	0.4905	-0.0201	-0.2439	0.9696	465	467	113	2	7	0.0073	0.625	0	0.0438	1
0.0439	0.0956	0.1161	-1.5448	0.5962	-0.1241	0.1921	0.9735	466	468	113	2	8	0.0065	0.675	0	0.044	1
0.0439	0.2037	0.1028	-1.5588	0.6891	-0.0888	-0.0001	0.996	467	469	113	2	9	0.0205	0.6364	0	0.0501	1
0.0448	0.098	0.0893	-1.5825	0.9032	-0.0965	0.409	0.9074	468	470	113	2	10	0.0066	0.675	0	0.0473	1
0.0435	0.0861	0.0675	-1.5779	0.9963	-0.4007	0.2409	0.884	469	471	113	2	11	0.0055	0.775	0	0.0435	1
0.0362	0.0858	0.0456	-1.5754	1.0767	-0.4166	-0.0735	0.9061	470	472	113	2	12	0.0054	0.7917	0	0.0362	1
0.0402	0.1343	-0.0219	-1.5559	1.1713	0.2394	-0.3063	0.9213	471	473	113	2	13	0.0165	0.2906	0	0.0464	1
0.0362	0.0469	-0.0236	-1.5781	1.2992	-0.1968	-0.5357	0.8212	472	474	113	2	14	0.0106	0.0556	0	0.1697	1
0.0362	0.0282	0.0186	-1.5698	1.3762	-0.128	-0.6573	0.7427	473	0	113	2	15	0.0031	0.05	0	0.01	1
0.0253	0.3234	0.6042	-1.2506	0.016	-0.677	-0.0803	-0.7316	86	476	116	2	1	0.0077	0.2917	0	0.0253	1
0.0321	0.121	0.3944	-1.2763	-0.2246	0.0366	-0.9989	0.0296	475	477	116	2	2	0.0055	0.1667	0	0.0377	1
0.022	0.0963	0.4234	-1.4028	-0.2373	-0.4047	-0.8585	-0.315	476	478	116	2	3	0.0023	0.4167	0	0.0203	1
0.0223	0.0957	0.3868	-1.4861	-0.2519	0.0041	-0.9989	-0.046	477	479	116	2	4	0.0029	0.375	0	0.0223	1
0.0294	0.146	0.3763	-1.5807	-0.2576	-0.1167	-0.98	0.161	478	480	116	2	5	0.0042	0.45	0	0.0298	1
0.0304	0.0966	0.3474	-1.7285	-0.2355	0.3624	-0.9299	0.0621	479	481	116	2	6	0.0039	0.5	0	0.0313	1
0.0289	0.0924	0.3899	-1.8182	-0.232	0.0145	-0.9998	-0.0135	480	482	116	2	7	0.0037	0.4375	0	0.0296	1
0.0243	0.2432	0.4102	-1.9131	-0.229	-0.1265	-0.9918	-0.0205	481	483	116	2	8	0.0034	0.25	0	0.0243	1
0.0233	0.0746	0.3747	-2.1516	-0.2253	-0.3592	-0.9289	0.0899	482	484	116	2	9	0.0091	0.25	0	0.0233	1
0.0203	0.0173	0.3421	-2.2206	-0.2349	-0.6383	-0.7385	0.2172	483	485	116	2	10	0.0065	0.14	0	0.01	1
0.0203	0.0877	0.3196	-2.2333	-0.2245	-0.1083	-0.9803	-0.1653	484	486	116	2	11	0.0046	0.1167	0	0.01	1
0.0203	0.0909	0.3422	-2.3182	-0.2469	0.0481	-0.9969	0.0619	485	0	116	2	12	0.0014	0.12	0	0.01	1
0.0472	0.1674	0.5048	-1.2444	-0.0252	-0.4188	-0.8857	0.2004	85	488	123	2	1	0.0097	0.52	1	0.0472	1
0.0472	0.2856	0.4347	-1.3926	0.0084	0.1874	-0.9503	-0.2485	487	489	123	2	2	0.0097	0.52	0	0.0472	1
0.0503	0.092	0.5017	-1.6668	-0.048	0.0181	-0.9792	-0.202	488	490	123	2	3	0.0072	0.6944	0	0.0529	1
0.0492	0.1116	0.4923	-1.7749	-0.0813	0.7913	-0.5957	0.1377	489	491	123	2	4	0.0067	0.5455	0	0.0492	1
0.0501	0.1314	0.5309	-1.8965	-0.0694	0.689	-0.6422	0.336	490	492	123	2	5	0.0097	0.5694	0	0.0547	1
0.0502	0.0647	0.6146	-2.0206	-0.0647	0.5317	-0.6414	0.553	491	493	123	2	6	0.009	0.6944	0	0.055	1
0.0499	0.141	0.6382	-2.0726	-0.0215	0.6815	-0.7307	-0.0394	492	494	123	2	7	0.0253	0.5781	0	0.0674	1
0.0472	0.151	0.7235	-2.2163	-0.0621	0.7013	-0.5632	0.4369	493	495	123	2	8	0.0061	0.1429	0	0.0455	1
0.0472	0.2196	0.876	-2.3339	-0.0623	-0.2964	-0.9229	0.2458	494	496	123	2	9	0.0103	0.0667	0	0.0365	1
0.0472	0.0325	0.8518	-2.5861	-0.0234	-0.684	-0.6596	0.3115	495	0	123	2	10	0.0033	0.0933	0	0.01	1
0.0334	0.1424	0.5757	-1.2729	0.0222	-0.1229	-0.9763	-0.178	85	498	124	2	1	0.0076	0.3125	1	0.0263	1
0.0334	0.1071	0.5559	-1.4063	-0.0103	0.8453	-0.2503	-0.472	497	499	124	2	2	0.0079	0.1364	0	0.0263	1
0.0355	0.1591	0.6507	-1.4792	-0.1167	-0.0082	-0.7716	0.6361	498	500	124	2	3	0.0031	0.25	0	0.0358	1
0.0334	0.0576	0.641	-1.6106	0.0015	0.9149	-0.2219	0.3372	499	501	124	2	4	0.0026	0.4583	0	0.0334	1
0.0334	0.0209	0.6892	-1.5682	0.0416	0.4901	-0.2698	0.8288	500	502	124	2	5	0.0041	0.1591	0	0.01	1
0.0334	0.0647	0.6918	-1.6012	0.0493	0.8194	-0.379	0.4302	501	0	124	2	6	0.027	0.0909	0	0.01	1
0.0312	0.2596	0.495	-1.2394	-0.032	-0.1498	-0.8438	0.5153	85	504	132	2	1	0.0106	0.2917	1	0.0332	1
0.0274	0.2693	0.456	-1.4581	0.1022	0.4627	-0.5805	0.67	503	505	132	2	2	0.0115	0.2143	0	0.0332	1
0.0161	0.0297	0.5649	-1.6109	0.2989	-0.187	-0.9818	0.033	504	506	132	2	3	0.0079	0.15	0	0.01	1
0.01	0.0524	0.5744	-1.6428	0.2942	0.3414	-0.0427	0.9389	505	0	132	2	4	0.01	0.05	0	0.01	1
0.0476	0.2781	0.8128	-1.4386	0.2568	0.0833	-0.9347	-0.3456	89	508	134	2	1	0.0063	0.2545	0	0.0515	1
0.0427	0.1037	0.8336	-1.6812	0.1379	0.9453	-0.2058	-0.253	507	509	134	2	2	0.0052	0.2667	0	0.0457	1
0.0356	0.1182	0.9378	-1.7088	0.1292	0.3003	-0.8605	-0.4115	508	510	134	2	3	0.0042	0.25	0	0.0372	1
0.0245	0.1054	0.9554	-1.8262	0.1295	-0.0925	-0.9377	-0.335	509	511	134	2	4	0.0134	0.18	0	0.0295	1
0.0083	0.001	0.9453	-1.9251	0.0939	0.2651	-0.9634	-0.0388	510	0	134	2	5	0.01	0.05	0	0.01	1
0.026	0.3258	0.65	-1.24	0.1778	0.7034	0.123	0.7001	86	513	135	2	1	0.0039	0.3125	0	0.0257	1
0.0261	0.0467	0.9009	-1.1992	0.4304	0.5054	-0.7508	-0.4252	512	0	135	2	2	0.006	0.2	0	0.027	1
0.0308	0.1807	0.7233	-1.3592	0.1568	0.6872	-0.586	-0.4293	87	515	139	2	1	0.0049	0.5625	1	0.0308	1
0.0308	0.1197	0.8474	-1.4651	0.0792	-0.0087	-0.9643	-0.2647	514	516	139	2	2	0.0049	0.5625	0	0.0308	1
0.0308	0.1048	0.8539	-1.5913	0.0501	-0.8256	-0.5512	0.1205	515	517	139	2	3	0.002	0.2813	0	0.0302	1
0.0338	0.1359	0.7368	-1.621	0.0473	-0.4846	-0.7633	-0.4272	516	518	139	2	4	0.0056	0.1875	0	0.036	1
0.0308	0.056	0.6542	-1.7441	-0.0026	0.7439	-0.6667	-0.0455	517	519	139	2	5	0.0075	0.1333	0	0.01	1
0.0371	0.0801	0.6867	-1.7896	-0.0161	0.2262	-0.8617	0.4542	518	0	139	2	6	0.0025	0.0972	0	0.0474	1
0.0325	0.1903	0.7884	-1.4056	0.2313	0.8794	-0.4233	-0.218	88	521	140	2	1	0.0048	0.2	1	0.0363	1
0.0275	0.1409	0.9532	-1.4854	0.1876	0.2004	-0.8233	-0.5311	520	522	140	2	2	0.0111	0.1375	0	0.0363	1
0.0165	0.1083	1.0063	-1.6043	0.1279	0.2012	-0.8479	-0.4904	521	523	140	2	3	0.01	0.05	0	0.01	1
0.01	0.0879	1.0281	-1.6961	0.0748	-0.3019	-0.758	-0.5781	522	0	140	2	4	0.01	0.05	0	0.01	1
0.0318	0.2948	0.794	-1.3849	0.2389	0.9873	-0.1572	-0.0238	88	525	144	2	1	0.0044	0.375	1	0.0325	1
0.0269	0.0798	1.0867	-1.4251	0.23	0.9159	-0.3288	-0.2301	524	526	144	2	2	0.0108	0.4	0	0.0325	1
0.01	0.0513	1.1693	-1.4408	0.1967	0.7767	-0.6279	0.0496	525	0	144	2	3	0.01	0.05	0	0.01	1
0.0284	0.1886	0.7666	-1.8576	0.7174	-0.579	-0.0452	0.8141	94	528	147	2	1	0.0039	0.375	1	0.0284	1
0.0284	0.1046	0.6574	-1.8661	0.8709	0.3235	-0.0234	0.9459	527	529	147	2	2	0.0039	0.375	0	0.0284	1
0.0309	0.085	0.7002	-1.8635	0.9688	0.2136	-0.1814	0.9599	528	530	147	2	3	0.0083	0.28	0	0.0447	1
0.0228	0.0505	0.6906	-1.8733	1.0637	0.1972	-0.6871	0.6993	529	531	147	2	4	0.0032	0.25	0	0.0228	1
0.0217	0.0741	0.6954	-1.9072	1.1004	0.2657	0.0161	0.9639	530	532	147	2	5	0.0032	0.25	0	0.0251	1
0.0145	0.0949	0.6991	-1.8864	1.1898	-0.0935	-0.7124	0.6955	531	0	147	2	6	0.0056	0.1143	0	0.0198	1
0.01	0.1526	0.6572	-1.6509	0.5221	0.0847	0.5736	0.8148	90	534	148	2	1	0.01	0.05	1	0.01	1
0.01	0.0657	0.6701	-1.5634	0.6464	0.8207	-0.4053	0.4027	533	535	148	2	2	0.01	0.05	0	0.01	1
0.01	0.0755	0.7241	-1.5901	0.6728	0.924	-0.2086	0.3204	534	0	148	2	3	0.01	0.05	0	0.01	1
0.0476	0.403	0.7028	-1.5302	0.451	0.29	0.1027	0.9515	89	537	1019	2	1	0.0221	0.366	0	0.0506	1
0.0434	0.0887	0.8	-1.5041	0.8346	0.0984	-0.1153	0.9884	536	538	1019	2	2	0.0049	0.6	0	0.0434	1
0.045	0.105	0.8162	-1.5197	0.9212	0.0895	-0.0804	0.9927	537	539	1019	2	3	0.0183	0.3733	0	0.0626	1
0.035	0.0918	0.8385	-1.5029	1.0192	0.2913	0.0874	0.9526	538	540	1019	2	4	0.0047	0.4167	0	0.035	1
0.0372	0.0639	0.8747	-1.5041	1.1033	0.2601	-0.0808	0.9622	539	541	1019	2	5	0.0129	0.2619	0	0.0372	1
0.035	0.0618	0.8922	-1.5395	1.1706	0.0936	0.1913	0.977	540	0	1019	2	6	0.0026	0.1061	0	0.01	1
0.0314	0.1025	0.6881	-1.5858	0.3753	0.0648	-0.7745	-0.6292	89	543	557	2	1	0.0041	0.3125	1	0.0304	1
0.0273	0.1124	0.6948	-1.6652	0.3108	-0.9452	-0.3265	0.0027	542	544	557	2	2	0.0041	0.3125	0	0.0304	1
0.0476	0.0841	0.5128	-1.7309	0.3382	0.4083	-0.2478	0.8785	543	545	557	2	3	0.0269	0.16	0	0.0999	1
0.01	0.0039	0.4899	-1.7927	0.4546	0.7179	-0.5047	0.4795	544	0	557	2	4	0.01	0.05	0	0.01	1
0.01	0.304	0.285	0.734	-0.0559	-0.8989	-0.1597	0.408	102	0	626	2	1	0.01	0.05	0	0.01	1
0.0305	0.3063	0.3256	0.7795	-0.0143	-0.3838	-0.1904	0.9036	102	548	627	2	1	0.011	0.3594	0	0.0305	1
0.0259	0.1185	0.2158	0.7164	0.2707	-0.7371	-0.0465	0.6742	547	549	627	2	2	0.0038	0.4063	0	0.0258	1
0.0383	0.1316	0.1221	0.7447	0.3674	0.0921	-0.4293	0.8985	548	550	627	2	3	0.0082	0.1923	0	0.0445	1
0.034	0.1331	0.1121	0.734	0.476	-0.5277	-0.0765	0.846	549	551	627	2	4	0.0098	0.101	0	0.0764	1
0.0258	0.0926	0.0285	0.732	0.5509	-0.9385	0.0471	0.3421	550	552	627	2	5	0.0051	0.16	0	0.01	1
0.0258	0.0139	-0.0399	0.7093	0.5225	-0.949	-0.2628	-0.1743	551	0	627	2	6	0.0039	0.0875	0	0.01	1
0.0231	0.1747	0.5368	0.7967	0.3536	-0.7474	-0.054	0.6621	107	554	634	2	1	0.0032	0.175	1	0.0245	1
0.0184	0.1255	0.4071	0.7831	0.4704	-0.3176	0.1838	0.9302	553	555	634	2	2	0.0081	0.1714	0	0.0245	1
0.01	0.1021	0.3615	0.7892	0.5909	0.0496	0.2006	0.9784	554	0	634	2	3	0.01	0.05	0	0.01	1
0.0101	0.1091	0.744	0.9314	0.677	0.8437	0.3501	0.4069	110	557	638	2	1	0.0172	0.1667	1	0.0457	1
0.0101	0.1093	0.8431	0.9471	0.7184	0.6349	0.0972	0.7664	556	558	638	2	2	0.0193	0.1429	0	0.0457	1
0.0031	0.0662	0.9085	0.9451	0.8021	0.8154	-0.2558	0.5193	557	0	638	2	3	0.0084	0.0625	0	0.1387	1
0.0394	0.4145	0.597	0.8824	0.6028	0.3747	0.1141	0.9201	110	560	639	2	1	0.0131	0.1502	0	0.052	1
0.0367	0.0857	0.7186	0.9173	0.9916	0.0761	0.3521	0.9329	559	561	639	2	2	0.0039	0.3704	0	0.0416	1
0.0285	0.0965	0.7533	0.9033	1.095	0.0551	0.4964	0.8664	560	562	639	2	3	0.0035	0.2813	0	0.0285	1
0.0246	0.2113	0.7348	0.9678	1.1878	0.4513	0.1582	0.8782	561	563	639	2	4	0.0138	0.1	0	0.2214	1
0.0104	0.0823	0.837	0.9882	1.3449	0.9661	0.2218	0.1324	562	564	639	2	5	0.01	0.05	0	0.01	1
0.0061	0.0667	0.9166	1.0064	1.3558	0.5784	0.1043	0.8091	563	0	639	2	6	0.01	0.05	0	0.01	1
0.0394	0.0823	0.3581	0.4732	0.6976	0.7095	0.0192	0.7045	140	566	653	2	1	0.0108	0.3036	0	0.0381	0
0.0394	0.0923	0.4004	0.4923	0.7591	-0.0277	-0.2214	0.9748	565	567	653	2	2	0.0036	0.4074	0	0.0394	0
0.0414	0.0916	0.402	0.4578	0.8427	0.9659	0.2419	0.0926	566	568	653	2	3	0.0057	0.4333	0	0.0445	0
0.0412	0.0988	0.5097	0.5014	0.8619	0.6397	-0.2007	-0.742	567	569	653	2	4	0.0162	0.2	0	0.0681	0
0.0394	0.0699	0.5907	0.5177	0.8049	0.646	-0.5559	0.5231	568	570	653	2	5	0.0126	0.2125	0	0.0301	0
0.0394	0.1098	0.6484	0.491	0.8714	-0.593	-0.6273	0.5048	569	571	653	2	6	0.0066	0.0577	0	0.01	0
0.0394	0.113	0.5815	0.4289	0.9293	-0.4273	-0.4113	0.8051	570	0	653	2	7	0.0028	0.0481	0	0.01	0
0.0197	0.2329	0.4618	0.5097	0.6411	0.2079	-0.1621	0.9646	140	573	654	2	1	0.0024	0.0833	0	0.0252	0
0.015	0.0897	0.5175	0.4736	0.8633	0.2298	0.333	0.9145	572	574	654	2	2	0.01	0.05	0	0.01	0
0.0125	0.1105	0.5381	0.5034	0.9453	-0.1041	0.2263	0.9685	573	575	654	2	3	0.01	0.05	0	0.01	0
0.01	0.0498	0.5266	0.5284	1.0523	0.2802	0.3899	0.8772	574	0	654	2	4	0.01	0.05	0	0.01	0
0.0291	0.1433	0.7791	0.5705	0.6519	0.8184	0.208	0.5356	141	577	660	2	1	0.0073	0.3125	1	0.0291	0
0.0291	0.1736	0.8964	0.6003	0.7287	0.0957	0.1025	0.9901	576	578	660	2	2	0.0073	0.3125	0	0.0291	0
0.0341	0.1194	0.9102	0.6098	0.9008	0.6135	-0.1965	0.7649	577	579	660	2	3	0.0097	0.1364	0	0.057	0
0.0225	0.1512	0.9907	0.5745	0.9651	0.6983	-0.568	0.4356	578	580	660	2	4	0.0027	0.175	0	0.0225	0
0.0298	0.0896	1.0719	0.4631	1.0283	0.7236	-0.6901	0.0091	579	581	660	2	5	0.0112	0.22	0	0.0456	0
0.0119	0.0018	1.1375	0.4053	1.0387	0.5283	-0.798	0.29	580	582	660	2	6	0.01	0.05	0	0.01	0
0.01	0.0409	1.1347	0.4026	1.0409	0.1018	0.6818	0.7244	581	0	660	2	7	0.01	0.05	0	0.01	0
0.0323	0.1434	0.8327	0.601	1.3274	0.1214	0.4048	-0.9063	146	584	1021	2	1	0.0086	0.375	1	0.0323	0
0.0312	0.1129	0.8501	0.659	1.1975	0.3459	-0.6424	0.6838	583	585	1021	2	2	0.0086	0.375	0	0.0323	0
0.0296	0.0824	0.8885	0.6148	1.2592	0.9941	-0.0326	-0.1039	584	586	1021	2	3	0.0136	0.3	0	0.0464	0
0.0253	0.1054	0.925	0.652	1.2403	-0.0796	-0.334	-0.9392	585	587	1021	2	4	0.0099	0.2	0	0.0372	0
0.0115	0.0345	0.9459	0.6241	1.1649	0.5111	0.4064	-0.7574	586	588	1021	2	5	0.01	0.05	0	0.01	0
0.008	0.0264	0.9614	0.65	1.1414	0.7656	-0.0029	0.6433	587	0	1021	2	6	0.01	0.05	0	0.01	0
0.0136	0.1753	-0.8289	0.0562	1.0128	0.7052	-0.2263	-0.672	159	590	941	2	1	0.0043	0.0556	1	0.0285	1
0.0136	0.0874	-0.7399	-0.0382	0.8761	0.6975	-0.203	-0.6872	589	591	941	2	2	0.0121	0.26	0	0.0285	1
0.0071	0.1019	-0.6723	-0.0434	0.8209	0.7474	-0.148	-0.6477	590	0	941	2	3	0.0205	0.1143	0	0.0285	1
0.0116	0.1662	-0.2261	1.2211	0.0437	-0.7797	0.0477	0.6243	194	593	823	3	1	0.0098	0.0556	0	0.0324	0
0.0092	0.1766	-0.3811	1.232	0.0948	0.5909	0.7702	-0.2402	592	594	823	3	2	0.014	0.1222	0	0.0344	0
0.0093	0.078	-0.2904	1.3656	0.0491	-0.1731	0.9848	-0.0162	593	0	823	3	3	0.01	0.05	0	0.01	0
0.0095	0.028	-0.434	1.246	0.1364	0.8163	-0.4452	0.368	215	596	591	3	1	0.0063	0.3333	1	0.0212	0
0.0095	0.0712	-0.4195	1.2374	0.1487	0.4669	0.7792	0.4181	595	597	591	3	2	0.0092	0.175	0	0.0212	0
0.0092	0.1378	-0.3389	1.2991	0.1755	-0.1428	0.9509	-0.2745	596	598	591	3	3	0.0246	0.1714	0	0.0348	0
0.0082	0.1828	-0.4124	1.423	0.1192	0.3238	0.0111	-0.9461	597	599	591	3	4	0.0707	0.1222	0	0.0898	0
0.006	0.0708	-0.403	1.4393	-0.0255	-0.2963	0.5319	-0.7933	598	600	591	3	5	0.01	0.05	0	0.01	0
0.0038	0.0631	-0.4282	1.4754	-0.0808	-0.2107	0.8429	0.4952	599	0	591	3	6	0.0087	0.075	0	0.01	0
0.0343	0.1337	-0.7617	1.1834	-0.2831	-0.4971	-0.511	-0.7012	216	602	1025	3	1	0.0045	0.4583	1	0.0343	0
0.0343	0.0894	-0.8282	1.1151	-0.3768	-0.6441	0.1053	-0.7577	601	0	1025	3	2	0.0045	0.4583	0	0.0343	0
0.0363	0.1445	-0.7095	1.488	0.4641	-0.6423	-0.0551	-0.7645	228	604	609	3	1	0.004	0.375	0	0.036	0
0.0395	0.0696	-0.796	1.4671	0.3585	-0.8619	-0.2555	0.4379	603	605	609	3	2	0.0022	0.0256	0	0.0476	0
0.0395	0.054	-0.8051	1.4556	0.4025	0.2387	0.1318	-0.9621	604	606	609	3	3	0.0051	0.2963	0	0.042	0
0.01	0.0381	-0.822	1.4742	0.3563	-0.3623	-0.932	-0.0132	605	0	609	3	4	0.01	0.05	0	0.01	0
0.0117	0.1253	-0.8148	1.6497	0.2405	0.137	-0.6961	-0.7048	0	608	616	0	1	0.0139	0.1571	0	0.0272	0
0.01	0.0424	-0.7953	1.5614	0.1509	0.1027	-0.6404	0.7612	607	0	616	0	2	0.01	0.05	0	0.01	0
0.0397	0.0839	-1.4791	1.8584	0.2129	-0.3365	0.2274	0.9138	259	610	255	3	1	0.025	0.2449	1	0.042	0
0.0396	0.1275	-1.5073	1.8774	0.2895	-0.1335	0.9873	0.0866	609	611	255	3	2	0.025	0.2449	0	0.042	0
0.0364	0.2137	-1.5469	1.9908	0.2782	-0.5292	0.8461	0.0636	610	612	255	3	3	0.0053	0.375	0	0.0364	0
0.027	0.0762	-1.6517	2.1786	0.2947	-0.6299	0.7756	-0.0403	611	613	255	3	4	0.0032	0.4167	0	0.027	0
0.027	0.1868	-1.6868	2.2567	0.279	-0.8488	0.5234	-0.0754	612	614	255	3	5	0.005	0.1	0	0.0187	0
0.027	0.0909	-1.8462	2.3541	0.2739	-0.9229	0.3792	-0.0671	613	615	255	3	6	0.0041	0.0556	0	0.01	0
0.027	0.0693	-1.9535	2.354	0.2864	-0.8146	0.5779	0.0487	614	616	255	3	7	0.0024	0.1	0	0.01	0
0.027	0.0831	-1.9891	2.4352	0.2843	-0.8901	0.455	0.0264	615	0	255	3	8	0.0033	0.12	0	0.01	0
0.0234	0.0694	-0.0214	0.3676	0.9692	0.4639	-0.0594	0.8839	284	618	682	3	1	0.0074	0.25	1	0.025	0
0.0207	0.1065	0.0108	0.3634	1.0305	0.3835	0.4667	0.7969	617	619	682	3	2	0.0074	0.25	0	0.025	0
0.0139	0.0572	0.0258	0.3859	1.1312	0.2928	0.2547	0.9216	618	620	682	3	3	0.01	0.05	0	0.01	0
0.01	0.1387	0.0426	0.4004	1.1838	0.2272	-0.0252	0.9735	619	0	682	3	4	0.01	0.05	0	0.01	0
0.0268	0.0527	0.0448	-0.2746	0.729	-0.0211	-0.9866	0.162	303	622	693	3	1	0.0034	0.2188	1	0.0267	0
0.023	0.1097	0.0437	-0.3266	0.7376	-0.0455	-0.5893	0.8067	621	623	693	3	2	0.0034	0.2188	0	0.0267	0
0.0152	0.0637	0.0565	-0.3923	0.8274	-0.0982	-0.6712	0.7347	622	624	693	3	3	0.01	0.05	0	0.01	0
0.03	0.0555	0.0426	-0.4627	0.8795	0.7867	-0.1015	0.609	623	0	693	3	4	0.0061	0.2917	0	0.032	0
0.0365	0.1998	-0.0427	-0.1857	0.8202	-0.2938	0.9493	-0.1121	304	626	1031	3	1	0.018	0.3287	1	0.0487	0
0.0363	0.3752	-0.0923	0.0108	0.8003	0.5203	-0.7946	0.3128	625	627	1031	3	2	0.0182	0.3026	0	0.0487	0
0.036	0.0845	0.1079	-0.2887	0.9044	0.591	-0.7499	0.2972	626	628	1031	3	3	0.0169	0.25	0	0.0486	0
0.0347	0.0594	0.1498	-0.3404	0.8898	0.8311	-0.4651	-0.3048	627	629	1031	3	4	0.0045	0.5	0	0.0347	0
0.035	0.0818	0.1991	-0.3633	0.8947	0.3954	-0.8999	0.1838	628	630	1031	3	5	0.0047	0.25	0	0.035	0
0.034	0.1401	0.2189	-0.4207	0.9461	-0.8145	-0.5797	-0.0231	629	631	1031	3	6	0.0044	0.2292	0	0.034	0
0.0348	0.135	0.1326	-0.4899	0.9146	0.7318	-0.1184	0.6712	630	632	1031	3	7	0.0032	0.2188	0	0.0366	0
0.0322	0.0779	0.2071	-0.5378	1.0098	0.7534	-0.5151	0.4088	631	633	1031	3	8	0.004	0.4583	0	0.0322	0
0.0331	0.0696	0.2615	-0.569	1.0509	0.5115	-0.4886	0.7068	632	634	1031	3	9	0.0033	0.4167	0	0.0331	0
0.0322	0.0756	0.2992	-0.6346	1.0679	0.1359	-0.702	0.699	633	635	1031	3	10	0	0.0227	0	0.01	0
0.0322	0.1011	0.3113	-0.6738	1.1393	0.3296	-0.7695	0.547	634	0	1031	3	11	0.0051	0.0331	0	0.01	0
0.01	0.205	-0.0783	-0.1745	0.8715	0.5338	0.2853	0.796	304	637	867	3	1	0.01	0.05	1	0.01	0
0.01	0.1052	0.0311	-0.116	1.0346	0.8164	0.5068	-0.2768	636	0	867	3	2	0.01	0.05	0	0.01	0
0.02	0.048	-0.2071	-0.4525	1.2706	0.9642	0.2529	0.0792	310	639	876	3	1	0.0027	0.375	0	0.0211	0
0.0141	0.0664	-0.1476	-0.4313	1.2826	0.056	-0.7153	0.6966	638	640	876	3	2	0.01	0.05	0	0.01	0
0.01	0.0896	-0.1439	-0.4787	1.3288	0.3309	-0.6384	0.6949	639	0	876	3	3	0.01	0.05	0	0.01	0
0.0313	0.0908	-0.3094	-0.0556	0.7864	-0.9344	0.3556	0.0209	317	642	715	3	1	0.01	0.1717	1	0.0313	0
0.0313	0.1739	-0.3943	-0.0234	0.7883	-0.9407	-0.3291	0.083	641	643	715	3	2	0.01	0.1717	0	0.0313	0
0.0313	0.1098	-0.5653	-0.0615	0.8183	0.1563	-0.585	0.7958	642	644	715	3	3	0.0094	0.22	0	0.0522	0
0.013	0.0534	-0.55	-0.1299	0.9036	-0.6738	-0.0688	0.7357	643	645	715	3	4	0.01	0.05	0	0.01	0
0.0081	0.0476	-0.5859	-0.1336	0.9428	-0.9603	-0.2624	0.0945	644	0	715	3	5	0.01	0.05	0	0.01	0
0.035	0.1127	-0.4176	-0.1434	1.0758	-0.4083	0.9128	-0.0076	319	647	723	3	1	0.0077	0.2188	1	0.0352	1
0.0343	0.1027	-0.4636	-0.0406	1.075	-0.9511	0.1494	-0.2704	646	648	723	3	2	0.0077	0.2188	0	0.0352	1
0.0255	0.1399	-0.5641	-0.0271	1.0401	-0.7045	-0.5663	0.4278	647	649	723	3	3	0.0027	0.3125	0	0.0255	1
0.0285	0.2105	-0.6722	-0.0975	1.0946	-0.6634	-0.3099	0.6811	648	650	723	3	4	0.0022	0.1786	0	0.0315	1
0.0159	0.0954	-0.7824	-0.1886	1.2474	-0.6286	-0.4993	0.5963	649	651	723	3	5	0.0062	0.1	0	0.01	1
0.0116	0.1215	-0.8703	-0.1839	1.2709	-0.8991	-0.2529	0.3572	650	652	723	3	6	0.01	0.05	0	0.01	1
0.0075	0.1385	-0.9287	-0.2062	1.3611	-0.6393	-0.2219	0.7363	651	0	723	3	7	0.01	0.05	0	0.01	1
0.0276	0.0836	-0.5571	-0.3212	1.4124	0.1003	-0.9319	0.3487	323	654	1032	3	1	0.0053	0.4464	1	0.0276	0
0.0276	0.1862	-0.5487	-0.3991	1.4416	-0.3094	-0.194	0.9309	653	655	1032	3	2	0.0053	0.4464	0	0.0276	0
0.028	0.0643	-0.6143	-0.4397	1.612	-0.1675	-0.302	0.9385	654	656	1032	3	3	0.0034	0.5833	0	0.028	0
0.0276	0.0854	-0.6223	-0.4632	1.6706	-0.2674	-0.5249	0.808	655	657	1032	3	4	0.0039	0.25	0	0.0259	0
0.0276	0.1041	-0.6446	-0.5023	1.7393	0.0708	0.0487	0.9963	656	0	1032	3	5	0.0065	0.0875	0	0.01	0
0.0025	0.3564	0.1016	-0.1213	0.7291	-0.4634	0.8832	0.0719	328	0	1033	3	1	0.101	0.1045	0	0.1308	0
0.01	0.2379	0.6495	0.044	0.947	-0.6913	0.6914	0.2097	336	0	740	3	1	0.01	0.05	0	0.01	0
0.0288	0.1429	1.0348	0.0939	1.2877	-0.8497	0.3005	-0.4332	340	661	748	3	1	0.0036	0.4583	1	0.0288	0
0.0288	0.0717	0.9133	0.1368	1.2258	0.6512	0.0229	0.7585	660	662	748	3	2	0.0036	0.4583	0	0.0288	0
0.0288	0.091	0.9524	0.1606	1.304	0.779	0.564	-0.274	661	663	748	3	3	0.0044	0.4167	0	0.0335	0
0.0288	0.2365	1.0305	0.231	1.3	0.8526	0.2067	-0.48	662	664	748	3	4	0.0109	0.1333	0	0.0399	0
0.0288	0.0781	1.2185	0.3255	1.2004	0.5646	0.3895	-0.7277	663	665	748	3	5	0.0163	0.14	0	0.075	0
0.0288	0.157	1.2846	0.3528	1.2001	0.756	0.6	-0.2618	664	666	748	3	6	0.0211	0.1273	0	0.0271	0
0.0288	0.2074	1.404	0.4438	1.165	0.8897	0.4361	0.1349	665	667	748	3	7	0.01	0.05	0	0.01	0
0.0288	0.1468	1.3649	0.4822	1.2022	0.15	-0.7576	-0.6352	666	0	748	3	8	0.0016	0.0625	0	0.0213	0
0.017	0.0216	1.0338	0.0806	1.2665	-0.113	0.5156	-0.8494	340	669	750	3	1	0.0043	0.3125	1	0.017	0
0.017	0.1009	1.0314	0.0917	1.2482	0.1538	0.6315	0.7599	668	670	750	3	2	0.0043	0.3125	0	0.017	0
0.0191	0.1852	1.0176	0.1583	1.3617	0.7811	-0.0298	0.6237	669	671	750	3	3	0.0096	0.14	0	0.0289	0
0.01	0.0958	1.1482	0.1425	1.4907	0.7579	-0.2423	0.6057	670	672	750	3	4	0.01	0.05	0	0.01	0
0.0095	0.1009	1.2152	0.1306	1.5573	0.72	-0.1572	0.676	671	673	750	3	5	0.01	0.05	0	0.01	0
0.0054	0.0779	1.2611	0.1348	1.6442	0.5611	-0.0249	0.8274	672	0	750	3	6	0.01	0.05	0	0.01	0
0.024	0.0458	1.0129	0.0736	1.3011	-0.6348	0.4089	0.6556	340	675	893	3	1	0.0051	0.2813	1	0.0294	0
0.024	0.1154	0.9877	0.0889	1.3262	-0.554	-0.822	0.1319	674	676	893	3	2	0.0025	0.0833	0	0.0294	0
0.0173	0.1113	0.9202	0.0018	1.3436	-0.6798	-0.1009	-0.7265	675	677	893	3	3	0.0057	0.1833	0	0.0228	0
0.01	0.0745	0.8443	0.0016	1.2644	-0.8102	0.0669	-0.5823	676	0	893	3	4	0.01	0.05	0	0.01	0
0.005	0.4154	0.8727	-0.2351	1.2736	0.2765	-0.449	0.8497	348	679	1036	3	1	0.0033	0.1313	0	0.0494	1
0.0063	0.112	1.0135	-0.3745	1.6265	0.4676	-0.256	0.8461	678	680	1036	3	2	0.01	0.05	0	0.01	1
0.0053	0.1007	1.0396	-0.451	1.6528	0.3594	-0.8245	0.4371	679	0	1036	3	3	0.01	0.05	0	0.01	1
0.0316	0.1406	0.6065	-0.3893	1.2348	0.7039	-0.2075	0.6794	358	682	1037	3	1	0.0067	0.175	0	0.0323	0
0.0212	0.1044	0.688	-0.4536	1.3248	0.6456	-0.4208	0.6373	681	683	1037	3	2	0.0022	0.2188	0	0.0191	0
0.0253	0.1328	0.7329	-0.5282	1.3848	0.8116	-0.5741	-0.1086	682	684	1037	3	3	0.0088	0.1714	0	0.0305	0
0.0121	0.0125	0.8214	-0.6031	1.3526	0.4498	-0.7142	-0.5363	683	685	1037	3	4	0.01	0.05	0	0.01	0
0.008	0.0896	0.8271	-0.6121	1.3458	0.3742	-0.3006	0.8773	684	0	1037	3	5	0.01	0.05	0	0.01	0
0.0334	0.1804	-0.78	-0.0079	-0.4062	-0.4889	-0.0287	-0.8719	384	687	401	3	1	0.007	0.2813	1	0.0334	1
0.0334	0.119	-0.8682	-0.013	-0.5635	-0.1097	-0.9909	-0.0781	686	688	401	3	2	0.007	0.2813	0	0.0334	1
0.0407	0.1691	-0.8559	-0.1241	-0.6266	-0.1965	-0.9567	-0.2147	687	689	401	3	3	0.003	0.1667	0	0.0416	1
0.0287	0.1445	-0.8805	-0.2801	-0.6775	-0.5422	-0.6188	-0.5684	688	690	401	3	4	0.0033	0.275	0	0.0265	1
0.0388	0.0672	-0.951	-0.3632	-0.7729	-0.6352	-0.4857	-0.6005	689	691	401	3	5	0.0043	0.2963	0	0.0422	1
0.0352	0.231	-0.9874	-0.3995	-0.791	-0.4759	-0.8794	-0.0091	690	692	401	3	6	0.0106	0.0833	0	0.0479	1
0.0318	0.1868	-1.101	-0.5985	-0.8012	-0.4387	-0.8675	-0.2344	691	693	401	3	7	0.004	0.1111	0	0.0459	1
0.0232	0.2286	-1.1986	-0.7501	-0.8464	-0.531	-0.7313	0.4281	692	694	401	3	8	0.009	0.1	0	0.0323	1
0.0116	0.1015	-1.3268	-0.9163	-0.7543	-0.5562	-0.6044	0.5704	693	695	401	3	9	0.01	0.05	0	0.01	1
0.0094	0.0737	-1.3373	-0.991	-0.7565	-0.2063	-0.9767	0.0582	694	0	401	3	10	0.01	0.05	0	0.01	1
0.0279	0.1199	-0.8025	0.0459	-0.3514	-0.5697	0.8215	0.0232	384	697	405	3	1	0.0082	0.275	1	0.0297	1
0.0245	0.1383	-0.8705	0.1495	-0.3436	-0.9348	0.2719	-0.2287	696	698	405	3	2	0.0087	0.1571	0	0.0297	1
0.0152	0.1066	-1.0053	0.1711	-0.3448	-0.7075	-0.5638	-0.4262	697	699	405	3	3	0.0107	0.1167	0	0.01	1
0.01	0.1274	-1.0684	0.1151	-0.3946	-0.3771	0.1532	-0.9134	698	0	405	3	4	0.01	0.05	0	0.01	1
0.0049	0.2103	-0.9755	-0.1106	-0.1502	-0.5171	0.8542	-0.0539	386	701	411	3	1	0.0165	0.06	1	0.0407	1
0.0049	0.2482	-1.0432	0.1091	-0.2285	-0.41	-0.6503	-0.6395	700	702	411	3	2	0.0336	0.0818	0	0.0407	1
0.0052	0.0783	-1.1195	-0.0429	-0.3975	-0.1906	-0.438	-0.8785	701	0	411	3	3	0.01	0.05	0	0.01	1
0.0346	0.2231	-1.1043	-0.3006	-0.0326	0.0456	-0.8578	0.512	388	704	430	3	1	0.0086	0.25	1	0.0346	1
0.0346	0.1187	-1.0941	-0.4919	0.0816	-0.2423	-0.2035	0.9486	703	0	430	3	2	0.0086	0.25	0	0.0346	1
0.0369	0.2638	-1.0679	-0.1945	-0.0011	-0.3703	0.1404	0.9182	387	706	442	3	1	0.0078	0.0639	1	0.1118	1
0.0357	0.4422	-1.224	-0.2051	0.2296	-0.221	0.034	0.9747	705	707	442	3	2	0.0205	0.1123	0	0.1118	1
0.0284	0.1256	-1.3613	-0.2083	0.6522	-0.2572	0.1162	0.9593	706	708	442	3	3	0.0041	0.5313	0	0.0284	1
0.0302	0.0875	-1.3809	-0.2012	0.7692	0.1062	-0.265	0.9584	707	709	442	3	4	0.0044	0.5833	0	0.0302	1
0.0294	0.1659	-1.3673	-0.2025	0.8552	-0.0585	-0.0845	0.9947	708	710	442	3	5	0.0045	0.4167	0	0.0294	1
0.0246	0.1057	-1.3783	-0.2144	1.0199	-0.1642	0.0646	0.9843	709	711	442	3	6	0.0037	0.4688	0	0.0246	1
0.0216	0.1162	-1.4169	-0.2127	1.1232	0.0189	-0.2286	0.9733	710	712	442	3	7	0.0028	0.4375	0	0.0216	1
0.022	0.073	-1.4121	-0.2391	1.2367	-0.1745	0.2656	0.9482	711	713	442	3	8	0.0023	0.3333	0	0.022	1
0.0256	0.1148	-1.4346	-0.2238	1.3067	0.0243	0.1162	0.9929	712	714	442	3	9	0.0023	0.2813	0	0.0283	1
0.0216	0.0816	-1.4453	-0.2181	1.4216	-0.2332	0.5096	0.8282	713	0	442	3	10	0.0019	0.05	0	0.01	1
0.0473	0.4044	-1.3744	-0.4233	0.0936	0.2248	0.5655	0.7935	390	716	1040	3	1	0.0238	0.1818	0	0.053	1
0.045	0.22	-1.3345	-0.1884	0.4013	-0.262	-0.6577	0.7062	715	717	1040	3	2	0.0067	0.4714	0	0.045	1
0.045	0.1429	-1.4582	-0.2666	0.5693	-0.2421	-0.4065	0.881	716	718	1040	3	3	0.0112	0.1429	0	0.0308	1
0.045	0.0644	-1.4727	-0.3654	0.6915	-0.1196	-0.1473	0.9818	717	719	1040	3	4	0.0119	0.3056	0	0.0227	1
0.045	0.032	-1.4567	-0.4005	0.7353	0.1499	-0.5048	0.8501	718	0	1040	3	5	0.0093	0.0593	0	0.01	1
0.0196	0.2081	-1.5386	-0.6166	0.2487	-0.6701	-0.6921	-0.2683	392	0	786	3	1	0.0132	0.2222	0	0.0196	1
0.0134	0.0559	-1.521	-0.7111	0.4187	0.9917	0.0849	-0.0969	394	722	788	3	1	0.0102	0.1667	1	0.0137	1
0.0121	0.2366	-1.4655	-0.7063	0.4133	-0.1755	-0.3876	0.905	721	723	788	3	2	0.0102	0.1667	0	0.0137	1
0.01	0.133	-1.5033	-0.7894	0.6271	0.0072	0.0345	0.9994	722	0	788	3	3	0.01	0.05	0	0.01	1
0.0299	0.2148	0.7304	-0.8482	-0.387	0.9649	-0.1927	-0.1784	448	725	479	3	1	0.0079	0.5	0	0.0305	1
0.0297	0.1226	0.9267	-0.899	-0.4218	0.6097	-0.7779	-0.152	724	726	479	3	2	0.0049	0.4688	0	0.03	1
0.0278	0.0658	1.0165	-0.9748	-0.4397	0.7514	-0.5684	-0.3353	725	727	479	3	3	0.0032	0.4583	0	0.0278	1
0.0278	0.0927	1.0587	-1.0377	-0.4645	0.8894	-0.2113	-0.4054	726	728	479	3	4	0.0111	0.0625	0	0.01	1
0.0278	0.0504	1.1564	-1.0461	-0.4964	0.5743	-0.8167	0.0559	727	0	479	3	5	0.0043	0.125	0	0.01	1
0.0124	0.106	0.9652	-0.7773	-0.3864	0.7916	-0.5904	-0.1572	450	730	1046	3	1	0.0165	0.05	0	0.0308	1
0.0178	0.0611	1.0533	-0.8286	-0.4025	0.8764	-0.3029	-0.3744	729	731	1046	3	2	0.0031	0.3333	0	0.0225	1
0.01	0.0867	1.1169	-0.8525	-0.4012	0.8292	-0.3618	-0.426	730	0	1046	3	3	0.01	0.05	0	0.01	1
0.0184	0.2118	1.2686	-0.8054	-0.3265	-0.285	0.9105	0.2995	453	733	968	3	1	0.0035	0.25	0	0.0278	1
0.0177	0.141	1.1732	-0.6328	-0.2461	-0.4878	0.8723	0.0331	732	734	968	3	2	0.003	0.225	0	0.0342	1
0.0162	0.0959	1.111	-0.5167	-0.1971	-0.7237	0.6578	0.209	733	735	968	3	3	0.024	0.1133	0	0.0477	1
0.0143	0.1239	1.0397	-0.4301	-0.2043	-0.5879	0.591	0.5523	734	736	968	3	4	0.0094	0.2308	0	0.0226	1
0.0089	0.0731	0.9706	-0.3506	-0.1437	-0.5186	0.7754	0.3602	735	737	968	3	5	0.01	0.05	0	0.01	1
0.0068	0.1138	0.9271	-0.3067	-0.1042	-0.556	0.7041	0.4417	736	738	968	3	6	0.01	0.05	0	0.01	1
0.0044	0.0784	0.9212	-0.3351	-0.1756	-0.7207	0.3126	-0.6187	737	0	968	3	7	0.01	0.05	0	0.01	1
0.0378	0.1275	0.3219	-1.0938	-0.0731	-0.9697	0.019	-0.2437	460	740	483	3	1	0.0214	0.4444	1	0.0378	1
0.0378	0.1015	0.1983	-1.0914	-0.1041	-0.345	-0.6976	0.6279	739	741	483	3	2	0.0214	0.4444	0	0.0378	1
0.0378	0.0841	0.1483	-1.1531	-0.019	-0.0504	-0.9311	0.3614	740	0	483	3	3	0.0108	0.1204	0	0.01	1
0.031	0.0449	0.1387	-1.5795	0.6119	0.535	-0.8223	0.1939	467	743	495	3	1	0.0074	0.2	1	0.031	1
0.031	0.1282	0.1627	-1.6164	0.6206	-0.121	-0.984	0.1312	742	744	495	3	2	0.0074	0.2	0	0.031	1
0.0341	0.2459	0.1948	-1.7168	0.7382	-0.5006	-0.752	0.4288	743	745	495	3	3	0.0384	0.1558	0	0.1223	1
0.0246	0.1171	0.0847	-1.8793	0.8347	0.2499	0.2317	0.9401	744	746	495	3	4	0.0029	0.2917	0	0.026	1
0.0214	0.1394	0.1098	-1.8566	0.943	-0.1244	-0.2565	0.9585	745	747	495	3	5	0.004	0.1714	0	0.0276	1
0.0087	0.0205	0.0758	-1.8843	1.0762	0.0465	0.1425	0.9887	746	0	495	3	6	0.01	0.05	0	0.01	1
0.0309	0.1349	0.0233	-1.5297	1.0308	-0.598	0.6514	0.4669	470	749	506	3	1	0.0068	0.5417	1	0.0309	1
0.0309	0.0718	-0.0574	-1.4418	1.0938	-0.5749	0.0765	0.8146	748	750	506	3	2	0.0068	0.5417	0	0.0309	1
0.0363	0.0948	-0.0959	-1.4096	1.1741	-0.4535	-0.5346	0.7131	749	751	506	3	3	0.0052	0.375	0	0.0382	1
0.035	0.1134	-0.1811	-1.4659	1.2426	-0.1215	0.9669	0.2245	750	752	506	3	4	0.0041	0.2813	0	0.0371	1
0.0309	0.0613	-0.1769	-1.3684	1.2949	-0.721	0.3068	0.6213	751	0	506	3	5	0.0055	0.1	0	0.01	1
0.0208	0.1314	0.5164	-1.7105	-0.0077	0.7574	0.0098	0.6529	489	754	515	3	1	0.0284	0.1714	0	0.0545	1
0.0231	0.0609	0.6351	-1.7038	0.0698	-0.107	0.9269	0.3598	753	755	515	3	2	0.0035	0.2917	0	0.0256	1
0.0201	0.0636	0.6319	-1.6451	0.0893	0.1725	0.5884	0.79	754	0	515	3	3	0.0052	0.2	0	0.0201	1
0.0128	0.1416	0.6717	-2.0138	-0.0274	0.8232	0.0414	0.5662	492	757	525	3	1	0.0209	0.14	0	0.0403	1
0.01	0.0294	0.8914	-2.0614	0.0729	-0.3948	-0.8716	-0.2905	756	0	525	3	2	0.01	0.05	0	0.01	1
0.0161	0.3974	0.7688	-2.1993	-0.075	-0.8473	-0.4362	0.3029	494	759	1049	3	1	0.0339	0.3	0	0.0518	1
0.0164	0.057	0.4498	-2.4	0.0309	-0.7533	-0.613	0.2383	758	0	1049	3	2	0	0.02	0	0.0346	1
0.027	0.1286	0.8542	-1.7096	0.1679	0.447	-0.6137	0.6508	508	761	542	3	1	0.0082	0.3438	1	0.0257	1
0.0239	0.1033	0.9117	-1.7885	0.2516	0.4835	-0.8693	-0.1024	760	762	542	3	2	0.0082	0.3438	0	0.0257	1
0.0405	0.0709	0.9833	-1.84	0.2681	0.7527	0.0402	-0.6571	761	763	542	3	3	0.0095	0.1538	0	0.0496	1
0.01	0.095	1.0277	-1.8371	0.1958	0.8133	-0.5084	-0.2828	762	0	542	3	4	0.01	0.05	0	0.01	1
0.0222	0.1487	0.9084	-1.6594	0.1917	-0.2869	0.348	0.8925	509	765	1053	3	1	0.0025	0.3125	0	0.0254	1
0.0145	0.074	0.8504	-1.5843	0.3042	0.2547	0.723	0.6422	764	0	1053	3	2	0.0064	0.3438	0	0.0295	1
0.01	0.1873	0.6812	-1.8864	0.8093	-0.5739	-0.8036	-0.1577	527	767	568	3	1	0.01	0.05	1	0.01	1
0.01	0.1302	0.5737	-2.0369	0.7798	0.0721	-0.7417	0.6669	766	0	568	3	2	0.01	0.05	0	0.01	1
0.0186	0.1425	0.7716	-1.5335	0.519	0.9763	-0.2034	0.0736	536	769	150	3	1	0.0046	0.25	1	0.0186	1
0.0186	0.1792	0.9107	-1.5625	0.5295	-0.7696	-0.5918	-0.2399	768	0	150	3	2	0.0046	0.25	0	0.0186	1
0.028	0.0426	0.8475	-1.51	0.8726	0.9588	-0.0647	0.2765	537	771	159	3	1	0.0084	0.375	1	0.0285	1
0.0239	0.1193	0.8883	-1.5128	0.8844	0.4045	-0.7488	0.5251	770	772	159	3	2	0.0084	0.375	0	0.0285	1
0.01	0.0878	0.9407	-1.5808	0.9491	0.7003	-0.2001	0.6852	771	0	159	3	3	0.01	0.05	0	0.01	1
0.033	0.1461	0.2175	0.7167	0.3042	0.4239	0.234	0.8749	548	774	1054	3	1	0.0041	0.5833	0	0.033	1
0.033	0.1173	0.2748	0.7338	0.4409	-0.0359	0.4694	0.8823	773	775	1054	3	2	0.0139	0.303	0	0.0441	1
0.033	0.0959	0.269	0.7891	0.5452	0.4312	0.5859	0.6862	774	0	1054	3	3	0.007	0.0779	0	0.0201	1
0.027	0.0685	0.7746	0.9401	1.117	0.6648	0.5627	-0.4913	561	777	839	3	1	0.0088	0.22	1	0.0474	1
0.026	0.1277	0.8178	0.9724	1.0882	0.8939	-0.4322	-0.1186	776	778	839	3	2	0.0215	0.1714	0	0.0474	1
0.0159	0.0177	0.9461	0.955	1.0805	0.4881	-0.0111	-0.8727	777	779	839	3	3	0.0095	0.1333	0	0.01	1
0.01	0.0904	0.9507	0.9662	1.0651	0.7786	0.2794	0.5618	778	780	839	3	4	0.01	0.05	0	0.01	1
0.0052	0.044	1.0211	0.9914	1.1158	0.9676	-0.13	-0.2166	779	0	839	3	5	0.01	0.05	0	0.01	1
0.0261	0.1605	-0.851	1.47	0.4228	0.0005	0.1334	0.9911	604	782	828	4	1	0.0087	0.3	0	0.0267	0
0.0241	0.071	-0.8676	1.4936	0.5753	-0.1348	0.7839	0.6061	781	0	828	4	2	0.0088	0.1875	0	0.0241	0
0.0297	0.1759	-0.0086	-0.1847	0.8373	0.8937	0.0252	0.448	625	784	707	4	1	0.0052	0.3125	1	0.03	1
0.0293	0.1086	0.1486	-0.1803	0.9161	-0.373	-0.6264	0.6845	783	785	707	4	2	0.0052	0.3125	0	0.03	1
0.0276	0.1149	0.1076	-0.281	0.9968	-0.8912	0.0996	0.4426	784	786	707	4	3	0.0039	0.4375	0	0.0273	1
0.0347	0.0953	0.049	-0.257	1.0646	0.3957	-0.8192	-0.4152	785	0	707	4	4	0.0049	0.0568	0	0.073	1
0.0113	0.2621	0.0928	-0.3072	0.9346	0.5812	0.4515	-0.677	627	788	1065	4	1	0.032	0.25	0	0.0489	0
0.0146	0.1499	0.2354	-0.202	0.7776	0.7569	0.3238	0.5677	787	0	1065	4	2	0.0274	0.3	0	0.0459	0
0.0117	0.1203	0.1084	-0.4561	0.9129	-0.4559	0.88	0.1332	631	790	877	4	1	0.0096	0.2813	1	0.0291	1
0.0117	0.1125	0.054	-0.348	0.931	0.0893	-0.6929	0.7154	789	791	877	4	2	0.0182	0.1667	0	0.0291	1
0.01	0.1388	0.0468	-0.4448	1.0034	-0.1775	-0.2475	0.9525	790	0	877	4	3	0.01	0.05	0	0.01	1
0.0085	0.2619	0.1961	-0.5309	0.995	-0.2179	-0.4857	0.8465	631	793	881	4	1	0.0162	0.0929	0	0.0276	0
0.0088	0.0339	0.1792	-0.5957	1.1622	0.4935	0.3699	0.7872	792	794	881	4	2	0.01	0.05	0	0.01	0
0.0086	0.0512	0.1995	-0.587	1.189	0.6323	0.5846	-0.5083	793	0	881	4	3	0.01	0.05	0	0.01	0
0.024	0.2568	0.8287	-0.5803	1.351	-0.2122	0.6886	-0.6934	683	796	1072	4	1	0.0073	0.3438	1	0.0376	0
0.024	0.1028	0.7619	-0.408	1.168	0.0997	-0.8449	0.5256	795	797	1072	4	2	0.0153	0.2167	0	0.0376	0
0.0138	0.0396	0.7804	-0.4991	1.2456	0.7931	-0.4892	-0.3629	796	798	1072	4	3	0.01	0.05	0	0.01	1
0.0128	0.0873	0.8171	-0.5184	1.2323	-0.1559	-0.5359	0.8297	797	0	1072	4	4	0.0078	0.0778	0	0.02	1
0.0311	0.1756	-0.9105	-0.1077	-0.5605	-0.7549	-0.5168	-0.4038	687	800	765	4	1	0.006	0.1	0	0.0441	1
0.029	0.3896	-1.0466	-0.1986	-0.6428	-0.6732	-0.7073	0.2156	799	801	765	4	2	0.0275	0.05	0	0.0616	1
0.0178	0.2043	-1.2762	-0.4692	-0.6415	-0.6747	-0.6716	-0.3061	800	802	765	4	3	0.015	0.0455	0	0.01	1
0.0131	0.0185	-1.3862	-0.5953	-0.5835	-0.6705	-0.7086	0.2199	801	803	765	4	4	0.01	0.05	0	0.01	1
0.0082	0.2137	-1.3986	-0.6084	-0.5795	-0.871	-0.1843	0.4555	802	0	765	4	5	0.01	0.05	0	0.01	1
0.0097	0.1333	-0.8165	-0.0421	-0.494	-0.839	-0.5416	-0.0513	686	805	1073	4	1	0.0186	0.0571	0	0.0302	1
0.0098	0.0829	-0.9024	-0.1375	-0.5154	-0.7186	-0.6461	-0.2571	804	806	1073	4	2	0.01	0.05	0	0.01	1
0.0097	0.0556	-0.9619	-0.1911	-0.5367	-0.6508	-0.6572	0.3802	805	0	1073	4	3	0.01	0.05	0	0.01	1
0.0131	0.1936	-1.2932	-0.2687	0.3086	-0.2319	-0.972	0.037	715	808	450	4	1	0.0074	0.04	1	0.0366	1
0.0131	0.1313	-1.3493	-0.4651	0.4077	-0.683	-0.7155	-0.147	807	809	450	4	2	0.0207	0.15	0	0.0366	1
0.01	0.0899	-1.4658	-0.5554	0.4002	-0.1639	-0.9834	-0.0778	808	0	450	4	3	0.01	0.05	0	0.01	1
0.0108	0.2259	-1.3579	-0.2235	0.4017	-0.2878	-0.6955	-0.6584	716	811	452	4	1	0.0236	0.1167	0	0.07	1
0.0155	0.0662	-1.42	-0.4438	0.3396	0.0222	0.8082	0.5885	810	0	452	4	2	0.0079	0.2	0	0.0219	1
0.0362	0.0587	0.1162	-1.8854	0.982	0.5193	-0.5091	-0.6864	746	813	799	4	1	0.0113	0.4583	1	0.0362	1
0.0362	0.084	0.1467	-1.9153	0.9417	-0.5967	-0.2808	0.7517	812	814	799	4	2	0.0113	0.4583	0	0.0362	1
0.0362	0.0311	0.1503	-1.9879	1.0169	0.1196	0.3588	0.9257	813	0	799	4	3	0.0015	0.0833	0	0.01	1
0.0342	0.1789	0.1407	-1.8281	0.8293	-0.1023	0.0579	0.9931	744	816	1081	4	1	0.0072	0.4583	0	0.0342	1
0.0342	0.1107	0.1366	-1.8182	1.0332	-0.0416	0.9983	0.0409	815	0	1081	4	2	0.007	0.1818	0	0.0568	1
0.0157	0.0926	-0.0893	-1.4134	1.1098	0.0902	0.9957	-0.0199	749	818	800	4	1	0.0088	0.2	0	0.0376	1
0.0088	0.093	-0.1082	-1.3429	1.1134	-0.068	0.3234	0.9438	817	0	800	4	2	0.0224	0.15	0	0.0282	1
0.0153	0.1756	0.5771	-2.303	0.0105	0.7797	-0.5501	-0.2993	758	820	535	4	1	0.0145	0.2889	0	0.0308	1
0.0153	0.1143	0.7116	-2.3989	-0.0461	-0.656	-0.6973	0.2888	819	821	535	4	2	0.0097	0.2167	0	0.0289	1
0.0153	0.0491	0.6455	-2.5045	-0.0384	-0.6521	-0.6339	0.4159	820	822	535	4	3	0.0075	0.08	0	0.01	1
0.0153	0.1144	0.6151	-2.5132	-0.0188	-0.7341	0.0757	0.6748	821	0	535	4	4	0.0177	0.1143	0	0.01	1
0.0097	0.0793	0.9769	-1.89	0.2378	-0.9855	-0.0517	-0.1614	761	824	807	4	1	0.025	0.25	0	0.0463	1
0.0069	0.111	0.9052	-1.9063	0.2145	-0.8905	-0.0905	-0.446	823	0	807	4	2	0.011	0.175	0	0.0484	1
