radius (m)	length (m)	start_point	axis_direction	parent	extension	branch	branch_order	position_in_branch	mad	SurfCov	added	UnmodRadius (m)	Rama_podada
0.0651	0.2175	0.4858	0.1307	-2.5723	-0.0034	-0.0122	0.9999	0	2	1	0	1	0.0129	0.8571	0	0.0651	0
0.057	0.2238	0.4751	0.1436	-2.3504	0.1187	-0.1963	0.9733	1	3	1	0	2	0.0088	0.8958	0	0.057	0
0.0592	0.2254	0.5264	0.0687	-2.1301	0.0813	0.1425	0.9865	2	4	1	0	3	0.0102	0.7885	0	0.0592	0
0.0535	0.1032	0.5073	0.1034	-1.8991	0.2303	0.098	0.9682	3	5	1	0	4	0.0075	0.8125	0	0.0535	0
0.0522	0.1449	0.5601	0.0927	-1.7944	-0.0881	0.1069	0.9904	4	6	1	0	5	0.0076	0.8545	0	0.0522	0
0.0518	0.1894	0.569	0.1118	-1.6485	-0.1051	-0.0204	0.9943	5	7	1	0	6	0.0079	0.8442	0	0.0518	0
0.0505	0.1813	0.5653	0.0963	-1.4543	-0.2695	0.1049	0.9573	6	8	1	0	7	0.0076	0.8442	0	0.0505	0
0.0524	0.1752	0.5389	0.1106	-1.2704	-0.42	-0.0131	0.9074	7	9	1	0	8	0.0093	0.7792	0	0.0524	0
0.0546	0.1851	0.5255	0.0934	-1.0775	-0.4627	0.1292	0.877	8	10	1	0	9	0.0104	0.7143	0	0.0546	0
0.0615	0.2962	0.4487	0.1114	-0.9136	-0.2429	-0.113	0.9634	9	11	1	0	10	0.0152	0.7538	0	0.0615	0
0.0743	0.3054	0.4689	0.0841	-0.6294	-0.0237	0.5168	0.8558	10	12	1	0	11	0.0266	0.5833	0	0.0889	0
0.0776	0.0689	0.4068	0.1717	-0.32	0.2162	0.431	0.8761	11	13	1	0	12	0.1191	0.5741	0	0.1355	0
0.0782	0.1572	0.4145	0.2067	-0.2614	-0.3086	-0.1045	0.9454	12	14	1	0	13	0.0581	0.1292	0	0.1577	0
0.0614	0.6447	0.3634	0.2336	-0.0911	-0.9957	-0.0126	-0.0918	13	0	1	0	14	0.0541	0.0357	0	0.3183	0
0.0332	0.4585	0.5371	0.1566	-0.4755	0.9602	-0.279	-0.0154	11	16	12	1	1	0.0021	0.375	1	0.0332	0
0.0332	0.0794	0.9773	0.0287	-0.4826	0.986	-0.0563	-0.1569	15	17	12	1	2	0.0021	0.375	0	0.0332	0
0.0308	0.0858	1.0376	-0.0122	-0.4898	0.6207	-0.1958	0.7592	16	18	12	1	3	0.0032	0.3333	0	0.032	0
0.024	0.2274	1.0946	-0.0148	-0.4216	0.5931	-0.3095	0.7432	17	19	12	1	4	0.0059	0.0615	0	0.0432	0
0.0086	0.0997	1.2489	-0.0722	-0.3139	0.9014	-0.3816	0.2046	18	0	12	1	5	0.01	0.05	0	0.01	0
0.0519	0.696	0.4481	0.1108	-1.0464	-0.9082	0.2036	0.3656	9	21	18	1	1	0.013	0.3615	1	0.0582	0
0.0483	0.2974	-0.1868	0.2476	-0.7915	-0.3677	0.2968	0.8813	20	22	18	1	2	0.0223	0.3542	0	0.0582	0
0.0388	0.1521	-0.306	0.3249	-0.5344	-0.6317	0.71	-0.3113	21	23	18	1	3	0.0054	0.2222	0	0.0391	0
0.0253	0.1559	-0.4161	0.4337	-0.6098	0.1229	0.992	-0.03	22	24	18	1	4	0.0023	0.125	0	0.0214	0
0.0224	0.5074	-0.4246	0.5445	-0.6723	-0.3641	0.818	-0.4454	23	25	18	1	5	0.0455	0.032	0	0.2714	0
0.0093	0.0273	-0.6198	0.9208	-0.9323	-0.374	0.666	-0.6455	24	26	18	1	6	0.01	0.05	0	0.01	0
0.0053	0.0553	-0.63	0.939	-0.95	-0.3463	0.5312	-0.7733	25	0	18	1	7	0.01	0.05	0	0.01	0
0.0266	0.6279	0.4939	0.08	-0.8676	0.6298	-0.4382	0.6414	10	28	24	1	1	0.0038	0.2321	1	0.0288	0
0.0231	0.1972	0.8863	-0.1958	-0.4633	0.4815	-0.5199	0.7056	27	29	24	1	2	0.0093	0.15	0	0.0288	0
0.0148	0.0663	0.9748	-0.2944	-0.3136	0.8116	-0.1557	0.563	28	30	24	1	3	0.01	0.05	0	0.01	0
0.01	0.0827	1.0286	-0.3047	-0.2763	-0.1462	-0.0998	0.9842	29	0	24	1	4	0.01	0.05	0	0.01	0
0.0592	0.4477	0.3943	0.0936	-0.5964	-0.9927	-0.1005	0.0662	11	32	25	1	1	0.0156	0.4323	1	0.0667	0
0.0591	0.5541	-0.0477	0.048	-0.5705	0.2364	-0.9258	0.2951	31	33	25	1	2	0.0269	0.4079	0	0.0667	0
0.0554	0.3518	0.0572	-0.4683	-0.4445	0.1279	-0.9918	-0.0017	32	34	25	1	3	0.0239	0.3395	0	0.0817	0
0.038	0.1043	0.0772	-0.8161	-0.4321	-0.2563	-0.8722	-0.4167	33	35	25	1	4	0.0049	0.5833	0	0.038	0
0.0455	0.3073	0.0167	-0.9058	-0.4745	-0.0265	-0.9345	0.3549	34	36	25	1	5	0.007	0.51	0	0.0455	0
0.0351	0.101	0.0086	-1.206	-0.3947	-0.0083	-0.9142	0.4052	35	37	25	1	6	0.0046	0.5938	0	0.0351	0
0.0397	0.0884	0.0046	-1.2948	-0.3356	0.0337	-0.9801	0.1958	36	38	25	1	7	0.0051	0.6667	0	0.0397	0
0.0405	0.1231	0.0057	-1.3786	-0.3062	0.1538	-0.9573	0.2448	37	39	25	1	8	0.0051	0.6889	0	0.0405	0
0.041	0.1657	0.0177	-1.4954	-0.2471	-0.0569	-0.998	0.0257	38	40	25	1	9	0.0067	0.6667	0	0.041	0
0.0341	0.0934	0.013	-1.6549	-0.2264	0.1886	-0.9412	0.2802	39	41	25	1	10	0.005	0.75	0	0.0341	0
0.0431	0.0816	0.0392	-1.7374	-0.1905	0.2981	-0.921	0.2507	40	42	25	1	11	0.0057	0.6	0	0.0431	0
0.0442	0.1057	0.065	-1.8085	-0.1655	0.1783	-0.7626	0.6218	41	43	25	1	12	0.0057	0.675	0	0.0442	0
0.0351	0.154	0.0914	-1.8819	-0.083	0.0827	-0.9271	0.3656	42	44	25	1	13	0.0055	0.6875	0	0.0351	0
0.0325	0.1324	0.1158	-2.0181	-0.0199	0.1204	-0.8094	0.5748	43	45	25	1	14	0.0049	0.65	0	0.0302	0
0.0326	0.1136	0.1418	-2.138	0.0443	0.2015	-0.5794	0.7897	44	46	25	1	15	0.0053	0.5625	0	0.0326	0
0.032	0.1074	0.1586	-2.2005	0.1421	0.2093	-0.8333	0.5117	45	47	25	1	16	0.0042	0.625	0	0.0307	0
0.0318	0.099	0.1827	-2.2931	0.1942	-0.0641	-0.6921	0.719	46	48	25	1	17	0.0038	0.6875	0	0.0299	0
0.0327	0.0726	0.184	-2.3501	0.2807	-0.0298	-0.7928	0.6088	47	49	25	1	18	0.0046	0.625	0	0.0327	0
0.0372	0.2212	0.1798	-2.402	0.3299	-0.5285	-0.6567	0.538	48	50	25	1	19	0.0054	0.5	0	0.0372	0
0.037	0.1067	0.08	-2.5531	0.4421	-0.1797	-0.9219	0.3433	49	51	25	1	20	0.0052	0.5313	0	0.037	0
0.0529	0.1133	0.0493	-2.6591	0.5064	0.2945	-0.9459	-0.1364	50	52	25	1	21	0.0068	0.6458	0	0.0539	0
0.0601	0.2315	0.1051	-2.773	0.5009	-0.2715	-0.9616	-0.0411	51	53	25	1	22	0.0261	0.4049	0	0.0746	0
0.0468	0.2835	0.0668	-2.9952	0.4746	-0.0439	-0.9953	-0.0868	52	54	25	1	23	0.0162	0.2917	0	0.0566	0
0.0453	0.0854	0.0202	-3.2702	0.4682	-0.239	-0.9686	-0.0684	53	55	25	1	24	0.0123	0.2133	0	0.053	0
0.0323	0.1084	-0.0087	-3.35	0.4345	-0.7692	-0.6159	0.1701	54	56	25	1	25	0.0035	0.2813	0	0.0323	0
0.0299	0.037	-0.0977	-3.4344	0.4522	-0.4006	0.0876	0.9121	55	0	25	1	26	0.0081	0.18	0	0.01	0
0.01	0.3869	-0.1433	0.2517	-0.1943	-0.0261	0.397	-0.9174	14	58	27	1	1	0.01	0.05	1	0.01	0
0.01	0.1261	-0.1534	0.4053	-0.5492	-0.3112	0.9498	0.0313	57	0	27	1	2	0.01	0.05	0	0.01	0
0.0227	0.4675	0.447	0.2046	-0.5686	-0.7498	0.6284	0.2071	11	60	29	1	1	0.0058	0.375	0	0.0232	0
0.0196	0.0947	0.0984	0.5143	-0.4791	-0.9599	-0.0086	-0.2802	59	0	29	1	2	0.0066	0.1875	0	0.0196	0
0.032	0.563	0.5329	0.1315	-0.4904	0.9191	-0.1205	0.3752	11	62	32	1	1	0.0103	0.4583	0	0.032	0
0.032	0.0877	1.0502	0.074	-0.2794	0.7629	0.0161	0.6463	61	0	32	1	2	0.0055	0.1455	0	0.01	0
0.0215	0.2228	0.4124	0.2851	-0.4039	-0.6437	0.7521	-0.141	11	64	33	1	1	0.0074	0.2917	1	0.0215	0
0.0215	0.0854	0.269	0.4527	-0.4353	0.1987	0.9789	-0.0473	63	65	33	1	2	0.0074	0.2917	0	0.0215	0
0.0207	0.1893	0.2932	0.551	-0.4171	-0.7356	0.6495	-0.1923	64	66	33	1	3	0.0031	0.1964	0	0.0251	0
0.01	0.1064	0.1579	0.6743	-0.4703	-0.8702	0.4515	-0.197	65	67	33	1	4	0.01	0.05	0	0.01	0
0.0061	0.0755	0.0654	0.7223	-0.4913	-0.1407	0.9679	0.2082	66	0	33	1	5	0.01	0.05	0	0.01	0
0.0483	0.4859	0.5144	0.269	-0.4259	-0.0613	0.997	0.0468	11	69	36	1	1	0.0108	0.6364	0	0.0484	0
0.0425	0.0785	0.5009	0.76	-0.3869	-0.1748	0.9612	-0.2136	68	70	36	1	2	0.0061	0.7407	0	0.0425	0
0.0518	0.1569	0.5076	0.8397	-0.3609	-0.175	0.9845	-0.0139	69	71	36	1	3	0.0067	0.5417	0	0.0534	0
0.0445	0.1518	0.4714	0.9935	-0.3877	-0.1055	0.9943	0.0122	70	72	36	1	4	0.0068	0.6667	0	0.0445	0
0.0473	0.1548	0.4742	1.1515	-0.3778	-0.3709	0.9267	0.0611	71	73	36	1	5	0.007	0.6333	0	0.0474	0
0.0438	0.1714	0.449	1.3087	-0.3925	-0.4341	0.8982	-0.0694	72	74	36	1	6	0.0089	0.5333	0	0.0438	0
0.0371	0.1409	0.3655	1.4606	-0.3958	-0.1752	0.9833	0.0492	73	75	36	1	7	0.0057	0.7	0	0.0371	0
0.0346	0.118	0.3696	1.6059	-0.3783	-0.2221	0.9749	-0.0145	74	76	36	1	8	0.0055	0.7188	0	0.0346	0
0.036	0.1283	0.3283	1.7252	-0.3854	0.1892	0.9563	0.2228	75	77	36	1	9	0.0055	0.7	0	0.036	0
0.0435	0.0992	0.3617	1.8443	-0.3526	0.168	0.8986	0.4054	76	78	36	1	10	0.0083	0.575	0	0.0435	0
0.0442	0.1431	0.3851	1.9341	-0.3101	-0.1732	0.9598	0.2209	77	79	36	1	11	0.0084	0.58	0	0.0442	0
0.0382	0.1263	0.3594	2.0787	-0.2852	0.2853	0.6683	0.687	78	80	36	1	12	0.007	0.55	0	0.0382	0
0.0424	0.1336	0.3669	2.1699	-0.195	0.2568	0.8166	0.517	79	81	36	1	13	0.008	0.5556	0	0.0424	0
0.0433	0.1691	0.3708	2.2803	-0.1246	0.0606	0.7642	0.6421	80	82	36	1	14	0.0096	0.5167	0	0.0433	0
0.0461	0.2767	0.3769	2.4056	-0.0109	-0.0538	0.8032	0.5932	81	83	36	1	15	0.0097	0.55	0	0.0467	0
0.0469	0.1434	0.3746	2.6027	0.1684	0.2688	0.5924	0.7595	82	84	36	1	16	0.007	0.7	0	0.0469	0
0.0466	0.1687	0.4024	2.6773	0.2859	0.3431	0.3651	0.8655	83	85	36	1	17	0.0082	0.55	0	0.0477	0
0.0364	0.0794	0.4442	2.74	0.4121	-0.4013	0.8374	0.371	84	86	36	1	18	0.0047	0.6667	0	0.0364	0
0.0346	0.1046	0.4226	2.7906	0.5102	-0.3216	0.911	0.2582	85	87	36	1	19	0.0032	0.2813	0	0.0316	0
0.0417	0.1449	0.3836	2.8954	0.5297	-0.0385	0.6102	0.7913	86	88	36	1	20	0.0024	0.3111	0	0.0419	0
0.0435	0.1131	0.38	2.9865	0.6432	0.3434	0.1385	0.9289	87	89	36	1	21	0.0057	0.119	0	0.2454	0
0.0417	0.4316	0.4067	3.0109	0.7413	-0.1037	0.534	0.8391	88	90	36	1	22	0.0063	0.0325	0	0.0866	0
0.0346	0.0099	0.3334	3.194	1.1258	-0.1027	0.4745	0.8743	89	91	36	1	23	0.0098	0.0239	0	0.01	0
0.0346	0.0764	0.3649	3.2267	1.1173	0.3444	0.1632	0.9245	90	0	36	1	24	0.0055	0.1455	0	0.01	0
0.0306	0.1016	-0.2346	0.2005	-0.2023	0.0354	-0.3926	-0.919	14	93	39	1	1	0.0097	0.375	0	0.0328	1
0.0184	0.0487	-0.2563	0.179	-0.3142	-0.7175	-0.5185	0.4652	92	94	39	1	2	0.0044	0.15	0	0.01	1
0.01	0.045	-0.292	0.153	-0.2916	-0.2041	0.1184	0.9718	93	0	39	1	3	0.01	0.05	0	0.01	1
0.0302	0.1259	-0.2444	0.2716	-0.1882	0.4179	0.6969	-0.5829	14	96	46	1	1	0.0105	0.3214	1	0.0298	0
0.0265	0.2003	-0.1918	0.3594	-0.2616	-0.5915	-0.7481	-0.3007	95	97	46	1	2	0.0105	0.3214	0	0.0298	0
0.0583	0.2456	-0.3713	0.2172	-0.3369	0.0042	-0.8843	-0.4669	96	98	46	1	3	0.0136	0.0301	0	0.0699	0
0.01	0.1428	-0.3154	0.0448	-0.4865	-0.0528	-0.5731	-0.8178	97	0	46	1	4	0.01	0.05	0	0.01	0
0.0583	0.1577	0.1163	0.1696	-0.1226	-0.3385	-0.9267	-0.1632	14	100	762	1	1	0.0918	0.483	1	0.1282	0
0.0583	0.2838	0.057	-0.0038	-0.1187	0.3694	0.6446	0.6694	99	101	762	1	2	0.1369	0.2632	0	0.1282	1
0.0582	0.68	0.1813	0.2062	0.0819	-0.7844	0.6093	-0.1162	100	102	762	1	3	0.0639	0.5619	0	0.1324	1
0.058	0.2008	-0.366	0.5809	-0.0085	-0.9385	0.342	-0.0468	101	103	762	1	4	0.0443	0.6316	0	0.1052	1
0.0575	0.4534	-0.7321	0.7392	0.1309	0.2721	-0.6457	0.7135	102	104	762	1	5	0.0746	0.5053	0	0.1373	1
0.0569	0.0755	-0.7224	0.5183	0.4249	-0.3069	-0.0961	0.9469	103	105	762	1	6	0.0799	0.3857	0	0.1132	1
0.0556	0.2169	-0.7367	0.5244	0.4893	-0.8281	0.3069	-0.4692	104	106	762	1	7	0.0256	0.3148	0	0.0876	1
0.054	0.4289	-0.9238	0.7691	0.2678	-0.9901	0.0472	0.1321	105	107	762	1	8	0.0503	0.2745	0	0.2167	1
0.0565	0.1908	-1.3669	0.8565	0.2608	-0.7614	0.323	0.562	106	108	762	1	9	0.0184	0.5278	0	0.0675	1
0.0554	0.1101	-1.5105	0.9071	0.4144	-0.9632	0.2506	0.0969	107	109	762	1	10	0.009	0.6	0	0.0562	1
0.0583	0.1342	-1.6177	0.9316	0.4165	-0.9007	0.4337	-0.0269	108	110	762	1	11	0.0279	0.7519	0	0.0835	1
0.0542	0.2991	-1.7291	1.0049	0.3856	-0.8856	0.4615	-0.0524	109	111	762	1	12	0.0374	0.4379	0	0.106	1
0.0451	0.0695	-1.9596	1.218	0.3389	-0.9094	0.2961	-0.292	110	112	762	1	13	0.0074	0.5333	0	0.0451	1
0.0493	0.1007	-2.0198	1.2447	0.3502	-0.9699	0.2394	0.0442	111	113	762	1	14	0.005	0.3636	0	0.0511	1
0.0451	0.0645	-2.0933	1.3014	0.283	-0.7574	0.6517	0.0395	112	114	762	1	15	0.0059	0.1667	0	0.0243	1
0.0451	0.1556	-2.1261	1.3105	0.3199	-0.8739	0.0759	0.4801	113	115	762	1	16	0.0116	0.1429	0	0.0284	1
0.0451	0.2245	-2.2471	1.3422	0.4014	-0.8139	0.5562	0.1678	114	116	762	1	17	0.0052	0.0667	0	0.033	1
0.0451	0.0565	-2.4484	1.4165	0.4672	-0.724	0.5186	0.4548	115	117	762	1	18	0.002	0.0778	0	0.01	1
0.0451	0.0739	-2.4881	1.4422	0.4978	-0.5967	0.5684	0.5665	116	0	762	1	19	0.0081	0.1067	0	0.0167	1
0.01	0.223	-0.2269	0.2535	-0.8187	-0.8995	0.1774	-0.3993	21	119	767	2	1	0.01	0.05	1	0.01	0
0.01	0.1349	-0.4274	0.2931	-0.9077	0.9191	-0.0998	0.3812	118	0	767	2	2	0.01	0.05	0	0.01	0
0.0346	0.3988	0.1001	-0.5036	-0.4044	0.9627	0.2361	-0.1321	33	0	166	2	1	0.0093	0.1625	0	0.0346	0
0.0549	0.2451	0.1519	-2.4205	0.3927	0.5407	-0.8409	-0.0239	49	122	169	2	1	0.0145	0.1709	0	0.0379	0
0.0549	0.1509	0.3468	-2.5813	0.3671	0.4762	-0.8077	-0.3477	121	123	169	2	2	0.014	0.2014	0	0.0358	0
0.0549	0.078	0.4255	-2.7318	0.3778	0.4006	-0.8175	-0.4138	122	124	169	2	3	0.0177	0.3194	0	0.0366	0
0.0549	0.1086	0.4387	-2.7906	0.3105	0.6557	-0.6222	-0.4277	123	125	169	2	4	0.0201	0.4907	0	0.0469	0
0.0353	0.0788	0.5205	-2.857	0.2753	0.5039	-0.7648	-0.4016	124	126	169	2	5	0.0241	0.8	0	0.0549	0
0.0549	0.1039	0.5679	-2.9243	0.2539	-0.3194	-0.8778	-0.357	125	127	169	2	6	0.0071	0.5091	0	0.0525	0
0.0549	0.2071	0.5781	-2.9696	0.2035	0.662	-0.7018	-0.2632	126	128	169	2	7	0.0148	0.2667	0	0.0415	0
0.0549	0.1854	0.717	-3.1134	0.1706	0.6455	-0.7638	-0.0019	127	129	169	2	8	0.0154	0.2407	0	0.0424	0
0.0549	0.0927	0.8428	-3.222	0.1496	0.9614	-0.2493	-0.1162	128	130	169	2	9	0.0151	0.2037	0	0.0359	0
0.0549	0.0116	0.9041	-3.2795	0.1849	0.8291	0.0713	0.5545	129	131	169	2	10	0.0173	0.3375	0	0.031	0
0.0549	0.1251	0.9078	-3.3241	0.2194	0.9544	-0.2367	-0.182	130	0	169	2	11	0.0036	0.0873	0	0.0696	0
0.0457	1.145	-0.5232	-0.0494	-0.5668	0.3288	-0.9168	0.2268	31	133	768	2	1	0.0083	0.5889	0	0.0457	0
0.0502	0.0881	-0.1654	-1.0968	-0.2926	0.0569	-0.9716	0.2297	132	134	768	2	2	0.0063	0.7273	0	0.0502	0
0.0478	0.0958	-0.1668	-1.1841	-0.2837	-0.1004	-0.9733	0.2066	133	135	768	2	3	0.0064	0.6591	0	0.0478	0
0.0547	0.1655	-0.1729	-1.2723	-0.2464	-0.1494	-0.943	0.2974	134	136	768	2	4	0.0064	0.5417	0	0.0551	0
0.047	0.1731	-0.1983	-1.4325	-0.2072	0.0024	-0.9243	0.3818	135	137	768	2	5	0.0069	0.7	0	0.047	0
0.0541	0.1523	-0.1955	-1.5903	-0.1348	-0.1797	-0.904	0.388	136	138	768	2	6	0.0072	0.7	0	0.0541	0
0.0488	0.1454	-0.2342	-1.7237	-0.0675	-0.0969	-0.9304	0.3535	137	139	768	2	7	0.0073	0.697	0	0.0488	0
0.0508	0.0829	-0.2504	-1.8578	-0.0135	-0.4537	-0.8905	0.0343	138	140	768	2	8	0.0063	0.7576	0	0.0508	0
0.0488	0.1288	-0.2678	-1.9372	0.0139	-0.591	-0.7411	0.3186	139	141	768	2	9	0.0075	0.7818	0	0.0488	0
0.0473	0.1508	-0.3564	-2.0591	0.0352	-0.2526	-0.501	0.8277	140	142	768	2	10	0.0075	0.75	0	0.0473	0
0.048	0.1969	-0.3773	-2.1337	0.2063	-0.635	-0.7309	0.2501	141	143	768	2	11	0.0082	0.5795	0	0.0518	0
0.0493	0.1022	-0.4877	-2.2993	0.2416	-0.3824	-0.6675	0.6389	142	144	768	2	12	0.0077	0.7955	0	0.0493	0
0.0466	0.1325	-0.5432	-2.3692	0.3018	-0.1778	-0.6136	0.7693	143	145	768	2	13	0.0074	0.78	0	0.0466	0
0.0444	0.1074	-0.596	-2.4635	0.3953	-0.0165	-0.5182	0.8551	144	146	768	2	14	0.0068	0.68	0	0.0444	0
0.0408	0.1146	-0.608	-2.5189	0.485	-0.1316	-0.8284	0.5445	145	147	768	2	15	0.0057	0.5111	0	0.0408	0
0.0309	0.105	-0.6516	-2.6082	0.5351	-0.4238	-0.5108	0.748	146	148	768	2	16	0.0057	0.5313	0	0.0309	0
0.0324	0.1755	-0.7056	-2.66	0.6157	0.0239	-0.6878	0.7255	147	149	768	2	17	0.0047	0.4375	0	0.0324	0
0.0358	0.1764	-0.7394	-2.795	0.7251	-0.208	-0.5029	0.8389	148	150	768	2	18	0.0022	0.2708	0	0.0358	0
0.0309	0.0542	-0.7513	-2.8864	0.8866	-0.4362	-0.5838	0.6848	149	151	768	2	19	0.01	0.05	0	0.01	0
0.0309	0.1096	-0.775	-2.918	0.9237	-0.0353	-0.8816	0.4706	150	0	768	2	20	0.01	0.05	0	0.01	0
0.0287	0.1026	0.2017	-2.3338	0.3029	0.2906	0.9374	-0.1921	48	153	471	2	1	0.0069	0.5	0	0.0287	0
0.031	0.3763	0.2696	-2.1611	0.2847	0.8567	-0.4316	0.2824	152	154	471	2	2	0.0103	0.215	0	0.0362	0
0.0308	0.1179	0.5849	-2.3359	0.4113	0.8523	-0.5225	-0.022	153	155	471	2	3	0.0176	0.4167	0	0.0426	1
0.0307	0.0903	0.66	-2.3738	0.4499	0.5178	-0.5634	0.6438	154	156	471	2	4	0.0115	0.3	0	0.0464	1
0.03	0.0363	0.7231	-2.4082	0.4969	0.4849	0.1055	0.8682	155	157	471	2	5	0.0136	0.2308	0	0.0323	1
0.0287	0.0891	0.7544	-2.3907	0.5267	0.5797	-0.5002	0.6433	156	0	471	2	6	0.0049	0.1	0	0.01	1
0.0353	0.4308	0.1154	-2.5403	0.4324	0.4478	-0.7953	0.4087	49	159	472	2	1	0.0178	0.3977	0	0.0463	0
0.0423	0.1539	0.3089	-2.8795	0.6306	0.2195	-0.9656	0.1396	158	160	472	2	2	0.0061	0.7963	0	0.0423	0
0.0353	0.1223	0.351	-3.0309	0.6413	0.4736	-0.6917	0.5451	159	161	472	2	3	0.0227	0.1875	0	0.0485	0
0.0353	0.1231	0.4293	-3.1002	0.7128	-0.2714	0.0606	0.9606	160	0	472	2	4	0.0106	0.0833	0	0.0236	0
0.0134	0.2115	-0.0103	-3.3396	0.4651	0.7397	0.6655	-0.0998	55	163	685	2	1	0.0147	0.1714	0	0.0288	0
0.0148	0.2	0.1766	-3.2001	0.4391	0.0869	-0.6849	0.7234	162	0	685	2	2	0.0111	0.25	0	0.0174	0
0.0212	0.2332	0.5435	0.7621	-0.3808	0.9888	0.0477	0.1412	69	165	270	2	1	0.0034	0.175	1	0.0212	0
0.0212	0.1421	0.7741	0.7732	-0.3479	-0.1489	0.9884	0.0307	164	0	270	2	2	0.0034	0.175	0	0.0212	0
0.0333	0.1254	0.4744	1.2766	-0.3781	0.5787	0.8093	-0.101	72	167	274	2	1	0.0104	0.25	1	0.0333	0
0.0333	0.113	0.547	1.378	-0.3908	0.2454	0.8211	0.5153	166	0	274	2	2	0.0104	0.25	0	0.0333	0
0.0291	0.1493	0.4177	2.395	0.0019	0.8468	-0.3325	0.4151	81	169	281	2	1	0.0053	0.375	1	0.0295	0
0.0262	0.0822	0.5442	2.3454	0.0639	0.2558	0.4186	-0.8714	168	170	281	2	2	0.0053	0.375	0	0.0295	0
0.0223	0.0777	0.5547	2.3854	-0.0021	0.1185	0.8065	-0.5792	169	171	281	2	3	0.0111	0.22	0	0.0291	0
0.01	0.0414	0.5806	2.4672	-0.0409	-0.3626	0.5555	-0.7483	170	0	281	2	4	0.01	0.05	0	0.01	0
0.0397	0.1998	0.4187	2.4344	0.0267	0.9261	0.039	0.3753	82	173	284	2	1	0.0029	0.1587	1	0.0399	0
0.0375	0.1941	0.6037	2.4422	0.1017	0.83	0.5313	-0.1698	172	174	284	2	2	0.0029	0.1587	0	0.0399	0
0.0245	0.0353	0.7394	2.5571	0.092	-0.1098	0.8338	-0.541	173	175	284	2	3	0.0112	0.1	0	0.01	0
0.0149	0.467	0.7264	2.5866	0.0732	-0.0011	0.9896	-0.1435	174	176	284	2	4	0.01	0.05	0	0.01	0
0.004	0.0285	0.7259	3.0488	0.0062	0.2826	0.3202	0.9042	175	0	284	2	5	0.01	0.05	0	0.01	0
0.0385	0.156	0.3199	2.5944	0.1463	-0.9459	-0.0977	0.3094	82	178	286	2	1	0.0025	0.24	1	0.0433	0
0.0382	0.1232	0.1763	2.5837	0.194	0.0629	0.074	0.9953	177	179	286	2	2	0.0056	0.1648	0	0.0433	0
0.0262	0.0748	0.203	2.618	0.3105	-0.118	0.3184	0.9406	178	180	286	2	3	0.0029	0.375	0	0.0223	0
0.0333	0.2101	0.2128	2.6784	0.3845	-0.8822	0.4584	-0.1073	179	181	286	2	4	0.0036	0.1786	0	0.0333	0
0.0307	0.0627	0.031	2.7779	0.3562	-0.3257	0.9012	0.2858	180	182	286	2	5	0.0036	0.25	0	0.0307	0
0.0268	0.1226	0.0028	2.8302	0.3732	-0.4159	0.6481	0.6379	181	183	286	2	6	0.01	0.2222	0	0.0268	0
0.0214	0.107	-0.0507	2.9111	0.4458	-0.5345	0.727	0.431	182	184	286	2	7	0.0055	0.1167	0	0.01	0
0.0248	0.2894	-0.06	2.9573	0.526	-0.3385	0.4038	0.8499	183	185	286	2	8	0.0059	0.05	0	0.067	0
0.0107	0.0218	-0.1552	3.0711	0.775	-0.2494	0.5468	0.7992	184	186	286	2	9	0.01	0.05	0	0.01	0
0.0075	0.0881	-0.1606	3.083	0.7924	0.4654	-0.6886	0.5562	185	187	286	2	10	0.01	0.05	0	0.01	0
0.0045	0.0308	-0.1177	3.0224	0.8427	0.521	-0.4392	-0.7319	186	0	286	2	11	0.0158	0.1	0	0.01	0
0.0215	0.1569	0.4539	2.6641	0.2709	0.6582	0.0474	0.7513	83	189	290	2	1	0.0055	0.3333	0	0.0201	1
0.0287	0.1662	0.5894	2.6877	0.3776	0.2761	0.1096	0.9549	188	190	290	2	2	0.0038	0.2708	0	0.0315	1
0.0232	0.1981	0.6544	2.7141	0.5267	0.0621	0.6907	0.7205	189	191	290	2	3	0.002	0.1875	0	0.0239	1
0.0176	0.0559	0.6424	2.8516	0.6763	0.1999	0.7408	0.6413	190	192	290	2	4	0.0019	0.25	0	0.0176	1
0.0163	0.1437	0.633	2.892	0.6968	-0.3914	0.7871	0.4768	191	193	290	2	5	0.0086	0.275	0	0.0194	1
0.0071	0.1031	0.5778	3.0038	0.7675	-0.3407	0.7285	0.5944	192	0	290	2	6	0.01	0.05	0	0.01	1
0.0314	0.2658	0.3544	2.9365	0.5326	-0.3949	-0.1142	-0.9116	87	195	770	2	1	0.0066	0.2708	1	0.0314	0
0.0314	0.1728	0.2494	2.9062	0.2904	0.1152	0.0512	0.992	194	196	770	2	2	0.0066	0.2708	0	0.0314	0
0.0279	0.0492	0.2791	2.9707	0.4752	0.5308	-0.2853	0.798	195	197	770	2	3	0.0069	0.2	0	0.0879	0
0.0139	0.0458	0.2904	2.9532	0.5223	0.458	0.0451	0.8878	196	198	770	2	4	0.01	0.05	0	0.01	0
0.0092	0.0835	0.3114	2.9553	0.563	-0.1527	0.7379	0.6574	197	0	770	2	5	0.01	0.05	0	0.01	0
0.0312	0.1473	0.9705	-0.1928	-0.4588	0.8475	-0.2978	0.4393	0	200	772	0	1	0.0102	0.1875	0	0.0384	0
0.0064	0.1901	1.1386	-0.2434	-0.4132	0.3365	-0.3346	0.8802	199	201	772	0	2	0.0168	0.05	0	0.0509	0
0.0067	0.0406	1.1389	-0.2645	-0.2789	-0.4845	-0.0478	0.8735	200	0	772	0	3	0.01	0.05	0	0.01	0
0.0205	0.1768	1.0809	-0.2458	-0.1463	-0.4669	0.4609	0.7547	0	203	773	0	1	0.0167	0.2222	0	0.0362	0
0.01	0.0828	0.9942	-0.1629	-0.0098	0.0542	-0.8794	0.473	202	0	773	0	2	0.01	0.05	0	0.01	0
0.0321	0.236	0.1467	0.1504	-0.0767	0.3259	0.9379	0.119	99	205	58	2	1	0.0111	0.2917	0	0.0359	0
0.019	0.0789	0.2316	0.3408	-0.0652	0.2362	0.5057	-0.8297	204	206	58	2	2	0.0099	0.1333	0	0.01	0
0.01	0.0776	0.2413	0.3806	-0.1291	-0.1694	-0.2701	-0.9478	205	0	58	2	3	0.01	0.05	0	0.01	0
0.0325	0.4557	0.0058	0.3137	0.0041	-0.5588	0.0197	-0.8291	101	208	60	2	1	0.009	0.35	1	0.0325	1
0.0325	0.1476	-0.2488	0.3227	-0.3737	-0.9707	-0.0682	-0.2306	207	0	60	2	2	0.009	0.35	0	0.0325	1
0.0554	0.7721	0.1823	0.1724	0.0019	0.506	0.7117	0.4874	100	210	64	2	1	0.0084	0.4923	1	0.0586	1
0.0552	0.1327	0.573	0.7219	0.3782	-0.2594	0.9655	0.022	209	211	64	2	2	0.0084	0.4923	0	0.0586	1
0.0553	0.1982	0.5286	0.8468	0.384	0.2577	0.0521	0.9648	210	212	64	2	3	0.0099	0.5824	0	0.0577	1
0.055	0.4145	0.541	0.9618	0.5013	-0.1293	0.54	0.8317	211	213	64	2	4	0.0248	0.5106	0	0.0611	1
0.0539	0.0411	0.5166	1.1962	0.8444	-0.2852	0.8545	0.4342	212	214	64	2	5	0.0403	0.3374	0	0.0558	1
0.0463	0.0817	0.5234	1.2128	0.8596	0.2057	0.0694	0.9762	213	215	64	2	6	0.0062	0.5	0	0.0463	1
0.0463	0.2295	0.4983	1.2663	0.9525	0.4499	0.1528	0.8799	214	216	64	2	7	0.0091	0.0889	0	0.037	1
0.0501	0.2833	0.481	1.3077	1.2901	0.0209	0.9994	-0.0281	215	217	64	2	8	0.0833	0.0458	0	0.1844	1
0.0463	0.1298	0.395	1.4641	1.3651	-0.5964	0.6953	0.4011	216	218	64	2	9	0.0086	0.0211	0	0.01	1
0.0463	0.5643	0.3421	1.5942	1.4442	-0.4605	0.675	-0.5765	217	219	64	2	10	0.0092	0.0161	0	0.01	1
0.0463	0.0348	0.0601	1.9337	1.0757	-0.1619	0.7526	-0.6383	218	0	64	2	11	0.009	0.0833	0	0.01	1
0.0496	0.6252	0.1802	0.183	-0.0987	0.9191	0.1923	0.344	99	221	67	2	1	0.0087	0.5682	1	0.0496	0
0.0496	0.1198	0.7549	0.3032	0.1164	0.345	0.1576	0.9253	220	222	67	2	2	0.0087	0.5682	0	0.0496	0
0.0505	0.0904	0.8124	0.3185	0.2168	0.529	-0.0756	0.8453	221	223	67	2	3	0.0068	0.7576	0	0.0505	0
0.05	0.0893	0.8558	0.3097	0.2962	0.4543	0.2567	0.8531	222	224	67	2	4	0.0071	0.6818	0	0.0521	0
0.0496	0.1072	0.8886	0.3379	0.3779	0.6113	0.0681	0.7885	223	225	67	2	5	0.0078	0.8182	0	0.0496	0
0.0511	0.1612	0.9586	0.3019	0.4711	0.7489	0.203	0.6308	224	226	67	2	6	0.0082	0.7576	0	0.0511	0
0.0554	0.1383	1.0628	0.3201	0.5938	0.804	-0.0595	0.5916	225	227	67	2	7	0.0088	0.7333	0	0.0554	0
0.0576	0.1343	1.1614	0.327	0.7145	0.8709	-0.2924	0.395	226	228	67	2	8	0.0106	0.7385	0	0.0576	0
0.0539	0.1511	1.2759	0.2965	0.7841	0.8979	-0.3169	0.3054	227	229	67	2	9	0.0089	0.6528	0	0.054	0
0.0549	0.1146	1.4083	0.2325	0.873	0.9667	-0.2548	-0.0244	228	230	67	2	10	0.0081	0.65	0	0.0552	0
0.0553	0.1473	1.5092	0.1968	0.8714	0.5471	-0.7764	0.3127	229	231	67	2	11	0.0245	0.6528	0	0.0671	0
0.0537	0.0816	1.6124	0.0843	0.9403	0.0109	-0.9974	0.0718	230	232	67	2	12	0.0186	0.4538	0	0.0637	0
0.043	0.1526	1.6206	0.0249	0.9567	0.8745	-0.0562	-0.4817	231	233	67	2	13	0.0049	0.2833	0	0.043	0
0.0492	0.1721	1.7614	0.0255	0.9547	0.8857	-0.4632	-0.0316	232	234	67	2	14	0.0053	0.0556	0	0.062	0
0.0353	0.1112	1.965	-0.006	1.0065	0.7591	-0.6346	-0.1448	233	235	67	2	15	0.0078	0.1667	0	0.022	0
0.0475	0.1542	2.0198	-0.1437	0.9887	0.9017	-0.3927	-0.1808	234	236	67	2	16	0.0035	0.2879	0	0.0496	0
0.0339	0.0785	2.1484	-0.2128	0.9717	0.1257	-0.835	-0.5357	235	237	67	2	17	0.0019	0.4167	0	0.0296	0
0.048	0.0798	2.1874	-0.2131	0.9288	0.8917	-0.395	0.2211	236	238	67	2	18	0.0108	0.125	0	0.0555	1
0.0417	0.1244	2.2629	-0.2496	0.9428	0.6364	0.0075	0.7713	237	239	67	2	19	0.0046	0.3333	0	0.0417	1
0.0377	0.1773	2.3716	-0.2232	1.0236	0.6702	-0.4059	0.6214	238	240	67	2	20	0.0052	0.3958	0	0.0377	1
0.0355	0.1782	2.5038	-0.306	1.1144	0.661	-0.3582	0.6593	239	241	67	2	21	0.0061	0.4792	0	0.0355	1
0.0413	0.1383	2.629	-0.3417	1.243	0.6323	-0.4235	0.6488	240	242	67	2	22	0.0059	0.5111	0	0.0419	1
0.0434	0.0492	2.728	-0.3974	1.3251	0.5773	-0.2908	0.763	241	243	67	2	23	0.0065	0.0238	0	0.0485	1
0.037	0.0393	2.75	-0.444	1.3548	0.6382	-0.2976	0.71	242	244	67	2	24	0.0296	0.25	0	0.0388	1
0.0296	0.2425	2.7614	-0.476	1.3827	0.672	-0.4551	0.5842	243	0	67	2	25	0.0022	0.0615	0	0.01	1
0.0259	0.3204	-0.0946	0.3631	0.0084	-0.158	-0.815	-0.5575	101	246	70	2	1	0.008	0.25	1	0.0259	1
0.0259	0.1727	-0.1453	0.102	-0.1703	-0.4184	0.8047	-0.4212	245	0	70	2	2	0.008	0.25	0	0.0259	1
0.0272	0.4016	0.4481	0.0339	0.0674	0.8393	-0.5417	-0.0455	101	248	72	2	1	0.0092	0.3125	1	0.0287	1
0.0243	0.102	0.7852	-0.1836	0.0492	0.3272	-0.9074	-0.2639	247	249	72	2	2	0.0092	0.3125	0	0.0287	1
0.015	0.0634	0.8067	-0.2585	-0.0022	-0.7599	0.294	0.5797	248	250	72	2	3	0.01	0.05	0	0.01	1
0.01	0.0847	0.7659	-0.2334	0.0287	0.0324	-0.6954	-0.7179	249	0	72	2	4	0.01	0.05	0	0.01	1
0.0285	0.1296	-0.142	0.3837	0.0374	-0.6379	-0.7693	-0.0359	101	252	78	2	1	0.0094	0.3036	1	0.0285	1
0.0285	0.1884	-0.2247	0.284	0.0328	-0.3473	-0.5057	-0.7897	251	0	78	2	2	0.0094	0.3036	0	0.0285	1
0.0211	0.8715	0.1435	0.0759	-0.08	0.6987	0.6434	0.3127	100	254	81	2	1	0.005	0.2	1	0.0161	1
0.0161	0.1496	0.7525	0.6366	0.1925	0.4695	0.8829	0.0074	253	255	81	2	2	0.005	0.2	0	0.0161	1
0.021	0.1617	0.8055	0.7615	0.1959	-0.3981	0.8504	-0.3441	254	256	81	2	3	0.0051	0.1	0	0.0293	1
0.0203	0.1211	0.7363	0.8984	0.1359	0.1799	0.9208	-0.346	255	257	81	2	4	0.0088	0.2167	0	0.0265	1
0.01	0.0067	0.7674	1.0057	0.1007	0.4468	0.8929	-0.0554	256	258	81	2	5	0.01	0.05	0	0.01	1
0.0081	0.148	0.7704	1.0116	0.1004	-0.5114	0.8535	-0.1006	257	0	81	2	6	0.01	0.05	0	0.01	1
0.027	0.5547	0.0442	0.1179	-0.1653	-0.6913	0.5506	-0.4679	99	260	85	2	1	0.0084	0.2917	1	0.027	0
0.027	0.2613	-0.3393	0.4233	-0.4249	-0.7091	0.5493	0.4421	259	0	85	2	2	0.0084	0.2917	0	0.027	0
0.0434	0.3714	0.2339	0.1836	0.1451	0.617	-0.2644	0.7412	101	262	90	2	1	0.0084	0.28	1	0.0472	1
0.0419	0.1466	0.4618	0.0862	0.4211	-0.1843	-0.7934	0.5801	261	263	90	2	2	0.0139	0.1964	0	0.0472	1
0.0343	0.0917	0.4397	-0.0312	0.4989	0.8299	0.0646	0.5541	262	264	90	2	3	0.0037	0.4167	0	0.0333	1
0.0333	0.0849	0.5342	-0.0092	0.5313	0.7718	-0.1858	0.6081	263	0	90	2	4	0.0047	0.0758	0	0.01	1
0.0419	0.4466	0.1468	0.1887	-0.0632	0.4391	0.2747	0.8554	99	266	91	2	1	0.0038	0.3333	1	0.0419	0
0.0402	0.0678	0.3428	0.3114	0.3188	-0.4332	0.3416	0.834	265	267	91	2	2	0.0038	0.3333	0	0.0419	0
0.0334	0.1483	0.3416	0.3399	0.3759	-0.1246	0.5722	0.8106	266	268	91	2	3	0.0123	0.125	0	0.0405	0
0.0138	0.1295	0.3014	0.4028	0.5172	-0.2266	0.7801	0.5831	267	269	91	2	4	0.01	0.05	0	0.01	0
0.0077	0.0522	0.2721	0.5038	0.5927	-0.0964	0.4085	0.9077	268	0	91	2	5	0.01	0.05	0	0.01	0
0.0233	0.6449	0.3826	0.1157	0.133	-0.2518	0.8125	0.5258	101	271	92	2	1	0.0029	0.2188	0	0.0293	1
0.0114	0.1525	0.2416	0.6555	0.4642	-0.0616	0.5098	0.8581	270	272	92	2	2	0.0026	0.15	0	0.0532	1
0.01	0.0336	0.2053	0.7699	0.5694	-0.453	0.2645	0.8513	271	0	92	2	3	0.01	0.05	0	0.01	1
0.0551	0.4343	0.3686	0.3666	0.0565	0.9565	-0.2791	0.0847	102	274	93	2	1	0.0181	0.269	1	0.0874	1
0.0537	0.8025	0.7671	0.2456	0.0972	0.1287	-0.7864	0.6042	273	275	93	2	2	0.0359	0.3056	0	0.0874	1
0.0533	0.1337	0.8389	-0.3578	0.6229	0.1453	-0.7642	0.6285	274	276	93	2	3	0.0064	0.6833	0	0.0534	1
0.0504	0.1457	0.8488	-0.4567	0.7137	0.1374	-0.8047	0.5776	275	277	93	2	4	0.0069	0.7818	0	0.0504	1
0.0532	0.146	0.8755	-0.5704	0.8284	0.2707	-0.9614	0.0501	276	278	93	2	5	0.0197	0.4771	0	0.0595	1
0.0469	0.2972	0.8844	-0.6893	0.8642	0.2569	-0.618	0.743	277	279	93	2	6	0.0112	0.3818	0	0.0496	1
0.031	0.0718	0.9957	-0.8845	1.052	0.1013	-0.9011	0.4217	278	280	93	2	7	0.0033	0.4167	0	0.031	1
0.0453	0.0635	0.9951	-0.9557	1.0616	-0.1078	-0.934	0.3408	279	281	93	2	8	0.0072	0.1833	0	0.0572	1
0.0376	0.2934	1.0439	-0.985	1.0673	0.4068	-0.2927	0.8654	280	282	93	2	9	0.0304	0.0444	0	0.1884	1
0.031	0.2011	1.2167	-1.038	1.3528	0.1056	-0.772	0.6268	281	283	93	2	10	0.0054	0.0357	0	0.01	1
0.031	0.0575	1.2024	-1.2176	1.4799	0.5593	-0.8066	0.1913	282	0	93	2	11	0.0053	0.1	0	0.01	1
0.01	0.7039	0.1389	0.1792	-0.0636	0.3547	0.1494	0.923	99	285	99	2	1	0.01	0.05	1	0.01	1
0.01	0.1506	0.3886	0.2844	0.5861	-0.9612	0.1023	0.2563	284	286	99	2	2	0.01	0.05	0	0.01	1
0.01	0.2867	0.2439	0.2998	0.6247	0.9487	-0.1552	-0.2755	285	287	99	2	3	0.01	0.05	0	0.01	1
0.01	0.3415	0.5159	0.2553	0.5457	0.2305	-0.9297	0.2874	286	0	99	2	4	0.01	0.05	0	0.01	1
0.0502	0.4654	0.1209	0.1252	0.0883	0.2341	-0.7176	0.656	100	289	100	2	1	0.0056	0.1169	0	0.051	1
0.03	0.2165	0.2633	-0.2539	0.3989	-0.6051	-0.364	0.708	288	290	100	2	2	0.0041	0.2031	0	0.0299	1
0.028	0.1019	0.1407	-0.3384	0.5521	-0.4433	-0.6675	0.5983	289	291	100	2	3	0.0035	0.25	0	0.028	1
0.0263	0.0349	0.0962	-0.4186	0.5979	-0.3901	-0.7267	0.5654	290	292	100	2	4	0.0113	0.225	0	0.0282	1
0.0224	0.1226	0.0741	-0.4416	0.6016	-0.822	-0.4273	0.3764	291	0	100	2	5	0.019	0.1222	0	0.0422	1
0.0447	0.2111	0.1248	0.1186	0.0858	-0.2825	-0.424	0.8604	100	294	101	2	1	0.0101	0.5857	1	0.0447	1
0.0447	0.1868	0.0652	0.0291	0.2674	-0.0128	-0.543	0.8397	293	295	101	2	2	0.0101	0.5857	0	0.0447	1
0.0442	0.1006	0.0705	-0.0873	0.4523	-0.9551	0.0521	0.2916	294	296	101	2	3	0.0072	0.6	0	0.0442	1
0.0443	0.0832	-0.0465	-0.0823	0.4792	-0.1036	-0.3157	0.9432	295	297	101	2	4	0.0064	0.575	0	0.0443	1
0.0508	0.0931	-0.0824	-0.0947	0.5324	-0.7171	-0.1812	0.6731	296	298	101	2	5	0.0087	0.6591	0	0.0509	1
0.0455	0.0597	-0.1499	-0.133	0.6475	-0.999	0.0444	0.0031	297	299	101	2	6	0.0054	0.7	0	0.0455	1
0.0436	0.1046	-0.2156	-0.1466	0.6339	-0.9606	0.1617	0.2259	298	300	101	2	7	0.0062	0.7	0	0.0436	1
0.05	0.0865	-0.3357	-0.1043	0.6847	-0.8152	-0.577	-0.0498	299	301	101	2	8	0.0074	0.6364	0	0.0502	1
0.0519	0.171	-0.4026	-0.1296	0.7394	-0.9938	0.11	0.0147	300	302	101	2	9	0.0141	0.2876	0	0.0607	1
0.0351	0.2331	-0.5684	-0.1481	0.7659	-0.9944	-0.054	0.091	301	303	101	2	10	0.0063	0.4375	0	0.0329	1
0.041	0.1779	-0.8103	-0.1714	0.768	-0.9046	0.1342	0.4046	302	304	101	2	11	0.0061	0.6481	0	0.041	1
0.0454	0.2337	-0.9745	-0.1725	0.8228	-0.9879	0.0218	0.1535	303	305	101	2	12	0.006	0.4125	0	0.0458	1
0.0504	0.1125	-1.2023	-0.1641	0.8729	-0.9777	0.0009	0.2102	304	306	101	2	13	0.0174	0.3438	0	0.0625	1
0.0439	0.1288	-1.3088	-0.1432	0.8891	-0.8592	0.2946	0.4183	305	307	101	2	14	0.0062	0.42	0	0.0444	1
0.0429	0.0681	-1.3855	-0.1215	0.9845	-0.7949	-0.1958	0.5743	306	308	101	2	15	0.0054	0.4	0	0.043	1
0.033	0.031	-1.4559	-0.122	1.0072	-0.7124	-0.007	0.7017	307	309	101	2	16	0.0172	0.3523	0	0.033	1
0.0415	0.1674	-1.4607	-0.1183	1.0415	-0.5549	-0.1686	0.8147	308	310	101	2	17	0.0107	0.0635	0	0.0469	1
0.0329	0.4425	-1.6023	-0.1147	1.1747	-0.4012	-0.539	0.7406	309	311	101	2	18	0.0058	0.0481	0	0.0223	1
0.0329	0.1753	-1.7395	-0.3798	1.4921	-0.2489	-0.6537	0.7147	310	0	101	2	19	0.0071	0.0374	0	0.01	1
0.0144	0.2777	-0.375	0.7093	-0.0211	0.9685	0.2095	-0.1349	101	313	102	2	1	0.0087	0.1948	1	0.0518	1
0.0144	0.1968	-0.1011	0.8014	-0.0517	0.8542	-0.2201	0.4711	312	314	102	2	2	0.0179	0.15	0	0.0518	1
0.01	0.0931	0.0792	0.7255	-0.0112	-0.1079	-0.8549	0.5074	313	0	102	2	3	0.01	0.05	0	0.01	1
0.0322	0.6633	0.081	0.1622	-0.0754	-0.43	0.2948	0.8533	99	316	112	2	1	0.0104	0.275	1	0.0322	0
0.0322	0.1437	-0.2043	0.3577	0.4906	-0.7329	0.6426	0.2232	315	0	112	2	2	0.0104	0.275	0	0.0322	0
0.0501	0.8345	-0.4447	0.6657	0.0109	0.0677	0.8685	0.4911	102	318	116	2	1	0.0148	0.4606	0	0.0501	1
0.0398	0.2193	-0.4311	1.3696	0.4779	-0.0269	0.9456	0.3243	317	319	116	2	2	0.0072	0.5417	0	0.0398	1
0.052	0.117	-0.4111	1.5522	0.5726	-0.0732	0.6472	0.7588	318	320	116	2	3	0.0069	0.5833	0	0.0526	1
0.0497	0.111	-0.4301	1.6699	0.6439	-0.1713	0.3438	0.9233	319	321	116	2	4	0.0077	0.5909	0	0.0501	1
0.0428	0.0764	-0.4683	1.7355	0.7609	-0.0041	-0.471	0.8821	320	322	116	2	5	0.0048	0.5185	0	0.0428	1
0.0334	0.3423	-0.4474	1.7548	0.8391	0.1049	-0.2279	0.968	321	323	116	2	6	0.0065	0.4792	0	0.0334	1
0.0399	0.0762	-0.4114	1.6833	1.172	-0.0612	-0.2394	0.969	322	324	116	2	7	0.0047	0.5926	0	0.0399	1
0.0409	0.1102	-0.4222	1.6922	1.2353	-0.1317	0.3359	0.9327	323	325	116	2	8	0.0051	0.7222	0	0.0409	1
0.0462	0.1001	-0.4291	1.6961	1.3595	-0.2289	0.4903	0.841	324	326	116	2	9	0.0123	0.2667	0	0.0544	1
0.0326	0.0859	-0.4181	1.771	1.4344	-0.1925	0.5473	0.8145	325	327	116	2	10	0.0187	0.2364	0	0.0326	1
0.03	0.0832	-0.4525	1.8171	1.5046	0.0294	-0.2491	0.968	326	328	116	2	11	0.004	0.5833	0	0.03	1
0.03	0.077	-0.483	1.7946	1.5797	-0.0839	-0.6929	0.7161	327	0	116	2	12	0.004	0.0833	0	0.0174	1
0.0332	0.3375	-0.9261	0.8118	0.2349	0.6758	0.5106	-0.5316	106	330	117	2	1	0.0069	0.275	0	0.034	1
0.0315	0.0855	-0.6981	0.9831	0.0533	-0.8644	0.466	-0.1887	329	331	117	2	2	0.0066	0.225	0	0.0385	1
0.017	0.074	-0.7667	1.017	0.0484	-0.8132	-0.5764	0.0811	330	332	117	2	3	0.0071	0.12	0	0.01	1
0.01	0.0303	-0.8535	0.9485	0.0263	-0.8018	0.5345	0.2673	331	0	117	2	4	0.01	0.05	0	0.01	1
0.0305	0.3535	-0.4742	0.6648	-0.055	-0.7487	0.5797	-0.3215	102	334	124	2	1	0.0068	0.225	1	0.0303	1
0.0303	0.1395	-0.7389	0.8697	-0.1687	-0.1577	0.9359	-0.315	333	335	124	2	2	0.0068	0.225	0	0.0303	1
0.0418	0.0879	-0.7894	1.0043	-0.2443	0.1732	0.9845	-0.0293	334	336	124	2	3	0.0148	0.1714	0	0.062	1
0.0306	0.7234	-0.6718	1.1211	-0.1937	-0.357	0.9197	0.1631	335	337	124	2	4	0.0977	0.025	0	0.3056	1
0.01	0.2625	-0.8917	1.7877	-0.0623	-0.1313	0.9487	0.2875	336	338	124	2	5	0.01	0.05	0	0.01	1
0.0044	0.0379	-0.9261	2.0368	0.0132	-0.3796	0.7185	-0.5829	337	0	124	2	6	0.0135	0.1	0	0.01	1
0.0367	0.1968	-0.5914	0.4113	0.4123	0.205	-0.3921	-0.8968	103	340	126	2	1	0.0045	0.3438	1	0.0367	1
0.0359	0.1126	-0.5511	0.3341	0.2358	0.5222	-0.1498	-0.8396	339	341	126	2	2	0.0045	0.3438	0	0.0367	1
0.0258	0.1031	-0.4986	0.3052	0.1297	0.9163	-0.116	-0.3834	340	342	126	2	3	0.0035	0.3125	0	0.0258	1
0.0141	0.1036	-0.405	0.2928	0.073	0.9731	-0.2269	-0.0412	341	343	126	2	4	0.01	0.05	0	0.01	1
0.0078	0.0668	-0.3041	0.2693	0.0687	0.824	-0.2011	-0.5297	342	0	126	2	5	0.01	0.05	0	0.01	1
0.0457	0.3725	-0.7418	0.5718	0.4375	-0.1629	0.9438	-0.2875	104	345	127	2	1	0.0131	0.425	1	0.0457	1
0.0457	0.1048	-0.8025	0.9234	0.3304	-0.616	0.2962	-0.7299	344	0	127	2	2	0.0131	0.425	0	0.0457	1
0.0317	0.6061	-1.2563	0.7338	0.2944	0.7874	-0.5479	-0.2825	106	347	129	2	1	0.009	0.1786	1	0.0317	1
0.0317	0.1867	-0.7791	0.4017	0.1232	0.8014	-0.5649	-0.1964	346	0	129	2	2	0.009	0.1786	0	0.0317	1
0.0376	0.3603	-1.0055	0.8246	0.263	0.111	0.9639	-0.242	106	0	135	2	1	0.014	0.15	0	0.0376	1
0.0525	0.1181	-0.6996	0.5358	0.2919	-0.6419	-0.6749	-0.3639	103	350	776	2	1	0.0432	0.5249	1	0.0525	1
0.0524	0.5693	-0.7755	0.4561	0.2489	-0.7556	0.2959	0.5844	349	351	776	2	2	0.0432	0.5249	0	0.0525	1
0.05	0.1569	-1.1936	0.6214	0.5843	-0.1558	0.2412	0.9579	350	352	776	2	3	0.0076	0.6212	0	0.05	1
0.0516	0.1158	-1.2119	0.6446	0.7516	-0.9141	0.0738	0.3987	351	353	776	2	4	0.0086	0.6	0	0.0522	1
0.0389	0.1007	-1.3207	0.6687	0.8192	-0.945	0.1881	-0.2676	352	354	776	2	5	0.0046	0.5833	0	0.0389	1
0.0353	0.157	-1.4157	0.7077	0.7993	-0.9968	-0.0232	0.077	353	355	776	2	6	0.0131	0.2083	0	0.0285	1
0.0404	0.2125	-1.5699	0.7239	0.85	-0.9971	0.0723	0.0252	354	356	776	2	7	0.0074	0.4444	0	0.0404	1
0.0362	0.0858	-1.778	0.7303	0.843	-0.9401	0.0663	-0.3345	355	357	776	2	8	0.0051	0.5417	0	0.0362	1
0.0353	0.0627	-1.8724	0.7528	0.8451	-0.8912	0.0847	-0.4456	356	358	776	2	9	0.0043	0.625	0	0.0353	1
0.0359	0.0508	-1.921	0.743	0.8187	-0.8049	-0.4309	-0.408	357	359	776	2	10	0.0046	0.5	0	0.0359	1
0.0353	0.3821	-1.9752	0.741	0.7923	-0.8246	-0.5642	-0.0412	358	0	776	2	11	0.0044	0.0865	0	0.035	1
0.0245	0.2655	-1.1201	0.8087	0.3393	-0.3553	0.5084	0.7844	106	361	435	2	1	0.0038	0.3125	1	0.0232	1
0.0232	0.1094	-1.2145	0.9437	0.5476	-0.3734	0.2473	0.8941	360	362	435	2	2	0.0038	0.3125	0	0.0232	1
0.0307	0.0492	-1.1949	1.0118	0.7209	-0.8168	0.2272	0.5303	361	363	435	2	3	0.035	0.1429	0	0.0883	1
0.0258	0.1002	-1.1768	0.9784	0.7987	-0.7244	-0.1725	0.6674	362	364	435	2	4	0.0067	0.1833	0	0.0318	1
0.0128	0.0838	-1.2462	0.9792	0.8501	0.3919	0.5581	0.7314	363	365	435	2	5	0.01	0.05	0	0.01	1
0.0091	0.1171	-1.2133	1.026	0.9114	0.3752	0.3878	0.8419	364	0	435	2	6	0.01	0.05	0	0.01	1
0.0272	0.2756	-1.3532	0.8995	0.305	0.2173	0.6804	0.6999	107	367	436	2	1	0.0083	0.325	1	0.0285	1
0.0243	0.123	-1.2933	1.087	0.4979	-0.7426	0.1592	0.6505	366	368	436	2	2	0.0083	0.325	0	0.0285	1
0.015	0.1093	-1.3847	1.1218	0.5625	0.2702	0.6868	0.6747	367	369	436	2	3	0.01	0.05	0	0.01	1
0.01	0.0445	-1.3551	1.1968	0.6362	0.2539	-0.5655	0.7847	368	0	436	2	4	0.01	0.05	0	0.01	1
0.0321	0.2445	-1.4134	0.855	0.3534	0.3146	-0.5095	0.8009	107	371	440	2	1	0.0069	0.3036	1	0.0321	1
0.0321	0.2002	-1.3365	0.7304	0.5493	0.0376	0.8016	0.5967	370	0	440	2	2	0.0069	0.3036	0	0.0321	1
0.0157	0.068	-1.5172	0.9026	0.4703	0.2578	-0.1768	0.9499	108	373	441	2	1	0.0137	0.2273	1	0.0483	1
0.0157	0.211	-1.5048	0.8745	0.5542	0.5436	0.5699	0.6162	372	0	441	2	2	0.0241	0.2273	0	0.0483	1
0.0508	0.1606	-1.8312	1.0014	0.4012	-0.4392	-0.8172	0.3733	110	375	448	2	1	0.0128	0.2867	1	0.0601	1
0.0496	0.3268	-1.8932	0.8615	0.4663	-0.0474	0.4721	0.8803	374	376	448	2	2	0.0221	0.261	0	0.0601	1
0.0326	0.1717	-1.9339	0.9633	0.7445	-0.6862	0.2049	0.698	375	377	448	2	3	0.0062	0.5833	0	0.0324	1
0.0439	0.0871	-2.0528	0.988	0.9017	-0.7502	0.6423	0.1567	376	378	448	2	4	0.0084	0.4	0	0.0467	1
0.0293	0.1769	-2.1025	1.0419	0.9613	-0.9263	0.1906	0.3249	377	379	448	2	5	0.0059	0.4286	0	0.0293	1
0.0297	0.0907	-2.2539	1.0758	1.0211	-0.1428	0.6914	0.7082	378	0	448	2	6	0.0049	0.2917	0	0.0297	1
0.0474	0.5752	-1.4869	0.9419	0.452	-0.6445	0.5047	0.5744	108	381	449	2	1	0.0288	0.3282	0	0.0474	1
0.0454	0.1069	-1.8912	1.2736	0.7696	0.3937	0.5464	0.7392	380	382	449	2	2	0.0097	0.2286	0	0.1073	1
0.0297	0.0657	-1.8734	1.3051	0.8587	0.0188	0.3373	0.9412	381	383	449	2	3	0.0045	0.4167	0	0.0288	1
0.0375	0.1927	-1.8924	1.3071	0.9247	-0.1242	0.3199	0.9393	382	384	449	2	4	0.003	0.0938	0	0.0938	1
0.0288	0.0676	-1.9091	1.3838	1.1188	-0.7742	-0.1535	0.614	383	0	449	2	5	0.0023	0.12	0	0.01	1
0.0461	0.272	-1.5503	0.9643	0.3877	-0.4261	0.8054	-0.412	108	386	453	2	1	0.0082	0.4167	1	0.0461	1
0.0461	0.1777	-1.6661	1.1834	0.2756	-0.4028	0.911	-0.0882	385	387	453	2	2	0.0082	0.4167	0	0.0461	1
0.0461	0.1422	-1.757	1.3338	0.2139	0.5113	0.7587	-0.4036	386	388	453	2	3	0.0128	0.1333	0	0.0341	1
0.0485	0.2625	-1.717	1.508	0.1633	0.7174	0.4105	-0.5628	387	389	453	2	4	0.0095	0.0234	0	0.0551	1
0.0461	0.0583	-1.6765	1.5053	-0.0104	-0.0362	0.2737	-0.9611	388	390	453	2	5	0.01	0.05	0	0.01	1
0.0461	0.4134	-1.6229	1.4822	0.0295	0.7323	0.6628	-0.1561	389	0	453	2	6	0.008	0.0194	0	0.01	1
0.0095	0.1164	-0.4164	0.2892	-0.8919	-0.2273	-0.1193	0.9665	118	392	778	3	1	0.0187	0.2308	1	0.0621	0
0.0088	0.4151	-0.4443	0.2854	-0.7832	-0.0964	0.3347	0.9374	391	393	778	3	2	0.0519	0.2905	0	0.0621	0
0.0078	0.0423	-0.4587	0.4054	-0.4047	-0.4702	-0.8199	0.3265	392	394	778	3	3	0.0364	0.25	0	0.0463	0
0.0076	0.0378	-0.4879	0.3612	-0.3888	0.7128	-0.6999	-0.0459	393	395	778	3	4	0.0146	0.3571	0	0.0229	0
0.0064	0.0396	-0.4582	0.3314	-0.3754	-0.9701	0.1315	0.204	394	0	778	3	5	0.0048	0.04	0	0.0286	0
0.0311	0.0811	0.3889	-2.5728	0.4012	-0.1695	0.276	0.9461	122	397	475	3	1	0.0046	0.5	0	0.0304	0
0.0353	0.0895	0.3584	-2.5325	0.4941	0.1777	-0.5594	0.8097	396	398	475	3	2	0.0041	0.5	0	0.0353	0
0.0398	0.1206	0.3754	-2.5912	0.5956	0.2088	-0.9351	-0.2863	397	399	475	3	3	0.0059	0.4889	0	0.0398	0
0.042	0.0684	0.4374	-2.6823	0.5947	0.6836	-0.6521	-0.3277	398	400	475	3	4	0.0048	0.4333	0	0.0432	0
0.0446	0.0981	0.4811	-2.7274	0.5814	0.7199	-0.6623	0.2076	399	401	475	3	5	0.0114	0.3095	0	0.05	0
0.0397	0.0502	0.566	-2.8263	0.5838	0.6051	-0.1583	0.7802	400	402	475	3	6	0.0039	0.3333	0	0.0412	0
0.0337	0.0545	0.5722	-2.8827	0.6365	0.2905	-0.3882	-0.8746	401	403	475	3	7	0.0036	0.2917	0	0.0337	0
0.0388	0.0924	0.6338	-2.8917	0.584	0.0632	-0.5644	-0.8231	402	404	475	3	8	0.0032	0.2963	0	0.0416	0
0.0304	0.0836	0.6093	-2.9595	0.5231	0.5582	-0.3603	0.7474	403	405	475	3	9	0.0029	0.2917	0	0.0259	0
0.0304	0.0983	0.6589	-2.9983	0.5838	0.7448	0.1162	0.6571	404	406	475	3	10	0.0037	0.2188	0	0.0259	0
0.0304	0.0574	0.7134	-3.0142	0.6562	0.8349	-0.5236	0.1698	405	0	475	3	11	0.0043	0.15	0	0.01	0
0.0274	0.1207	0.4943	-2.8394	0.3362	0.5136	-0.4187	0.7489	124	408	477	3	1	0.0033	0.25	1	0.0285	0
0.022	0.0722	0.5568	-2.8857	0.4302	0.3075	-0.6313	0.712	407	409	477	3	2	0.009	0.225	0	0.0285	0
0.01	0.0749	0.5674	-2.933	0.4763	0.3535	-0.7713	-0.5293	408	0	477	3	3	0.01	0.05	0	0.01	0
0.0158	0.1377	0.6334	-3.0141	0.1578	0.3024	0.8001	-0.518	127	411	481	3	1	0.0389	0.4429	1	0.01	0
0.0129	0.1348	0.7267	-2.9307	0.0616	0.0755	-0.5972	0.7985	410	412	481	3	2	0.01	0.05	0	0.01	0
0.012	0.1089	0.7381	-3.0041	0.1714	0.4017	-0.3293	0.8545	411	0	481	3	3	0.0102	0.1	0	0.0213	0
0.0219	0.2601	0.5677	-3.0708	0.2259	0.2426	0.5618	0.7909	126	0	482	3	1	0.0041	0.3125	0	0.0219	0
0.0294	0.1576	-0.4735	-0.2776	-0.4777	-0.5543	0.81	0.1917	132	415	170	3	1	0.0073	0.4	0	0.0293	0
0.0408	0.081	-0.5548	-0.149	-0.439	-0.5155	0.8104	0.2785	414	416	170	3	2	0.0122	0.2	0	0.0516	0
0.039	0.1692	-0.6264	-0.0933	-0.4047	-0.1264	0.8922	0.4335	415	417	170	3	3	0.0056	0.1667	0	0.0423	0
0.0354	0.141	-0.6411	0.0585	-0.328	-0.4499	0.4561	0.7678	416	418	170	3	4	0.004	0.2188	0	0.0354	0
0.0357	0.112	-0.6969	0.1207	-0.2477	-0.2498	0.9583	-0.1391	417	419	170	3	5	0.0024	0.25	0	0.0366	0
0.0293	0.0116	-0.7148	0.2395	-0.2375	0.0551	0.9042	-0.4235	418	420	170	3	6	0.0075	0.1	0	0.01	0
0.0293	0.0769	-0.7196	0.245	-0.2715	-0.4142	0.9068	-0.0784	419	421	170	3	7	0.0049	0.12	0	0.01	0
0.0293	0.0403	-0.7425	0.3531	-0.2593	-0.1121	0.4485	-0.8867	420	0	170	3	8	0.0045	0.15	0	0.01	0
0.0238	0.5786	-0.2597	-0.6681	-0.3863	0.7955	0.3111	0.52	132	423	171	3	1	0.004	0.4167	1	0.0232	0
0.0236	0.081	0.2006	-0.4881	-0.0855	0.2891	0.2032	0.9355	422	424	171	3	2	0.004	0.4167	0	0.0232	0
0.0261	0.0512	0.2212	-0.4745	-0.0045	0.7341	0.3489	0.5826	423	425	171	3	3	0.0029	0.375	0	0.0282	0
0.0232	0.0741	0.2409	-0.454	0.0375	0.5695	0.2558	0.7811	424	0	171	3	4	0.0062	0.225	0	0.01	0
0.0303	0.5582	-0.132	-1.0373	-0.2711	0.4667	0.8317	0.3009	133	427	172	3	1	0.0103	0.275	1	0.0315	0
0.0292	0.2964	0.1285	-0.573	-0.1031	0.2439	0.1958	0.9498	426	428	172	3	2	0.0103	0.275	0	0.0315	0
0.0258	0.0661	0.2163	-0.5068	0.1773	-0.0985	0.3054	0.9471	427	0	172	3	3	0.0122	0.275	0	0.0258	0
0.0155	0.0454	-0.5036	-0.1013	-0.507	0.1941	-0.4997	0.8442	132	430	175	3	1	0.0061	0.3125	1	0.0347	0
0.0155	0.0993	-0.4872	-0.1347	-0.4822	0.1325	0.8135	-0.5662	429	431	175	3	2	0.0093	0.12	0	0.0347	0
0.01	0.2157	-0.5117	-0.0651	-0.4528	-0.7396	0.6275	-0.2433	430	0	175	3	3	0.01	0.05	0	0.01	0
0.0298	0.2726	-0.2216	-0.9958	-0.3162	-0.4763	0.8563	-0.1999	133	433	177	3	1	0.0037	0.4688	1	0.0298	0
0.0298	0.1083	-0.3514	-0.7624	-0.3706	-0.5288	-0.4534	-0.7175	432	434	177	3	2	0.0037	0.4688	0	0.0298	0
0.0298	0.1967	-0.4158	-0.7994	-0.4194	-0.9684	-0.1924	-0.1589	433	435	177	3	3	0.0089	0.1889	0	0.0187	0
0.0298	0.1557	-0.6084	-0.8406	-0.4432	-0.9431	-0.1116	-0.3132	434	436	177	3	4	0.0099	0.0727	0	0.0202	0
0.0298	0.0832	-0.7565	-0.8591	-0.4823	-0.9191	0.3868	-0.0743	435	0	177	3	5	0.0061	0.14	0	0.01	0
0.0503	0.5457	-0.2761	-0.6272	-0.394	0.7876	0.1644	0.5939	132	438	779	3	1	0.0212	0.3258	1	0.0898	0
0.0503	0.6136	0.1543	-0.5386	-0.0766	-0.9947	-0.0625	-0.0821	437	439	779	3	2	0.0461	0.4052	0	0.0898	0
0.0503	0.1674	-0.5094	-0.5804	-0.1016	0.3505	0.4821	0.803	438	440	779	3	3	0.0423	0.3802	0	0.0947	0
0.0503	0.3972	-0.5391	-0.5558	0.0158	0.0385	-0.3461	0.9374	439	441	779	3	4	0.0699	0.4159	0	0.2458	0
0.0503	0.1428	-0.5946	-0.7068	0.3455	-0.2449	-0.7301	0.6379	440	442	779	3	5	0.0255	0.8047	0	0.0662	0
0.0503	0.2058	-0.6148	-0.8066	0.3649	-0.336	-0.9333	-0.1264	441	443	779	3	6	0.038	0.5375	0	0.0935	0
0.0503	0.0371	-0.7797	-1.0266	0.4697	-0.3388	-0.8385	-0.4268	442	444	779	3	7	0.033	0.4856	0	0.0556	0
0.0503	0.1501	-0.799	-1.0755	0.4444	-0.422	-0.2984	0.8561	443	445	779	3	8	0.0184	0.3828	0	0.0599	0
0.0503	0.3443	-0.8545	-1.1192	0.5798	-0.6474	-0.1339	0.7503	444	446	779	3	9	0.0276	0.3854	0	0.0619	0
0.0503	0.1758	-1.0734	-1.1568	0.8479	-0.6122	-0.4481	0.6515	445	447	779	3	10	0.0079	0.5584	0	0.0521	0
0.0503	0.0962	-1.192	-1.2683	0.9369	-0.8199	-0.1547	0.5512	446	448	779	3	11	0.005	0.6136	0	0.0503	0
0.0503	0.2373	-1.2355	-1.2734	1.0163	-0.588	-0.0521	0.8072	447	449	779	3	12	0.0155	0.2917	0	0.0774	0
0.0503	0.1753	-1.364	-1.3813	1.2231	-0.2194	0.1296	0.967	448	450	779	3	13	0.0128	0.2438	0	0.036	0
0.0503	0.1147	-1.4373	-1.2909	1.3935	-0.3114	-0.1719	0.9346	449	451	779	3	14	0.0137	0.25	0	0.0354	0
0.0503	0.1968	-1.5042	-1.294	1.4852	-0.4173	0.0681	0.9062	450	452	779	3	15	0.0061	0.1364	0	0.0316	0
0.0503	0.0428	-1.5561	-1.3699	1.687	-0.6857	-0.041	0.7267	451	453	779	3	16	0.0051	0.0833	0	0.01	0
0.0503	0.0893	-1.6186	-1.2843	1.7014	-0.7688	-0.1741	0.6154	452	0	779	3	17	0.0058	0.0804	0	0.01	0
0.0247	0.4165	-0.1522	-1.2262	-0.206	0.2509	0.9628	0.1003	135	455	487	3	1	0.0047	0.375	1	0.0244	0
0.0224	0.061	-0.0477	-0.8252	-0.1642	-0.3857	-0.9226	0.0094	454	456	487	3	2	0.0047	0.375	0	0.0244	0
0.0205	0.1501	-0.0566	-0.888	-0.1659	-0.3121	-0.8496	0.4252	455	457	487	3	3	0.0085	0.1625	0	0.0302	0
0.01	0.0358	-0.0986	-1.0251	-0.105	0.5573	0.0261	0.8299	456	0	487	3	4	0.01	0.05	0	0.01	0
0.034	0.2419	-0.1423	-1.4241	-0.192	0.4488	-0.2979	0.8425	135	459	490	3	1	0.0088	0.275	0	0.0372	0
0.0294	0.1063	-0.0454	-1.4959	0.0042	0.1659	0.9628	-0.2131	458	460	490	3	2	0.0036	0.25	0	0.0324	0
0.0235	0.1478	-0.0271	-1.3957	-0.003	-0.1865	0.9724	0.1403	459	0	490	3	3	0.0054	0.1875	0	0.0235	0
0.0322	0.0823	-0.2371	-1.6462	-0.0457	0.8728	-0.3006	0.3847	138	0	491	3	1	0.0099	0.375	0	0.0322	0
0.0354	0.113	-0.3889	-2.1674	0.123	0.1082	-0.6698	-0.7346	141	463	494	3	1	0.0066	0.1563	1	0.0354	0
0.0354	0.2261	-0.3767	-2.2431	0.04	-0.5605	-0.0741	-0.8248	462	464	494	3	2	0.0066	0.1563	0	0.0354	0
0.0263	0.1699	-0.528	-2.2411	-0.0961	-0.7673	-0.6256	-0.1411	463	465	494	3	3	0.0023	0.1875	0	0.0263	0
0.0221	0.079	-0.6462	-2.3574	-0.1335	-0.5195	-0.8405	0.1538	464	466	494	3	4	0.0033	0.25	0	0.0229	0
0.0127	0.0041	-0.6775	-2.4151	-0.1046	-0.2899	-0.7691	0.5696	465	467	494	3	5	0.01	0.05	0	0.01	0
0.01	0.0512	-0.6786	-2.4182	-0.1023	-0.7903	-0.6049	0.0976	466	468	494	3	6	0.01	0.05	0	0.01	0
0.0064	0.0618	-0.7191	-2.4492	-0.0973	0.4364	0.1725	-0.883	467	0	494	3	7	0.01	0.05	0	0.01	0
0.0339	0.173	-0.3825	-2.1145	0.0414	-0.4241	-0.9	0.1006	141	470	496	3	1	0.0092	0.5417	1	0.0339	0
0.0339	0.0853	-0.4559	-2.2702	0.0588	-0.4658	-0.6488	0.6018	469	471	496	3	2	0.0092	0.5417	0	0.0339	0
0.0339	0.0931	-0.4859	-2.3501	0.0951	-0.8397	-0.4831	0.248	470	0	496	3	3	0.0157	0.1818	0	0.01	0
0.0394	0.1604	-0.5271	-2.3722	0.2463	-0.5874	-0.5819	-0.5625	143	473	497	3	1	0.007	0.5556	0	0.0395	0
0.0333	0.0853	-0.6114	-2.4827	0.1669	-0.6187	-0.6441	-0.4499	472	474	497	3	2	0.0048	0.5833	0	0.0333	0
0.0377	0.0493	-0.6861	-2.5563	0.1209	0.4429	-0.7303	0.5201	473	475	497	3	3	0.0066	0.2083	0	0.038	0
0.0333	0.1733	-0.6784	-2.5718	0.1049	-0.5875	-0.7872	-0.1875	474	476	497	3	4	0.0019	0.325	0	0.0329	0
0.0333	0.0923	-0.7734	-2.7331	0.1159	-0.7707	-0.5976	-0.2212	475	0	497	3	5	0.0045	0.1364	0	0.01	0
0.0089	0.3795	0.1432	-2.0701	0.2593	0.8481	-0.0096	0.5297	153	0	614	3	1	0.009	0.25	0	0.0248	0
0.0104	0.3296	0.6185	-2.359	0.3796	-0.3221	0.8089	0.4919	154	479	780	3	1	0.0253	0.1706	1	0.0321	1
0.0104	0.1132	0.4709	-2.0951	0.5569	0.1698	0.7794	0.6031	478	480	780	3	2	0.0181	0.225	0	0.0321	1
0.01	0.0734	0.4903	-1.9867	0.603	0.3281	0.699	0.6354	479	0	780	3	3	0.01	0.05	0	0.01	1
0.0168	0.1962	0.4046	-3.125	0.7074	0.2775	-0.1798	-0.9438	161	482	781	3	1	0.0218	0.0875	0	0.034	0
0.01	0.0783	0.4859	-3.1819	0.5199	-0.3278	-0.3112	-0.892	481	0	781	3	2	0.01	0.05	0	0.01	0
0.0097	0.0379	0.6251	2.7266	0.5346	0.7982	-0.5848	-0.1448	189	484	783	3	1	0.0227	0.05	0	0.034	1
0.0071	0.2033	0.6614	2.7348	0.5391	0.6716	-0.3483	0.654	483	0	783	3	2	0.0149	0.1571	0	0.0248	1
0.015	0.0567	0.1928	0.3466	-0.0279	-0.1915	0.7467	0.637	204	0	293	3	1	0.0122	0.25	0	0.0281	0
0.0304	0.0722	0.2206	0.3816	-0.0159	-0.3529	-0.5165	0.7802	204	487	784	3	1	0.0102	0.4688	1	0.0304	0
0.0304	0.1071	0.1951	0.3443	0.0404	-0.7613	-0.4182	0.4955	486	0	784	3	2	0.0102	0.4688	0	0.0304	0
0.0272	0.2982	0.5556	0.803	0.3472	0.5497	-0.7535	-0.3607	211	489	295	3	1	0.0064	0.3125	1	0.0279	1
0.0226	0.104	0.7162	0.5783	0.2425	0.2386	0.9338	0.2666	488	490	295	3	2	0.0061	0.1833	0	0.0279	1
0.01	0.1089	0.7704	0.6475	0.1934	0.8797	0.4415	0.1766	489	0	295	3	3	0.01	0.05	0	0.01	1
0.024	0.3782	0.576	0.9416	0.376	-0.0498	0.9662	-0.2529	212	492	305	3	1	0.0049	0.0893	0	0.0303	1
0.01	0.069	0.5381	1.2972	0.2836	-0.3267	0.3343	-0.884	491	0	305	3	2	0.01	0.05	0	0.01	1
0.0426	0.395	0.4835	0.8789	0.3887	-0.3771	0.924	0.0639	211	494	313	3	1	0.014	0.537	0	0.0426	1
0.0426	0.0606	0.3471	1.2379	0.3906	0.71	0.6721	0.2102	493	495	313	3	2	0.0112	0.1786	0	0.0367	1
0.0426	0.0793	0.3388	1.2464	0.386	-0.0968	0.586	-0.8045	494	496	313	3	3	0.0102	0.2143	0	0.0347	1
0.0426	0.0791	0.3494	1.3206	0.3265	-0.5235	0.4555	-0.72	495	497	313	3	4	0.0093	0.1964	0	0.0294	1
0.0426	0.1202	0.2855	1.3608	0.2824	-0.2989	0.6166	-0.7283	496	498	313	3	5	0.0114	0.039	0	0.0323	1
0.0426	0.1695	0.2222	1.4219	0.2027	-0.2702	0.8443	0.4628	497	499	313	3	6	0.0025	0.2037	0	0.0389	1
0.0426	0.0446	0.1672	1.5277	0.2348	-0.7298	0.5954	-0.3361	498	500	313	3	7	0.0046	0.1071	0	0.01	1
0.0426	0.088	0.2215	1.5458	0.2027	0.2044	0.6892	0.6951	499	0	313	3	8	0.0084	0.125	0	0.01	1
0.0326	0.3625	0.5085	0.9633	0.4332	-0.6868	0.456	-0.5659	212	502	315	3	1	0.0106	0.3	1	0.0336	1
0.0264	0.1317	0.2659	1.1249	0.2232	0.6307	0.7279	0.2689	501	503	315	3	2	0.0092	0.2	0	0.0336	1
0.01	0.0684	0.3398	1.2175	0.2726	0.8226	0.0891	0.5615	502	0	315	3	3	0.01	0.05	0	0.01	1
0.0274	0.4016	0.589	0.7012	0.432	0.2686	-0.3462	0.8989	210	505	318	3	1	0.0026	0.3333	1	0.0278	1
0.027	0.0536	0.6969	0.5621	0.7931	0.5365	0.1285	0.834	504	506	318	3	2	0.0026	0.3333	0	0.0278	1
0.0253	0.1241	0.7316	0.5795	0.8426	0.2762	-0.5267	0.8039	505	0	318	3	3	0.0072	0.2708	0	0.0253	1
0.0167	0.302	0.4217	1.2516	0.7146	-0.3721	0.9221	-0.1058	215	508	324	3	1	0.004	0.125	0	0.0206	1
0.0127	0.0351	0.328	1.5196	0.7007	-0.0889	0.8177	0.5688	507	509	324	3	2	0.01	0.05	0	0.01	1
0.01	0.4037	0.3249	1.5483	0.7207	-0.3741	0.9166	-0.1412	508	0	324	3	3	0.01	0.05	0	0.01	1
0.0336	0.0337	0.5168	1.3213	1.0105	0.2013	0.656	-0.7274	215	511	330	3	1	0.0099	0.3125	0	0.0348	1
0.0295	0.1255	0.4874	1.3282	1.0074	-0.4218	0.904	-0.0691	510	512	330	3	2	0.004	0.2	0	0.0285	1
0.044	0.2047	0.4446	1.4632	1.0105	-0.3413	0.57	-0.7475	511	513	330	3	3	0.0093	0.0714	0	0.0568	1
0.0243	0.0387	0.3482	1.5827	0.8826	-0.6304	0.3292	-0.7031	512	0	330	3	4	0.0052	0.125	0	0.0243	1
0.0375	0.2116	0.5455	1.1726	0.9415	0.205	-0.0762	0.9758	214	515	785	3	1	0.0056	0.375	0	0.0375	1
0.0345	0.1387	0.6001	1.1369	1.1531	0.1353	0.3225	0.9368	514	516	785	3	2	0.0038	0.25	0	0.0345	1
0.0343	0.1905	0.6182	1.1806	1.2831	-0.1717	0.1469	0.9741	515	517	785	3	3	0.0046	0.125	0	0.0348	1
0.02	0.223	0.6426	1.1836	1.489	-0.2111	0.2797	0.9366	516	518	785	3	4	0.0624	0.0571	0	0.01	1
0.01	0.1522	0.5981	1.2558	1.7113	-0.5342	0.7256	-0.4337	517	0	785	3	5	0.01	0.05	0	0.01	1
0.0297	0.232	0.8584	0.3565	0.2343	-0.2983	0.951	-0.0813	222	0	333	3	1	0.0085	0.2969	0	0.0297	0
0.048	0.1374	0.8372	0.2677	0.2313	0.4744	-0.799	0.3695	222	521	337	3	1	0.0134	0.1964	1	0.0658	0
0.048	0.1028	0.9014	0.1664	0.2884	0.089	-0.5936	0.7998	520	522	337	3	2	0.0193	0.1458	0	0.0658	0
0.0194	0.0522	0.997	0.112	0.361	0.0313	-0.9335	-0.3573	521	523	337	3	3	0.0058	0.175	0	0.01	0
0.01	0.0634	1.0002	0.0672	0.3409	0.552	0.0697	0.8309	522	0	337	3	4	0.01	0.05	0	0.01	0
0.0526	0.1692	1.1478	0.356	0.6987	0.0692	0.6757	0.7339	226	525	348	3	1	0.0165	0.3846	1	0.0594	0
0.0523	0.2541	1.1546	0.4773	0.8251	0.1974	-0.1697	0.9655	524	526	348	3	2	0.0168	0.2851	0	0.0594	0
0.051	0.173	1.1922	0.5044	1.0828	0.0633	-0.1615	0.9848	525	527	348	3	3	0.011	0.1111	0	0.0587	0
0.0421	0.2023	1.1779	0.4628	1.2548	-0.1114	0.321	0.9405	526	528	348	3	4	0.0264	0.0857	0	0.0421	0
0.0385	0.5736	1.1849	0.4555	1.4439	0.0856	0.0188	0.9962	527	529	348	3	5	0.0181	0.011	0	0.1238	0
0.0172	0.2936	1.3345	0.3099	1.9162	0.3001	-0.3653	0.8812	528	530	348	3	6	0.0161	0.04	0	0.01	0
0.01	0.3807	1.3874	0.5348	2.1001	0.3247	0.2404	0.9147	529	531	348	3	7	0.01	0.05	0	0.01	0
0.0036	0.0366	1.2494	0.5141	2.0901	-0.8101	0.0172	0.586	530	0	348	3	8	0.0077	0.1	0	0.01	0
0.0108	0.5617	1.6514	-0.0104	1.0122	-0.6311	0.7451	0.2158	230	533	353	3	1	0.0028	0.1778	0	0.0424	0
0.0102	0.0826	1.3263	0.3928	1.1117	0.6667	0.3333	0.6667	532	534	353	3	2	0.01	0.05	0	0.01	0
0.01	0.068	1.3814	0.4203	1.1667	-0.6861	0.6792	0.2607	533	0	353	3	3	0.01	0.05	0	0.01	0
0.0053	0.149	1.7971	0.0566	0.9324	-0.8263	-0.4274	0.367	233	536	359	3	1	0.058	0.1111	0	0.1092	0
0.005	0.269	1.6637	-0.0013	1.0051	-0.2833	-0.9484	0.1421	535	537	359	3	2	0.0187	0.075	0	0.0688	0
0.0054	0.0488	1.5814	-0.2524	1.0966	0.2618	-0.9598	0.1018	536	0	359	3	3	0.01	0.05	0	0.01	0
0.0474	0.3645	1.568	0.0825	0.9706	0.8612	0.3713	0.347	231	539	786	3	1	0.011	0.3217	0	0.052	0
0.0373	0.1548	1.8808	0.2342	1.0874	0.8384	0.3191	0.442	538	540	786	3	2	0.0063	0.5	0	0.0373	0
0.036	0.1893	2.0222	0.259	1.1735	0.8734	0.4779	0.0935	539	541	786	3	3	0.0071	0.4821	0	0.036	0
0.0377	0.2319	2.1978	0.3376	1.1866	0.6604	0.2999	0.6884	540	542	786	3	4	0.0172	0.25	0	0.0377	0
0.0313	0.0087	2.3577	0.4111	1.3338	0.8526	0.1275	0.5068	541	543	786	3	5	0.0175	0.4167	0	0.0313	0
0.0313	0.0874	2.3917	0.4086	1.2962	0.8177	0.2972	0.493	542	0	786	3	6	0.0093	0.1	0	0.01	0
0.01	0.3562	1.5693	0.1962	0.8556	0.9738	-0.1437	-0.1764	230	545	573	3	1	0.01	0.05	1	0.01	0
0.01	0.1262	1.9162	0.145	0.7928	0.9842	-0.0492	0.17	544	546	573	3	2	0.01	0.05	0	0.01	0
0.01	0.1184	2.0404	0.1388	0.8142	0.8541	0.4817	0.196	545	0	573	3	3	0.01	0.05	0	0.01	0
0.0215	0.2311	2.0136	-0.091	0.9967	-0.218	-0.7096	0.67	234	548	697	3	1	0.0095	0.0583	0	0.0282	0
0.0158	0.2087	1.9823	-0.2872	1.2282	-0.629	0.6482	0.4292	547	549	697	3	2	0.017	0.0615	0	0.01	0
0.0129	0.0563	1.8579	-0.1453	1.3149	-0.5434	0.2145	-0.8116	548	550	697	3	3	0.01	0.05	0	0.01	0
0.01	0.0551	1.8274	-0.1332	1.2692	-0.6027	0.6213	-0.5007	549	0	697	3	4	0.01	0.05	0	0.01	0
0.0105	0.1828	2.0902	-0.1532	1.0173	0.1166	0.4516	0.8846	235	552	699	3	1	0.0213	0.16	0	0.0343	0
0.0102	0.0955	2.1085	-0.0886	1.1888	0.2921	0.4218	0.8584	551	0	699	3	2	0.0117	0.0857	0	0.0359	0
0.0289	0.1212	2.2429	-0.2675	0.9048	-0.4603	-0.3507	-0.8155	237	554	715	3	1	0.0079	0.2188	1	0.0252	1
0.0274	0.2307	2.1871	-0.3101	0.8059	0.3373	0.0789	0.9381	553	555	715	3	2	0.0079	0.2188	0	0.0252	1
0.0372	0.1298	2.2978	-0.2714	1.0342	0.1495	-0.6662	0.7306	554	556	715	3	3	0.005	0.3778	0	0.0415	1
0.0228	0.0883	2.3308	-0.3291	1.1044	0.9201	-0.3881	0.0537	555	557	715	3	4	0.0028	0.2917	0	0.0228	1
0.0265	0.1156	2.4119	-0.351	1.1255	0.7671	-0.5082	0.3915	556	558	715	3	5	0.0035	0.3125	0	0.029	1
0.0213	0.0822	2.4883	-0.3952	1.1765	0.4438	0.0231	0.8958	557	559	715	3	6	0.0086	0.3194	0	0.0257	1
0.0094	0.1086	2.5208	-0.4047	1.2523	0.4245	0.0203	0.9052	558	0	715	3	7	0.01	0.05	0	0.01	1
0.0113	0.4684	2.387	-0.2065	1.0961	-0.8132	0.1584	-0.56	238	561	727	3	1	0.0034	0.2	0	0.0474	1
0.0189	0.0551	2.0371	-0.1216	0.8144	0.4217	0.3156	0.8501	560	562	727	3	2	0.0031	0.3333	0	0.0409	1
0.01	0.0424	2.0532	-0.0904	0.858	-0.5584	-0.0946	0.8241	561	0	727	3	3	0.01	0.05	0	0.01	1
0.0104	0.3273	2.2352	-0.1019	0.9045	0.8481	0.4911	-0.1991	239	564	732	3	1	0.0045	0.2037	0	0.0423	1
0.014	0.163	2.5199	0.0375	0.8474	0.7323	0.4431	0.5171	563	565	732	3	2	0.0122	0.2115	0	0.0186	1
0.01	0.066	2.6357	0.1071	0.9353	0.5492	0.3043	0.7783	564	0	732	3	3	0.01	0.05	0	0.01	1
0.0241	0.1327	2.1852	-0.2333	0.9483	0.439	0.1705	-0.8822	236	567	733	3	1	0.015	0.1429	1	0.01	0
0.0236	0.1163	2.2282	-0.2121	0.824	0.3803	-0.6257	-0.6811	566	568	733	3	2	0.0084	0.1286	0	0.01	0
0.0226	0.0878	2.2788	-0.2661	0.7183	0.7576	-0.6047	-0.2457	567	569	733	3	3	0.0041	0.1	0	0.01	0
0.0286	0.1853	2.3276	-0.2921	0.7087	0.852	0.5152	0.0934	568	570	733	3	4	0.0087	0.11	0	0.0355	0
0.0246	0.1566	2.4844	-0.1961	0.7157	0.9914	0.0881	-0.0973	569	571	733	3	5	0.0022	0.175	0	0.0259	0
0.0246	0.1112	2.6315	-0.2101	0.6945	0.9602	-0.268	-0.0792	570	572	733	3	6	0.009	0.2	0	0.0304	0
0.0208	0.0945	2.7387	-0.2338	0.6794	0.9324	-0.287	-0.2197	571	573	733	3	7	0.0031	0.3125	0	0.025	0
0.0109	0.0625	2.8039	-0.2308	0.6876	0.8621	0.2148	0.459	572	574	733	3	8	0.01	0.05	0	0.01	0
0.0188	0.0657	2.7937	-0.2235	0.6733	0.2136	-0.9601	-0.1806	573	575	733	3	9	0.0111	0.3	0	0.0279	0
0.0097	0.043	2.8088	-0.2745	0.6557	-0.9915	0.118	0.0551	574	0	733	3	10	0.01	0.05	0	0.01	0
0.0392	0.1274	2.6048	-0.3618	1.2726	-0.729	0.2277	0.6456	241	577	745	3	1	0.0081	0.1319	1	0.0559	1
0.036	0.0997	2.5199	-0.3348	1.3432	-0.8151	-0.2743	-0.5103	576	578	745	3	2	0.0096	0.1563	0	0.0559	1
0.0215	0.0671	2.4538	-0.3459	1.2658	-0.6025	-0.4774	-0.6396	577	579	745	3	3	0.0065	0.2	0	0.01	1
0.0147	0.1333	2.4544	-0.3399	1.2555	0.1383	-0.7263	0.6733	578	580	745	3	4	0.01	0.05	0	0.01	1
0.0074	0.0708	2.4729	-0.4367	1.3452	-0.249	-0.2146	0.9444	579	0	745	3	5	0.01	0.05	0	0.01	1
0.0077	0.045	0.7719	1.0247	0.0994	0.9684	0.2462	0.0403	258	582	702	3	1	0.0062	0.2222	1	0.0409	1
0.0076	0.1135	0.8275	1.0262	0.1201	-0.8509	-0.0299	0.5244	581	583	702	3	2	0.0234	0.15	0	0.0409	1
0.0071	0.1641	0.7442	1.0301	0.1922	-0.287	0.9291	-0.2333	582	584	702	3	3	0.017	0.125	0	0.0249	1
0.0056	0.0374	0.7082	1.1811	0.1548	0.1519	0.9015	-0.4052	583	585	702	3	4	0.01	0.05	0	0.01	1
0.0039	0.1325	0.7121	1.2166	0.1497	-0.4516	0.8617	-0.2315	584	0	702	3	5	0.0107	0.0857	0	0.01	1
0.0059	0.1971	0.7448	1.0013	0.0949	-0.978	-0.1483	-0.1465	256	587	717	3	1	0.014	0.11	0	0.0273	1
0.0062	0.0246	0.5559	0.9918	0.0607	-0.9822	0.1756	-0.0659	586	0	717	3	2	0.01	0.05	0	0.01	1
0.0107	0.152	0.4967	-0.0244	0.5782	0.1924	-0.7377	-0.6471	263	0	791	3	1	0.0254	0.1222	0	0.0349	1
0.0396	0.3462	0.8265	0.0276	0.207	0.2341	-0.9714	0.0388	274	590	370	3	1	0.0073	0.4444	0	0.0396	1
0.0372	0.269	0.9382	-0.2899	0.2247	0.3447	-0.7025	0.6226	589	591	370	3	2	0.0058	0.5139	0	0.0372	1
0.0395	0.0869	1.0382	-0.4743	0.3893	0.597	-0.6042	0.5277	590	592	370	3	3	0.0048	0.5556	0	0.0395	1
0.0415	0.0819	1.0825	-0.556	0.4317	0.8567	-0.2723	0.4381	591	593	370	3	4	0.0056	0.5185	0	0.0418	1
0.0321	0.1513	1.1385	-0.5921	0.464	0.6585	-0.7266	0.1962	592	594	370	3	5	0.0062	0.45	0	0.0321	1
0.0392	0.0599	1.259	-0.6852	0.4791	0.5991	-0.7979	-0.0664	593	595	370	3	6	0.0062	0.2778	0	0.0392	1
0.0403	0.1361	1.2973	-0.734	0.457	0.6498	-0.7491	0.129	594	596	370	3	7	0.0051	0.3556	0	0.0412	1
0.0392	0.089	1.3974	-0.8241	0.4771	0.7141	-0.6999	-0.0153	595	597	370	3	8	0.0036	0.2963	0	0.0395	1
0.0391	0.1097	1.4661	-0.8721	0.4694	0.8865	-0.415	-0.2046	596	598	370	3	9	0.0032	0.25	0	0.0404	1
0.0321	0.0684	1.538	-0.954	0.4293	0.8467	-0.4807	-0.2282	597	599	370	3	10	0.0106	0.2955	0	0.0248	1
0.0382	0.2351	1.6175	-0.9558	0.4483	0.7842	-0.617	0.0657	598	600	370	3	11	0.0055	0.0641	0	0.0436	1
0.0321	0.1094	1.8102	-1.0794	0.4583	0.9211	-0.379	-0.089	599	601	370	3	12	0.0087	0.197	0	0.0255	1
0.0321	0.1651	1.9132	-1.0932	0.4265	0.9451	-0.248	-0.2128	600	602	370	3	13	0.0098	0.049	0	0.0251	1
0.0321	0.0851	1.948	-1.1577	0.345	0.3886	-0.2584	-0.8844	601	603	370	3	14	0.011	0.1273	0	0.01	1
0.0321	0.0451	2.0387	-1.151	0.3857	0.8926	-0.2328	-0.3861	602	0	370	3	15	0.0099	0.0707	0	0.01	1
0.0355	0.0837	0.8624	-0.0423	0.3557	0.8296	0.1727	0.531	274	605	373	3	1	0.01	0.3333	1	0.0365	1
0.029	0.1712	0.9268	-0.0296	0.3993	-0.1023	-0.2011	0.9742	604	606	373	3	2	0.0112	0.2333	0	0.0365	1
0.01	0.1089	0.913	-0.0677	0.5608	0.3444	-0.6374	0.6893	605	0	373	3	3	0.01	0.05	0	0.01	1
0.034	0.351	0.8336	-0.4465	0.6298	-0.0598	-0.9951	0.0783	275	608	376	3	1	0.0103	0.3438	1	0.034	1
0.034	0.1145	0.8126	-0.7957	0.6573	-0.1586	-0.7422	0.6511	607	609	376	3	2	0.0103	0.3438	0	0.034	1
0.0325	0.1169	0.7992	-0.879	0.7362	0.2159	-0.9668	0.1369	608	610	376	3	3	0.0046	0.2188	0	0.0367	1
0.026	0.0658	0.8474	-0.9972	0.7372	0.5607	0.0962	0.8224	609	611	376	3	4	0.004	0.2083	0	0.026	1
0.0209	0.1462	0.8941	-1.0083	0.7615	0.0416	-0.8568	0.5139	610	612	376	3	5	0.0024	0.2	0	0.024	1
0.01	0.0292	0.8965	-1.1332	0.8385	-0.1076	-0.9942	0.0063	611	613	376	3	6	0.01	0.05	0	0.01	1
0.0065	0.045	0.8934	-1.1622	0.8387	-0.3757	-0.8881	0.2647	612	0	376	3	7	0.01	0.05	0	0.01	1
0.0354	0.2043	0.8681	-0.7229	0.8577	0.179	-0.9781	0.1061	277	615	377	3	1	0.0101	0.4063	0	0.0341	1
0.0391	0.0785	0.8894	-0.9293	0.8769	0.257	-0.8001	0.5421	614	616	377	3	2	0.0045	0.4074	0	0.0412	1
0.0359	0.0953	0.927	-1.0356	0.8748	0.2645	-0.6367	0.7244	615	617	377	3	3	0.0026	0.2813	0	0.0371	1
0.0341	0.1017	0.9922	-1.0787	0.9303	0.397	-0.2182	0.8915	616	0	377	3	4	0.0041	0.1039	0	0.01	1
0.0095	0.1627	0.3712	0.2679	0.5462	0.2956	-0.8881	0.3519	284	619	583	3	1	0.0118	0.1	0	0.0223	1
0.0095	0.102	0.4583	0.1023	0.5897	-0.005	-0.551	0.8345	618	620	583	3	2	0.0223	0.24	0	0.0439	1
0.0095	0.0083	0.4758	0.0392	0.6684	0.2473	-0.2336	0.9404	619	621	583	3	3	0.01	0.05	0	0.01	1
0.0095	0.0798	0.4779	0.0373	0.6762	0.0615	-0.1077	0.9923	620	0	583	3	4	0.01	0.05	0	0.01	1
0.0143	0.0297	0.1296	-0.375	0.5933	0.9872	-0.0614	0.147	290	623	664	3	1	0.0039	0.1	0	0.0277	1
0.0124	0.0974	0.1812	-0.3893	0.6099	0.6168	0.5184	-0.5922	622	624	664	3	2	0.0122	0.275	0	0.0259	1
0.01	0.09	0.2322	-0.3318	0.5457	0.7038	0.3118	-0.6383	623	0	664	3	3	0.01	0.05	0	0.01	1
0.0224	0.0722	0.0305	-0.1191	0.4935	0.0787	-0.7724	0.6302	295	626	380	3	1	0.0041	0.4375	1	0.0212	1
0.022	0.119	0.0362	-0.1749	0.539	-0.235	-0.9508	-0.2018	625	627	380	3	2	0.0041	0.4375	0	0.0212	1
0.0212	0.0683	0.0016	-0.2785	0.5138	-0.7544	-0.4715	0.4567	626	628	380	3	3	0.0095	0.18	0	0.01	1
0.042	0.1155	-0.0183	-0.3017	0.5464	0.1467	-0.6323	0.7607	627	0	380	3	4	0.0067	0.0893	0	0.0569	1
0.0432	0.3626	-0.1503	-0.1394	0.6024	0.9749	-0.021	0.2217	298	630	381	3	1	0.0131	0.3	0	0.0433	1
0.0244	0.2171	0.155	-0.1718	0.6866	0.0642	0.0295	0.9975	629	631	381	3	2	0.0025	0.2321	0	0.0248	1
0.0166	0.0093	0.1656	-0.166	0.9029	-0.1246	0.306	0.9438	630	632	381	3	3	0.0078	0.16	0	0.01	1
0.01	0.0502	0.1635	-0.1589	0.9093	-0.9602	-0.0657	0.2713	631	0	381	3	4	0.01	0.05	0	0.01	1
0.01	0.2243	-0.1554	-0.132	0.693	-0.1202	0.0217	0.9925	298	634	382	3	1	0.01	0.05	1	0.01	1
0.01	0.1135	-0.1824	-0.1271	0.9156	-0.9671	0.1581	0.1991	633	0	382	3	2	0.01	0.05	0	0.01	1
0.0245	0.2767	-0.2782	-0.1328	0.6934	0.8485	-0.0896	0.5215	299	636	384	3	1	0.0085	0.4167	1	0.0245	1
0.0245	0.0666	-0.0433	-0.1576	0.8377	0.9215	-0.3509	-0.1662	635	637	384	3	2	0.0085	0.4167	0	0.0245	1
0.0245	0.098	0.0113	-0.1896	0.8432	0.6536	0.5294	0.5409	636	0	384	3	3	0.0055	0.375	0	0.0218	1
0.0159	0.0867	-0.3503	-0.1647	0.7815	0.5863	-0.5042	0.634	301	639	386	3	1	0.0042	0.3333	1	0.0159	1
0.0159	0.0726	-0.2995	-0.2084	0.8364	0.8056	0.0818	0.5867	638	0	386	3	2	0.0042	0.3333	0	0.0159	1
0.0482	0.3808	-0.1719	-0.068	0.5826	0.1366	-0.8294	0.5416	297	641	795	3	1	0.0508	0.2138	1	0.0614	1
0.0479	0.1194	-0.0998	-0.4	0.7532	0.1079	-0.8804	0.4618	640	642	795	3	2	0.0213	0.0529	0	0.0614	1
0.0461	0.1127	-0.0624	-0.5333	0.8066	-0.7464	-0.6561	0.1116	641	643	795	3	3	0.0072	0.6	0	0.0461	1
0.0465	0.228	-0.125	-0.6422	0.838	-0.8111	-0.5694	-0.1338	642	644	795	3	4	0.0216	0.3846	0	0.0563	1
0.0439	0.1774	-0.3531	-0.7205	0.8012	-0.7572	-0.6467	-0.0922	643	645	795	3	5	0.0144	0.2679	0	0.0506	1
0.038	0.0934	-0.4748	-0.8491	0.8114	-0.8725	-0.456	0.1753	644	646	795	3	6	0.0046	0.4583	0	0.038	1
0.038	0.0536	-0.5578	-0.8867	0.8314	-0.8894	-0.402	0.2177	645	647	795	3	7	0.005	0.3333	0	0.0368	1
0.038	0.0766	-0.5717	-0.926	0.8214	0.3702	-0.3492	0.8608	646	0	795	3	8	0.0093	0.2292	0	0.0243	1
0.0252	0.2071	-1.094	-0.1764	0.8868	-0.0438	-0.1396	0.9892	304	649	591	3	1	0.0024	0.4583	1	0.0252	1
0.0252	0.0791	-1.1031	-0.2053	1.0917	-0.0674	-0.3912	0.9178	648	650	591	3	2	0.0024	0.4583	0	0.0252	1
0.0267	0.0857	-1.1181	-0.2448	1.1625	0.0367	-0.2524	0.9669	649	651	591	3	3	0.0021	0.375	0	0.0267	1
0.0255	0.0777	-1.1102	-0.2474	1.2564	0.1231	-0.522	0.844	650	652	591	3	4	0.0129	0.2857	0	0.0255	1
0.0252	0.2603	-1.0916	-0.2989	1.3341	-0.8052	-0.009	0.5929	651	653	591	3	5	0.0051	0.0467	0	0.01	1
0.0252	0.0447	-1.3186	-0.2948	1.4891	0.3473	0.9136	0.2114	652	0	591	3	6	0.0141	0.175	0	0.01	1
0.0332	0.0698	-1.2962	-0.2023	0.8595	-0.9184	-0.3735	-0.1304	305	655	593	3	1	0.0063	0.375	1	0.0332	1
0.0332	0.1727	-1.3604	-0.2283	0.8504	-0.8722	-0.1854	0.4526	654	656	593	3	2	0.0063	0.375	0	0.0332	1
0.0322	0.1179	-1.5108	-0.2692	0.9301	-0.559	0.1268	0.8194	655	657	593	3	3	0.0057	0.325	0	0.0355	1
0.0162	0.0702	-1.5892	-0.2692	1.0053	-0.8121	-0.1327	0.5683	656	658	593	3	4	0.01	0.05	0	0.01	1
0.014	0.0781	-1.6455	-0.2727	1.0462	-0.0744	-0.1641	0.9836	657	0	593	3	5	0.0081	0.0857	0	0.0201	1
0.0327	0.2383	-0.4618	1.0236	0.1857	-0.8724	-0.0354	0.4876	317	0	403	3	1	0.0104	0.2708	0	0.0327	1
0.0063	0.1343	-0.428	1.0882	0.3035	-0.3578	-0.426	0.831	317	661	407	3	1	0.0343	0.1231	1	0.0359	1
0.0063	0.1823	-0.4677	1.0413	0.4046	-0.7547	0.6548	0.0417	660	0	407	3	2	0.0466	0.16	0	0.0359	1
0.022	0.2188	-0.4222	1.0536	0.2867	-0.2011	-0.6167	0.7611	317	663	408	3	1	0.0077	0.2679	1	0.022	1
0.022	0.1952	-0.4662	0.9187	0.4532	-0.9185	-0.3908	0.0598	662	0	408	3	2	0.0077	0.2679	0	0.022	1
0.0177	0.2686	-0.4348	1.4019	0.447	-0.0836	0.7197	-0.6893	318	665	411	3	1	0.0039	0.25	1	0.0186	1
0.0162	0.1545	-0.4573	1.5952	0.2619	0.171	0.9853	0.0045	664	666	411	3	2	0.0039	0.25	0	0.0186	1
0.0122	0.0443	-0.4564	1.7439	0.2666	-0.1344	0.9909	0.0077	665	667	411	3	3	0.01	0.05	0	0.01	1
0.01	0.0855	-0.4624	1.7878	0.267	0.036	0.9083	0.4167	666	0	411	3	4	0.01	0.05	0	0.01	1
0.0301	0.1035	-0.368	1.5841	0.6399	0.9263	-0.3283	0.1847	319	669	412	3	1	0.0046	0.225	1	0.0313	1
0.0257	0.1395	-0.2675	1.555	0.6646	-0.3198	0.8303	-0.4564	668	670	412	3	2	0.0095	0.1714	0	0.0313	1
0.0215	0.1299	-0.3185	1.6908	0.6215	-0.2477	0.6545	-0.7143	669	671	412	3	3	0.0115	0.25	0	0.0304	1
0.01	0.0829	-0.3347	1.8081	0.539	0.8912	-0.4522	0.036	670	0	412	3	4	0.01	0.05	0	0.01	1
0.0303	0.22	-0.4438	1.7061	0.9018	-0.1203	-0.9645	-0.2352	322	673	414	3	1	0.0088	0.225	1	0.0303	1
0.0278	0.1461	-0.4703	1.4938	0.85	-0.9918	0.058	-0.1143	672	674	414	3	2	0.0088	0.225	0	0.0303	1
0.0154	0.1012	-0.5953	1.5231	0.828	-0.7154	0.5912	-0.3725	673	675	414	3	3	0.0028	0.0833	0	0.01	1
0.0193	0.0888	-0.617	1.5144	0.8472	-0.7196	-0.6733	-0.17	674	676	414	3	4	0.0081	0.15	0	0.0275	1
0.0072	0.0214	-0.6821	1.466	0.8522	-0.9712	0.176	-0.1603	675	0	414	3	5	0.01	0.05	0	0.01	1
0.0494	0.229	-0.4123	1.6043	0.5536	-0.0221	0.9388	-0.3438	319	678	415	3	1	0.0094	0.4242	1	0.0494	1
0.0494	0.0861	-0.4173	1.8193	0.4748	-0.0381	0.6001	0.799	677	679	415	3	2	0.0094	0.4242	0	0.0494	1
0.0494	0.1083	-0.4073	1.875	0.5288	-0.2007	0.976	0.0851	678	0	415	3	3	0.0075	0.0833	0	0.01	1
0.0317	0.1113	-0.4504	1.7773	0.886	-0.2547	0.9645	-0.0692	322	681	417	3	1	0.0097	0.2167	1	0.0491	1
0.0305	0.1452	-0.4642	1.8852	0.8764	-0.0502	0.9929	-0.1075	680	682	417	3	2	0.0071	0.1375	0	0.0491	1
0.0273	0.1451	-0.4577	1.9988	0.8491	0.0291	0.3705	-0.9284	681	683	417	3	3	0.0054	0.1571	0	0.0869	1
0.0208	0.1529	-0.4334	2.0026	0.7019	-0.172	0.1726	-0.9699	682	684	417	3	4	0.0173	0.2083	0	0.0218	1
0.01	0.0832	-0.4544	1.9984	0.5781	-0.1321	-0.6317	-0.7639	683	685	417	3	5	0.01	0.05	0	0.01	1
0.0068	0.024	-0.4589	2.039	0.5494	-0.1527	0.3558	-0.922	684	0	417	3	6	0.01	0.05	0	0.01	1
0.0295	0.2732	-0.4672	1.812	1.5983	-0.0548	0.6234	-0.7799	328	687	419	3	1	0.0063	0.4167	0	0.0295	1
0.0295	0.0588	-0.4971	1.9613	1.3738	-0.0731	0.5175	-0.8525	686	0	419	3	2	0.0106	0.225	0	0.0451	1
0.036	0.0332	-0.476	1.6992	1.4337	-0.6846	-0.5199	0.5109	325	689	797	3	1	0.0039	0.4688	1	0.036	1
0.036	0.0921	-0.4987	1.682	1.4506	0.1512	-0.2649	0.9524	688	690	797	3	2	0.0039	0.4688	0	0.036	1
0.036	0.0727	-0.4884	1.6455	1.5565	0.5464	0.6412	0.5388	689	0	797	3	3	0.0086	0.0833	0	0.0445	1
0.0269	0.0879	-0.8127	1.0978	-0.2322	-0.4449	0.8853	0.1354	335	692	420	3	1	0.0053	0.375	0	0.0239	1
0.0341	0.1685	-0.8423	1.206	-0.2236	-0.8742	0.3138	0.3706	691	693	420	3	2	0.0032	0.1875	0	0.0341	1
0.0344	0.1451	-1.001	1.2651	-0.1812	-0.8375	-0.4178	0.3522	692	694	420	3	3	0.0037	0.175	0	0.035	1
0.0334	0.1143	-1.113	1.2336	-0.1262	-0.9202	0.2641	0.2889	693	695	420	3	4	0.0038	0.1875	0	0.0352	1
0.0337	0.1374	-1.2191	1.2588	-0.1096	-0.5674	0.7969	-0.2074	694	696	420	3	5	0.0096	0.1705	0	0.0394	1
0.0262	0.0085	-1.3018	1.353	-0.169	-0.6772	0.6958	-0.2393	695	697	420	3	6	0.0127	0.254	0	0.0262	1
0.0248	0.1076	-1.3454	1.3587	-0.1483	-0.4309	0.5511	-0.7146	696	698	420	3	7	0.0142	0.2222	0	0.0267	1
0.0158	0.0118	-1.374	1.4259	-0.2399	-0.6734	0.181	-0.7168	697	699	420	3	8	0.0186	0.125	0	0.01	1
0.0191	0.177	-1.3806	1.4104	-0.246	-0.8824	-0.0032	0.4704	698	700	420	3	9	0.0107	0.1375	0	0.3439	1
0.01	0.0264	-1.5276	1.4118	-0.1461	-0.8734	-0.0208	0.4866	699	701	420	3	10	0.01	0.05	0	0.01	1
0.0072	0.0909	-1.5506	1.4113	-0.1333	-0.71	-0.1885	0.6785	700	0	420	3	11	0.01	0.05	0	0.01	1
0.029	0.3459	-0.6355	0.7562	-0.0998	-0.9038	0.425	-0.05	333	703	799	3	1	0.0174	0.3333	0	0.0421	1
0.0288	0.1045	-0.9528	0.9016	-0.1052	-0.8678	-0.3197	-0.3804	702	704	799	3	2	0.0122	0.3667	0	0.0428	1
0.0287	0.0694	-1.0389	0.8821	-0.1484	-0.8805	0.1788	-0.4391	703	705	799	3	3	0.0144	0.425	0	0.0369	1
0.0243	0.095	-1.1037	0.8886	-0.1701	-0.8892	0.4517	-0.0722	704	706	799	3	4	0.004	0.5	0	0.0243	1
0.0283	0.1075	-1.1868	0.9234	-0.1547	-0.9141	0.3604	0.1858	705	707	799	3	5	0.0039	0.375	0	0.0313	1
0.0281	0.0904	-1.3121	0.9839	-0.1396	-0.4396	-0.6775	-0.5896	706	708	799	3	6	0.0041	0.375	0	0.032	1
0.0243	0.0767	-1.3556	0.9411	-0.1962	-0.7357	-0.2615	-0.6248	707	709	799	3	7	0.0033	0.3333	0	0.0233	1
0.0243	0.0376	-1.4166	0.9237	-0.263	-0.8672	0.4207	0.2662	708	710	799	3	8	0.0063	0.15	0	0.01	1
0.0243	0.2601	-1.4459	0.9313	-0.2682	-0.9833	-0.0725	-0.1668	709	711	799	3	9	0.0085	0.0714	0	0.0165	1
0.0243	0.0449	-1.699	0.9371	-0.2935	-0.9685	0.2069	-0.1387	710	0	799	3	10	0.004	0.12	0	0.01	1
0.0353	0.7852	-1.1637	0.6058	0.6505	0.938	0.2608	-0.2284	351	0	142	3	1	0.0105	0.3125	0	0.0353	1
0.0296	0.2963	-1.1739	0.6815	0.7474	0.9302	0.3318	-0.1568	351	714	146	3	1	0.0119	0.2188	1	0.0296	1
0.0296	0.2112	-0.8983	0.7798	0.701	-0.9952	0.0725	0.0661	713	0	146	3	2	0.0119	0.2188	0	0.0296	1
0.0231	0.2108	-1.2371	0.6604	0.6066	0.2391	0.9694	0.0565	351	716	148	3	1	0.0376	0.39	0	0.0615	1
0.0147	0.059	-1.1962	0.8775	0.6467	0.9545	0.0769	0.2882	715	717	148	3	2	0.01	0.05	0	0.01	1
0.01	0.0904	-1.1399	0.882	0.6637	0.6193	-0.2409	-0.7473	716	0	148	3	3	0.01	0.05	0	0.01	1
0.014	0.0535	-2.0262	0.7262	0.7589	-0.2323	0.9618	-0.1448	359	719	150	3	1	0.0166	0.15	1	0.0347	1
0.014	0.1537	-2.0819	0.7446	0.7892	0.0224	0.7422	0.6698	718	720	150	3	2	0.0152	0.22	0	0.0347	1
0.0176	0.0545	-2.0786	0.863	0.9004	-0.9304	0.319	-0.1803	719	0	150	3	3	0.0086	0.1167	0	0.0242	1
0.0383	0.3145	-1.4147	0.6724	0.8015	-0.6428	-0.1754	0.7457	354	722	801	3	1	0.0414	0.4915	0	0.1377	1
0.0383	0.2481	-1.603	0.5947	1.0068	-0.9342	-0.2647	-0.2394	721	723	801	3	2	0.023	0.3491	0	0.0557	1
0.0383	0.0474	-1.8388	0.5531	0.9839	-0.9039	-0.3962	0.1611	722	724	801	3	3	0.0048	0.4074	0	0.0383	1
0.0383	0.0696	-1.8809	0.531	0.9784	-0.9971	-0.0649	-0.0397	723	725	801	3	4	0.0045	0.2917	0	0.0349	1
0.0383	0.028	-1.9514	0.534	0.9792	-0.9862	-0.0685	-0.1507	724	0	801	3	5	0.0085	0.1538	0	0.01	1
0.01	0.1009	-1.8088	0.7664	0.8447	0.3079	0.8469	0.4335	356	727	459	3	1	0.01	0.05	1	0.01	1
0.01	0.0764	-1.7777	0.8519	0.8885	0.2984	0.8371	0.4586	726	0	459	3	2	0.01	0.05	0	0.01	1
0.0048	0.2497	-2.1379	1.029	0.9487	-0.483	-0.4677	-0.7402	378	729	607	3	1	0.0331	0.1308	1	0.0474	1
0.0048	0.1996	-2.2925	0.9144	0.7818	0.4697	0.1362	0.8722	728	730	607	3	2	0.0177	0.0545	0	0.0474	1
0.0052	0.0282	-2.1819	0.9452	0.9341	0.7908	0.0141	0.6119	729	0	607	3	3	0.01	0.05	0	0.01	1
0.0069	0.3495	-1.5661	1.3864	0.3646	0.2298	-0.8858	-0.4031	0	0	802	0	1	0.026	0.1167	0	0.0332	0
0.0292	0.0319	-1.6293	1.2135	0.2701	0.9955	0.074	-0.0596	386	733	611	3	1	0.0092	0.3438	1	0.0292	1
0.0292	0.0916	-1.5975	1.2159	0.2682	0.5686	-0.4428	-0.6932	732	734	611	3	2	0.0092	0.3438	0	0.0292	1
0.0285	0.3116	-1.544	1.1843	0.2004	0.9472	-0.2498	-0.2011	733	735	611	3	3	0.0045	0.0933	0	0.0845	1
0.0104	0.0244	-1.2505	1.128	0.1388	0.9351	0.0523	0.3504	734	736	611	3	4	0.01	0.05	0	0.01	1
0.0066	0.0567	-1.2276	1.1293	0.1474	0.734	0.0277	0.6786	735	0	611	3	5	0.01	0.05	0	0.01	1
0.0286	0.1669	-1.7795	1.382	0.2055	-0.711	0.6999	-0.0683	387	738	804	3	1	0.0135	0.4444	0	0.0353	1
0.0286	0.0718	-1.8981	1.4941	0.2031	-0.9843	0.1519	0.0897	737	0	804	3	2	0.0049	0.4167	0	0.0286	1
0.0307	0.0877	-0.1756	0.1989	-0.9069	-0.0995	0.9208	0.377	0	740	806	0	1	0.0067	0.4167	0	0.0307	0
0.0307	0.0849	-0.2046	0.1878	-0.8492	0.9253	-0.2744	-0.2616	739	0	806	0	2	0.006	0.0714	0	0.01	0
0.0025	0.1486	-0.4705	0.3465	-0.5971	-0.8042	-0.4276	0.4127	392	742	164	4	1	0.0099	0.1705	1	0.1043	0
0.0025	0.2261	-0.6562	0.327	-0.5042	0.0774	0.6554	-0.7513	741	0	164	4	2	0.0491	0.2583	0	0.1043	0
0.0282	0.0693	-0.6113	-0.1142	-0.3918	-0.4977	-0.5422	0.677	415	744	810	4	1	0.0074	0.2188	1	0.0282	0
0.0282	0.1047	-0.6458	-0.1517	-0.3449	-0.2583	-0.6442	-0.7199	743	745	810	4	2	0.0074	0.2188	0	0.0282	0
0.0221	0.1666	-0.6802	-0.2094	-0.4199	-0.7986	-0.6004	-0.0413	744	746	810	4	3	0.003	0.2708	0	0.0221	0
0.0198	0.1043	-0.8204	-0.3165	-0.4262	-0.6744	0.7002	0.2342	745	747	810	4	4	0.0036	0.125	0	0.0228	0
0.0135	0.1117	-0.8996	-0.2484	-0.3998	-0.342	0.8187	0.4612	746	0	810	4	5	0.0092	0.1125	0	0.0222	0
0.026	0.1347	0.1599	-0.559	-0.0302	-0.1792	-0.421	0.8892	438	749	185	4	1	0.0065	0.2083	1	0.0298	0
0.022	0.1594	0.1419	-0.6134	0.0909	-0.232	0.0432	0.9718	748	750	185	4	2	0.0085	0.0625	0	0.0298	0
0.0131	0.1289	0.0827	-0.5911	0.2737	-0.2047	-0.9158	0.3455	749	0	185	4	3	0.0164	0.1375	0	0.0458	0
0.0229	0.4529	-0.4255	-0.6239	-0.4552	-0.1074	0.8836	0.4558	437	752	186	4	1	0.01	0.05	0	0.01	0
0.0176	0.0639	-0.4869	-0.2015	-0.2477	-0.8614	-0.5	0.0894	751	0	186	4	2	0.0033	0.3333	0	0.0259	0
0.0478	0.1976	-0.5198	-0.6322	0.0847	0.2646	-0.6454	-0.7166	440	754	190	4	1	0.0148	0.3299	1	0.0567	0
0.0478	0.7088	-0.471	-0.7543	-0.0588	0.3742	0.5169	0.77	753	755	190	4	2	0.0229	0.3108	0	0.0567	0
0.0478	0.127	-0.2436	-0.39	0.4967	0.1292	-0.9452	0.2997	754	756	190	4	3	0.0186	0.1667	0	0.0644	0
0.01	0.0507	-0.1799	-0.4545	0.5682	0.6025	-0.7201	0.3441	755	0	190	4	4	0.01	0.05	0	0.01	0
0.0132	0.3747	-0.4841	-0.5954	0.145	0.9874	0.1252	0.0966	440	758	194	4	1	0.012	0.2	1	0.0461	0
0.0132	0.1907	-0.1119	-0.5442	0.1648	0.8391	0.486	0.2446	757	0	194	4	2	0.0282	0.19	0	0.0461	0
0.0739	0.3319	-0.2823	-0.65	-0.3451	-0.1141	-0.419	0.9008	437	760	195	4	1	0.0157	0.5208	1	0.0739	0
0.0739	0.4463	-0.3201	-0.789	-0.0461	0.3024	-0.3459	0.8882	759	761	195	4	2	0.0157	0.5208	0	0.0739	0
0.0739	0.1429	-0.1853	-0.9513	0.3408	-0.5805	-0.6221	0.5254	760	762	195	4	3	0.0196	0.1667	0	0.0666	0
0.0739	0.0965	-0.1617	-0.9744	0.4625	0.1044	-0.6818	0.724	761	763	195	4	4	0.0108	0.0917	0	0.024	0
0.0739	0.08	-0.1592	-1.0332	0.5366	0.2008	-0.3379	0.9195	762	0	195	4	5	0.0098	0.0179	0	0.01	0
0.0478	0.5769	-0.3443	-0.641	-0.3841	-0.9531	-0.2557	0.1618	437	765	201	4	1	0.0182	0.0517	1	0.0547	0
0.0478	0.1961	-0.89	-0.7851	-0.2868	-0.7748	0.4775	0.4144	764	766	201	4	2	0.0108	0.0625	0	0.0547	0
0.0177	0.0612	-1.0705	-0.6715	-0.2647	-0.8958	-0.295	0.3326	765	767	201	4	3	0.0031	0.12	0	0.01	0
0.01	0.0807	-1.1242	-0.6869	-0.233	-0.9898	-0.0845	0.1147	766	0	201	4	4	0.01	0.05	0	0.01	0
0.0335	0.3656	-0.5675	-0.6738	0.2403	-0.6133	-0.2697	-0.7424	440	769	209	4	1	0.0105	0.5625	1	0.0335	0
0.0335	0.1061	-0.7917	-0.7724	-0.0312	-0.7413	-0.0032	-0.6711	768	770	209	4	2	0.0105	0.5625	0	0.0335	0
0.0335	0.3536	-0.998	-0.8568	-0.0473	0.6016	-0.5126	0.6126	769	0	209	4	3	0.0065	0.0779	0	0.0238	0
0.0459	0.1216	-0.584	-0.596	0.1415	-0.9595	0.1937	-0.2046	440	772	211	4	1	0.0094	0.2545	1	0.0487	0
0.0443	0.1338	-0.7007	-0.5725	0.1166	-0.673	0.7339	-0.0924	771	773	211	4	2	0.0094	0.2545	0	0.0487	0
0.028	0.1345	-0.7849	-0.485	0.1604	0.73	0.6813	0.0542	772	774	211	4	3	0.0036	0.3125	0	0.0247	0
0.0268	0.1527	-0.6947	-0.4215	0.1773	-0.9651	0.2332	-0.1192	773	775	211	4	4	0.0031	0.175	0	0.0268	0
0.0145	0.034	-0.8403	-0.3965	0.1777	-0.9508	-0.3001	-0.0775	774	776	211	4	5	0.01	0.05	0	0.01	0
0.0084	0.0995	-0.8726	-0.4067	0.175	0.1644	-0.9388	-0.3028	775	0	211	4	6	0.01	0.05	0	0.01	0
0.0263	0.5432	-0.5664	-0.682	-0.1763	-0.6321	-0.3011	0.714	439	0	212	4	1	0.0038	0.375	0	0.0263	0
0.0296	0.3556	-0.5751	-0.6401	0.1666	-0.7674	-0.604	0.2152	440	779	213	4	1	0.0018	0.2813	1	0.0293	0
0.0294	0.0918	-0.8479	-0.8548	0.2431	-0.7225	-0.6641	0.1925	778	780	213	4	2	0.0018	0.2813	0	0.0293	0
0.0299	0.152	-0.9311	-0.8705	0.2362	-0.9374	-0.1907	0.2914	779	781	213	4	3	0.0218	0.1136	0	0.0334	0
0.0289	0.1571	-1.0602	-0.8841	0.2999	-0.8713	0.4014	0.2825	780	0	213	4	4	0.0045	0.2292	0	0.0289	0
0.0152	0.2071	-0.5612	-0.7217	0.3935	0.861	0.3664	0.3527	441	783	214	4	1	0.0158	0.2222	1	0.0555	0
0.0152	0.3324	-0.386	-0.639	0.4554	0.213	0.8591	0.4654	782	784	214	4	2	0.0387	0.2235	0	0.0555	0
0.01	0.0317	-0.3175	-0.3621	0.661	0.7773	0.6136	0.1391	783	0	214	4	3	0.01	0.05	0	0.01	0
0.025	0.1938	-0.6397	-0.7033	0.3866	-0.7357	0.5475	0.3987	441	786	217	4	1	0.0032	0.2083	1	0.0266	0
0.0216	0.1656	-0.7822	-0.5972	0.4639	-0.7477	-0.5491	-0.3734	785	787	217	4	2	0.0032	0.2083	0	0.0266	0
0.0172	0.1262	-0.9117	-0.6794	0.4094	-0.8906	-0.3999	-0.2167	786	788	217	4	3	0.0051	0.1429	0	0.0232	0
0.01	0.2289	-1.0247	-0.7297	0.3849	-0.9591	-0.2198	-0.1781	787	0	217	4	4	0.01	0.05	0	0.01	0
0.0144	0.4307	-0.6662	-1.0947	0.3178	0.7561	-0.2747	0.594	442	790	238	4	1	0.0033	0.275	0	0.0366	0
0.0161	0.1159	-0.35	-1.1797	0.5886	0.8247	-0.0192	0.5653	789	791	238	4	2	0.0027	0.2188	0	0.0219	0
0.01	0.0514	-0.2465	-1.188	0.6555	0.5126	0.7637	0.3923	790	0	238	4	3	0.01	0.05	0	0.01	0
0.0478	0.0885	-1.2044	-1.2466	0.936	-0.9038	-0.0712	0.4219	446	793	241	4	1	0.0658	0.125	0	0.0635	0
0.0302	0.2186	-1.2939	-1.2343	1.0204	-0.9829	-0.0766	-0.1676	792	794	241	4	2	0.006	0.375	0	0.0346	0
0.019	0.1171	-1.5072	-1.272	0.9894	-0.3788	0.2129	0.9007	793	795	241	4	3	0.0036	0.2813	0	0.0212	0
0.01	0.1166	-1.5402	-1.2391	1.1044	-0.6928	0.1474	0.7059	794	0	241	4	4	0.01	0.05	0	0.01	0
0.0478	0.5683	-0.738	-1.1613	0.3676	0.2886	-0.4005	0.8696	442	797	813	4	1	0.0082	0.5139	0	0.0571	0
0.0458	0.0785	-0.5541	-1.4094	0.9039	-0.5674	-0.8135	-0.1278	796	798	813	4	2	0.0079	0.475	0	0.0458	0
0.0475	0.2075	-0.5819	-1.4807	0.9206	-0.588	-0.7953	0.1477	797	799	813	4	3	0.0096	0.4038	0	0.0606	0
0.0472	0.241	-0.7221	-1.6088	0.9983	-0.4517	-0.7784	0.4359	798	800	813	4	4	0.0097	0.3846	0	0.0607	0
0.0458	0.1872	-0.8346	-1.7774	1.1316	-0.9924	-0.1124	-0.0507	799	801	813	4	5	0.0057	0.3958	0	0.0336	0
0.0458	0.0642	-1.0134	-1.8214	1.1215	-0.7485	-0.2421	0.6174	800	802	813	4	6	0.0041	0.25	0	0.0276	0
0.0458	0.0828	-1.0665	-1.8884	1.1638	0.4831	-0.0028	0.8756	801	803	813	4	7	0.0041	0.3125	0	0.038	0
0.0458	0.3721	-1.0987	-1.8826	1.1983	-0.4664	-0.2645	0.8441	802	0	813	4	8	0.0037	0.0254	0	0.109	0
0.0129	0.1579	-0.2089	-1.6769	-0.003	0.6288	0.7289	0.2708	461	805	814	4	1	0.0193	0.0667	0	0.0416	0
0.0124	0.0926	-0.0955	-1.5551	0.0282	0.6245	0.0295	0.7804	804	806	814	4	2	0.0173	0.275	0	0.0299	0
0.0072	0.1	-0.0196	-1.5479	0.0769	-0.278	-0.8818	-0.3811	805	0	814	4	3	0.0138	0.1833	0	0.0231	0
0.0192	0.0449	-0.7292	-2.617	0.0613	0.1035	-0.4246	-0.8994	475	808	627	4	1	0.0056	0.3125	0	0.0189	0
0.0193	0.1133	-0.7318	-2.6624	0.0282	-0.7018	-0.0034	-0.7123	807	0	627	4	2	0.0046	0.225	0	0.0202	0
0.0099	0.0522	0.5745	-2.2209	0.459	0.8772	0.448	-0.1726	478	810	616	4	1	0.0062	0.4375	1	0.0348	1
0.0099	0.0979	0.6147	-2.2163	0.4457	0.2814	-0.2931	0.9137	809	811	616	4	2	0.0178	0.16	0	0.0348	1
0.0099	0.0736	0.666	-2.2194	0.5191	0.1111	0.4507	0.8857	810	812	616	4	3	0.0153	0.25	0	0.0267	1
0.0099	0.0435	0.6911	-2.1859	0.5846	-0.0216	0.8839	0.4671	811	0	616	4	4	0.01	0.05	0	0.01	1
0.026	0.1877	0.3373	1.3542	0.3502	0.0925	-0.0149	0.9956	496	814	560	4	1	0.007	0.2708	0	0.0305	1
0.0182	0.0167	0.3539	1.3669	0.5301	0.0572	0.4093	0.9106	813	815	560	4	2	0.0036	0.06	0	0.01	1
0.0141	0.081	0.3669	1.3854	0.5433	0.6907	-0.7229	-0.0201	814	816	560	4	3	0.01	0.05	0	0.01	1
0.01	0.0804	0.4229	1.3268	0.5417	0.6327	0.3164	0.7068	815	0	560	4	4	0.01	0.05	0	0.01	1
0.0159	0.1287	0.4192	1.2411	0.7	-0.479	0.4303	-0.7651	507	818	821	4	1	0.0076	0.25	1	0.0451	1
0.0159	0.1135	0.3649	1.3037	0.6119	0.6484	-0.7578	0.0725	817	819	821	4	2	0.0241	0.1833	0	0.0451	1
0.0115	0.093	0.4406	1.25	0.6037	0.2128	-0.4539	-0.8653	818	820	821	4	3	0.01	0.05	0	0.01	1
0.01	0.0719	0.4604	1.2078	0.5232	0.0522	0.0894	-0.9946	819	0	821	4	4	0.01	0.05	0	0.01	1
0.0373	0.0418	0.3496	1.3857	0.699	-0.671	-0.7379	0.0726	507	822	648	4	1	0.0056	0.275	1	0.0234	1
0.0373	0.1386	0.3089	1.3529	0.7133	0.324	0.8028	0.5005	821	823	648	4	2	0.0018	0.0714	0	0.0234	1
0.0373	0.0718	0.3544	1.4874	0.7945	0.9705	0.0893	-0.2239	822	0	648	4	3	0.0059	0.4167	0	0.0373	1
0.018	0.1191	0.4276	1.315	0.7679	0.4901	0.6746	0.552	0	825	823	0	1	0.0152	0.1333	0	0.0337	0
0.0182	0.0243	0.4818	1.4096	0.8266	0.3789	0.4977	0.7802	824	0	823	0	2	0.005	0.25	0	0.0185	0
0.0356	0.119	0.571	1.1269	1.0467	0.0685	-0.9921	-0.1047	514	827	824	4	1	0.013	0.0385	1	0.1976	1
0.0356	0.3778	0.5653	1.1042	1.184	0.9388	0.3231	-0.1191	826	828	824	4	2	0.0363	0.0658	0	0.1976	1
0.0207	0.1727	0.9034	1.2105	1.1303	-0.4763	0.7527	-0.4545	827	829	824	4	3	0.0099	0.15	0	0.031	1
0.01	0.0648	0.8447	1.3409	1.0368	-0.1182	0.9803	-0.1585	828	0	824	4	4	0.01	0.05	0	0.01	1
0.011	0.1001	1.9129	0.243	1.1451	0.0657	-0.0569	0.9962	539	831	361	4	1	0.008	0.2813	1	0.0273	0
0.011	0.0904	1.9185	0.2295	1.2407	0.6401	-0.4299	0.6368	830	832	361	4	2	0.017	0.14	0	0.0273	0
0.0092	0.1055	1.9666	0.1625	1.3437	0.5765	-0.7443	-0.3371	831	0	361	4	3	0.0334	0.1	0	0.0523	0
0.0229	0.1074	2.3067	0.3745	1.3447	-0.4384	-0.5304	0.7256	541	834	363	4	1	0.0047	0.4167	1	0.0229	0
0.0229	0.0754	2.2596	0.3175	1.4227	-0.8556	0.3993	-0.3295	833	835	363	4	2	0.0047	0.4167	0	0.0229	0
0.0229	0.1295	2.1795	0.3161	1.4073	0.4723	0.0301	0.8809	834	836	363	4	3	0.0088	0.0778	0	0.01	0
0.0229	0.0508	2.2658	0.3212	1.5074	0.4705	-0.3293	0.8186	835	0	363	4	4	0.0077	0.125	0	0.01	0
0.0283	0.0809	2.2825	-0.2722	1.0811	-0.1557	0.1439	0.9773	555	838	736	4	1	0.0081	0.4167	0	0.0259	1
0.0353	0.0915	2.2499	-0.2637	1.1543	-0.2964	0.7101	0.6387	837	839	736	4	2	0.0042	0.4167	0	0.0369	1
0.0353	0.0814	2.2128	-0.1766	1.2675	-0.7143	0.5935	-0.3709	838	840	736	4	3	0.0051	0.375	0	0.0379	1
0.0259	0.1462	2.1388	-0.1119	1.2581	0.6321	-0.2984	0.7152	839	0	736	4	4	0.0062	0.2	0	0.01	1
0.0323	0.1192	-0.1962	0.1229	0.1484	0.2659	0.9635	-0.032	0	842	830	0	1	0.0069	0.4063	0	0.0323	0
0.0323	0.1002	-0.16	0.2444	0.1339	-0.8683	0.4919	-0.0638	841	0	830	0	2	0.0081	0.0909	0	0.01	0
0.0164	0.0533	1.162	-0.6342	0.4425	-0.1987	-0.2785	-0.9397	593	844	577	4	1	0.0088	0.375	1	0.0313	1
0.0164	0.1109	1.1519	-0.6411	0.4047	0.2651	0.8066	-0.5283	843	845	577	4	2	0.011	0.1167	0	0.0313	1
0.0169	0.0898	1.1729	-0.571	0.331	-0.4266	0.6629	-0.6153	844	0	577	4	3	0.0069	0.2083	0	0.0183	1
0.0181	0.1682	1.4132	-0.8416	0.4376	-0.2176	0.898	-0.3824	596	847	831	4	1	0.017	0.1889	0	0.0369	1
0.0153	0.0971	1.3835	-0.7034	0.3504	-0.6228	0.5851	-0.5194	846	848	831	4	2	0.002	0.2917	0	0.0176	1
0.01	0.0761	1.329	-0.646	0.2835	-0.6344	0.7467	-0.2001	847	0	831	4	3	0.01	0.05	0	0.01	1
0.0305	0.0338	1.5673	-0.977	0.3882	-0.278	-0.0396	-0.9598	598	850	659	4	1	0.0051	0.2222	1	0.0384	1
0.0304	0.1137	1.5495	-0.9742	0.354	-0.4691	-0.8508	0.2366	849	851	659	4	2	0.0067	0.1	0	0.0384	1
0.0294	0.2093	1.4807	-1.0167	0.3446	-0.3558	-0.5878	-0.7266	850	852	659	4	3	0.0138	0.1909	0	0.044	1
0.026	0.1262	1.4607	-1.1194	0.1973	0.3502	-0.8382	-0.4181	851	853	659	4	4	0.0038	0.25	0	0.0261	1
0.0258	0.0703	1.4953	-1.2554	0.1544	0.6609	-0.4139	-0.6259	852	854	659	4	5	0.0187	0.2	0	0.0469	1
0.0247	0.083	1.5535	-1.2813	0.1216	0.5923	-0.6822	-0.4288	853	855	659	4	6	0.0069	0.1833	0	0.0357	1
0.0244	0.083	1.5884	-1.3486	0.1033	0.3632	-0.8961	-0.2551	854	856	659	4	7	0.0087	0.2	0	0.034	1
0.0107	0.0658	1.6158	-1.4277	0.0945	-0.1653	-0.9118	-0.3758	855	857	659	4	8	0.01	0.05	0	0.01	1
0.0138	0.0893	1.6192	-1.4456	0.1009	0.8346	0.1146	-0.5388	856	0	659	4	9	0.0082	0.0857	0	0.023	1
0.0074	0.035	0.7866	-0.886	0.707	-0.5879	-0.8001	-0.119	609	859	832	4	1	0.0414	0.15	0	0.0583	1
0.008	0.1368	0.7619	-0.9104	0.7626	0.3174	-0.9451	0.0776	858	860	832	4	2	0.01	0.05	0	0.01	1
0.0076	0.0595	0.8054	-1.0397	0.7732	0.8025	-0.5718	-0.1706	859	0	832	4	3	0.01	0.05	0	0.01	1
0.009	0.0578	0.4558	0.0939	0.6192	-0.2442	0.8245	0.5104	619	862	663	4	1	0.0079	0.1806	1	0.0287	1
0.0086	0.2691	0.4264	0.137	0.6423	-0.4261	0.7709	0.4733	861	863	663	4	2	0.0134	0.1143	0	0.0287	1
0.0068	0.1072	0.3385	0.3541	0.7667	-0.2414	0.8306	0.5018	862	864	663	4	3	0.01	0.05	0	0.01	1
0.0055	0.0917	0.2855	0.3532	0.8247	-0.5392	0.2018	0.8176	863	865	663	4	4	0.01	0.05	0	0.01	1
0.0039	0.0734	0.3434	0.3385	0.8267	-0.5446	0.0743	-0.8354	864	0	663	4	5	0.0114	0.0833	0	0.01	1
0.0052	0.0469	0.2121	-0.3792	0.5908	0.7222	-0.6721	0.1631	623	867	705	4	1	0.006	0.3111	1	0.0399	1
0.0052	0.122	0.2271	-0.4115	0.609	-0.4322	-0.4089	-0.8038	866	868	705	4	2	0.0258	0.2	0	0.0399	1
0.0025	0.1174	0.2109	-0.4285	0.5462	0.4832	0.333	-0.8097	867	0	705	4	3	0.0243	0.1286	0	0.01	1
0.01	0.2389	-0.0557	-0.6111	0.8034	0.8304	0.3729	-0.414	643	870	392	4	1	0.01	0.05	1	0.01	1
0.01	0.0942	0.1428	-0.522	0.7045	-0.0077	0.8799	-0.4751	869	0	392	4	2	0.01	0.05	0	0.01	1
0.0181	0.3247	-0.1032	-0.6653	0.804	0.7571	0.6111	0.231	643	0	398	4	1	0.0225	0.3	0	0.0402	1
0.035	0.2471	-0.4057	-0.7081	0.7938	-0.9149	-0.3813	-0.1328	644	0	401	4	1	0.0091	0.4583	0	0.035	1
0.0188	0.0506	-1.0166	0.9042	-0.1456	-0.0386	0.8931	-0.4481	703	874	421	4	1	0.0058	0.375	1	0.0188	1
0.0174	0.083	-1.0186	0.9494	-0.1683	-0.3284	0.8029	0.4975	873	875	421	4	2	0.0058	0.375	0	0.0188	1
0.0128	0.0788	-1.0459	1.0164	-0.1287	-0.413	0.8923	0.1824	874	876	421	4	3	0.01	0.05	0	0.01	1
0.0133	0.0616	-1.0853	1.078	-0.1113	0.2091	0.1694	0.9631	875	0	421	4	4	0.0065	0.0714	0	0.0216	1
0.0114	0.1339	-1.0242	0.8813	-0.1051	0.4974	-0.4774	0.7244	703	0	422	4	1	0.0274	0.3	0	0.0502	1
0.0271	0.0714	-1.0229	0.9047	-0.1215	-0.827	0.5584	0.0658	703	879	424	4	1	0.0036	0.4583	1	0.0271	1
0.0271	0.0832	-1.082	0.9445	-0.1168	-0.9026	0.2325	0.3622	878	880	424	4	2	0.0036	0.4583	0	0.0271	1
0.0273	0.1448	-1.1126	1.002	-0.0935	-0.1755	0.3685	0.9129	879	881	424	4	3	0.004	0.25	0	0.0282	1
0.0271	0.0839	-1.1309	1.0881	0.024	0.7158	0.1491	0.6822	880	0	424	4	4	0.0062	0.15	0	0.01	1
0.0103	0.1476	-1.3962	0.9209	-0.2626	0.8723	-0.4806	0.0906	708	883	834	4	1	0.0082	0.075	0	0.0265	1
0.01	0.0721	-1.2561	0.8747	-0.2359	0.927	-0.3499	-0.1352	882	0	834	4	2	0.01	0.05	0	0.01	1
0.0305	0.1438	-1.5711	0.6302	1.0402	0.7886	0.2284	0.571	721	885	153	4	1	0.0046	0.225	1	0.0305	1
0.0305	0.1429	-1.4578	0.6631	1.1223	-0.7851	0.5367	-0.309	884	886	153	4	2	0.0046	0.225	0	0.0305	1
0.0247	0.1017	-1.575	0.7371	1.087	0.7624	0.358	0.5391	885	887	153	4	3	0.0024	0.25	0	0.0255	1
0.0115	0.056	-1.5123	0.7724	1.1597	0.7443	0.2121	0.6333	886	888	153	4	4	0.01	0.05	0	0.01	1
0.0065	0.0568	-1.4706	0.7843	1.1952	0.7097	0.1466	0.6891	887	0	153	4	5	0.01	0.05	0	0.01	1
0.0364	0.1982	-1.5433	0.6072	0.997	0.1698	-0.9571	-0.2349	721	890	155	4	1	0.0066	0.0556	0	0.0875	1
0.0314	0.1639	-1.5472	0.463	0.9514	-0.7583	-0.6288	0.1719	889	891	155	4	2	0.0257	0.2	0	0.0405	1
0.0148	0.0428	-1.6736	0.3506	0.9716	-0.0701	-0.6381	0.7667	890	892	155	4	3	0.01	0.05	0	0.01	1
0.01	0.0743	-1.6766	0.3233	1.0044	0.3231	-0.4106	0.8526	891	893	155	4	4	0.01	0.05	0	0.01	1
0.0053	0.0411	-1.6526	0.2928	1.0677	0.3218	-0.1414	0.9362	892	0	155	4	5	0.01	0.05	0	0.01	1
0.0364	0.3602	-1.8371	0.5711	0.9895	0.75	0.637	0.1779	724	895	157	4	1	0.0134	0.2727	1	0.0492	1
0.0328	0.1133	-1.5578	0.7967	1.0394	-0.7625	-0.552	-0.3374	894	896	157	4	2	0.018	0.2121	0	0.0492	1
0.0286	0.172	-1.6454	0.7388	1.0117	-0.8015	0.5098	-0.3124	895	897	157	4	3	0.0094	0.1714	0	0.0343	1
0.0154	0.0106	-1.7818	0.8235	0.9559	-0.5882	0.2633	-0.7647	896	898	157	4	4	0.0098	0.15	0	0.01	1
0.0121	0.0553	-1.7878	0.8325	0.9404	-0.997	-0.0407	-0.0661	897	899	157	4	5	0.01	0.05	0	0.01	1
0.0082	0.1388	-1.843	0.8303	0.9367	-0.2155	0.5558	0.8029	898	0	157	4	6	0.01	0.05	0	0.01	1
0.031	0.2794	-1.4417	0.632	0.8744	-0.3081	-0.4615	0.8319	721	901	158	4	1	0.0039	0.3125	1	0.0313	1
0.0272	0.1074	-1.5278	0.5031	1.1068	-0.7568	-0.0882	0.6477	900	902	158	4	2	0.0039	0.3125	0	0.0313	1
0.0364	0.1113	-1.6	0.5239	1.1739	-0.5486	0.2306	0.8036	901	903	158	4	3	0.0118	0.131	0	0.0827	1
0.01	0.1126	-1.6703	0.5225	1.2804	0.8984	-0.0295	0.4381	902	0	158	4	4	0.01	0.05	0	0.01	1
0.0139	0.186	-1.683	0.5355	0.9993	-0.6788	-0.2454	0.6921	722	905	159	4	1	0.0208	0.2444	0	0.0475	1
0.0179	0.0897	-1.8173	0.4762	1.1329	-0.391	-0.093	-0.9157	904	0	159	4	2	0.0116	0.2639	0	0.0245	1
0.0318	0.1683	-0.1543	-0.8809	0.3776	0.1412	0.9433	-0.3003	760	907	510	5	1	0.0078	0.2917	1	0.0302	0
0.0273	0.089	-0.1306	-0.7221	0.3271	0.401	0.4841	-0.7777	906	908	510	5	2	0.0078	0.2917	0	0.0302	0
0.0259	0.1097	-0.0917	-0.6986	0.2837	0.9767	-0.0949	-0.1922	907	909	510	5	3	0.0111	0.2	0	0.0467	0
0.01	0.0819	0.0078	-0.7364	0.2815	0.0822	0.5499	0.8312	908	0	510	5	4	0.01	0.05	0	0.01	0
0.0454	0.0968	-0.2584	-0.8876	0.3316	-0.5815	0.316	0.7496	760	911	839	5	1	0.015	0.1708	1	0.0676	0
0.0414	0.4515	-0.3328	-0.8615	0.4144	-0.3672	-0.4197	-0.8301	910	912	839	5	2	0.0199	0.1806	0	0.0676	0
0.0262	0.1687	-0.4532	-1.0893	0.0486	-0.6211	-0.6227	0.4759	911	913	839	5	3	0.0031	0.2917	0	0.0242	0
0.0223	0.0391	-0.5555	-1.1779	0.1427	-0.6655	-0.4197	0.6172	912	0	839	5	4	0.0115	0.375	0	0.0223	0
0.0298	0.2236	-0.1069	-0.9219	0.3945	-0.3819	0.5734	0.7248	760	915	629	5	1	0.004	0.3125	0	0.0319	0
0.0229	0.1052	-0.199	-0.7829	0.5553	-0.2332	-0.0258	0.9721	914	0	629	5	2	0.0036	0.225	0	0.0229	0
0.0268	0.0661	-0.921	-0.8217	-0.29	-0.0364	-0.0974	-0.9946	765	917	840	5	1	0.0086	0.375	0	0.0286	0
0.0058	0.1985	-0.9221	-0.8336	-0.3557	-0.9646	-0.2197	0.1458	916	918	840	5	2	0.0088	0.13	0	0.0733	0
0.0101	0.1643	-1.1023	-0.8559	-0.3189	-0.8923	0.3922	0.2234	917	0	840	5	3	0.0158	0.08	0	0.027	0
0.0047	0.0548	-0.3669	-1.2187	0.5559	-0.4612	-0.873	-0.1588	789	920	520	5	1	0.0084	0.2407	1	0.0429	0
0.0047	0.1725	-0.3974	-1.2745	0.5589	0.1357	0.791	0.5966	919	921	520	5	2	0.0343	0.1333	0	0.0429	0
0.0051	0.0652	-0.389	-1.1305	0.6657	0.133	-0.2404	0.9615	920	0	520	5	3	0.01	0.05	0	0.01	0
0.0073	0.0912	-0.3374	-1.1992	0.5761	0.6872	0.5004	-0.5266	789	923	634	5	1	0.022	0.24	0	0.0318	1
0.0043	0.0705	-0.2921	-1.1554	0.5273	0.0303	0.1022	-0.9943	922	0	634	5	2	0.0249	0.1125	0	0.0401	1
0.0094	0.2081	-0.7059	-1.2282	0.5892	-0.732	0.5479	0.405	796	925	242	5	1	0.014	0.1449	1	0.1087	0
0.0094	0.2446	-0.8485	-1.2043	0.7243	-0.771	-0.374	-0.5154	924	0	242	5	2	0.0239	0.3923	0	0.1087	0
0.0262	0.0413	-0.7236	-1.2605	0.5004	-0.6764	-0.7175	-0.1666	796	927	245	5	1	0.0082	0.225	1	0.0274	0
0.0209	0.1427	-0.7475	-1.2838	0.497	0.8715	-0.4296	-0.2364	926	928	245	5	2	0.0066	0.125	0	0.0274	0
0.01	0.1444	-0.6395	-1.3377	0.4752	-0.0933	-0.9	0.4257	927	0	245	5	3	0.01	0.05	0	0.01	0
0.0401	0.3146	-0.6779	-1.2934	0.6959	-0.4901	-0.0943	0.8665	796	930	249	5	1	0.0065	0.4568	1	0.0401	0
0.0401	0.257	-0.8321	-1.323	0.9685	-0.4526	-0.4941	0.7423	929	931	249	5	2	0.0065	0.4568	0	0.0401	0
0.0403	0.0815	-0.9605	-1.4371	1.1517	-0.7252	-0.3194	0.61	930	932	249	5	3	0.0224	0.2551	0	0.0403	0
0.0401	0.1124	-1.0493	-1.4233	1.2028	0.0048	-0.0314	0.9995	931	933	249	5	4	0.0101	0.2154	0	0.0252	0
0.0417	0.1193	-1.0657	-1.4757	1.3215	-0.5463	0.2921	0.785	932	0	249	5	5	0.0144	0.1	0	0.1069	0
0.0263	0.3536	-0.6818	-1.5342	1.0096	0.4706	0.8723	0.1329	799	935	253	5	1	0.0082	0.2708	1	0.0263	0
0.0263	0.1623	-0.5154	-1.2257	1.0566	0.9321	0.3459	0.1075	934	0	253	5	2	0.0082	0.2708	0	0.0263	0
0.012	0.3205	-0.5332	-1.4295	0.9393	0.6796	0.6769	0.2829	797	937	257	5	1	0.023	0.1714	0	0.0427	0
0.0083	0.2551	-0.2545	-1.1886	1.0391	-0.2375	0.8084	-0.5386	936	938	257	5	2	0.0185	0.1455	0	0.0669	0
0.0084	0.1799	-0.3095	-1.0103	0.893	-0.294	0.2307	-0.9275	937	0	257	5	3	0.01	0.05	0	0.01	0
0.0227	0.4682	-0.7847	-1.7258	1.1309	0.7149	0.6992	-0.0066	800	940	260	5	1	0.006	0.3125	1	0.0237	0
0.0205	0.1165	-0.45	-1.3985	1.1279	-0.919	-0.2716	0.2857	939	941	260	5	2	0.006	0.3125	0	0.0237	0
0.0137	0.0969	-0.5578	-1.424	1.1648	-0.9833	-0.1675	0.0718	940	942	260	5	3	0.01	0.05	0	0.01	0
0.01	0.069	-0.6531	-1.4402	1.1717	-0.4941	-0.2921	-0.8189	941	0	260	5	4	0.01	0.05	0	0.01	0
0.0308	0.4297	-0.9835	-1.8449	1.2877	0.9172	0.3535	-0.1836	802	944	265	5	1	0.0045	0.3333	0	0.0323	0
0.01	0.3011	-0.6167	-1.6951	1.2307	0.3471	-0.8699	0.3504	943	0	265	5	2	0.01	0.05	0	0.01	0
0.032	0.1062	-1.1023	-1.8743	1.189	-0.7545	0.2563	-0.6042	802	0	267	5	1	0.0076	0.3	0	0.032	0
0.02	0.0494	-1.0195	-1.7949	1.1679	-0.8711	0.4443	-0.2094	800	947	268	5	1	0.0036	0.25	0	0.0212	0
0.01	0.1379	-1.0373	-1.7492	1.118	-0.7339	-0.2625	-0.6265	946	0	268	5	2	0.01	0.05	0	0.01	0
0.0202	0.1789	-1.0903	-1.8873	1.2699	0.9151	-0.0387	0.4013	803	949	845	5	1	0.0143	0.1444	0	0.0448	0
0.0225	0.1173	-0.9211	-1.893	1.3368	0.6482	0.1404	0.7484	948	950	845	5	2	0.007	0.2333	0	0.0284	0
0.01	0.1096	-0.8312	-1.8873	1.4105	0.7432	0.0889	0.6631	949	0	845	5	3	0.01	0.05	0	0.01	0
0.0039	0.1436	0.6092	-2.2245	0.4447	0.5854	-0.6205	0.5218	810	952	846	5	1	0.0234	0.0375	0	0.0297	1
0.0025	0.1039	0.7024	-2.3156	0.5133	0.4409	0.8162	0.3735	951	0	846	5	2	0.0312	0.1286	0	0.0417	1
0.0095	0.4073	0.8363	1.3408	1.0422	-0.3118	-0.8547	0.415	829	954	847	5	1	0.0339	0.1143	0	0.0384	1
0.0095	0.1071	0.7006	0.9956	1.2278	0.8232	-0.2963	0.4843	953	955	847	5	2	0.0177	0.2167	0	0.0374	1
0.0095	0.1983	0.7809	0.9521	1.2769	-0.1188	-0.158	0.9803	954	956	847	5	3	0.01	0.05	0	0.01	1
0.0095	0.05	0.7574	0.9208	1.4712	0.2377	-0.3458	0.9077	955	0	847	5	4	0.01	0.05	0	0.01	1
0.0141	0.091	2.1982	-0.1648	1.222	0.0707	-0.3406	-0.9375	839	958	748	5	1	0.0114	0.1	0	0.0286	1
0.012	0.0974	2.18	-0.1925	1.1235	-0.1344	0.8735	0.4679	957	0	748	5	2	0.0094	0.1429	0	0.0357	1
0.0246	0.1422	2.2013	-0.1446	1.2934	0.8689	-0.495	0.0007	840	960	749	5	1	0.0085	0.1333	0	0.0315	1
0.0231	0.1149	2.3663	-0.2079	1.2805	0.3356	-0.4328	0.8367	959	961	749	5	2	0.0089	0.1833	0	0.034	1
0.0194	0.144	2.3709	-0.2524	1.4211	-0.3922	0.8299	-0.3967	960	962	749	5	3	0.0339	0.1625	0	0.0582	1
0.01	0.0374	2.2891	-0.1828	1.3852	-0.529	-0.0912	-0.8437	961	963	749	5	4	0.01	0.05	0	0.01	1
0.0053	0.0448	2.2694	-0.1862	1.3537	0.3422	-0.1155	-0.9325	962	0	749	5	5	0.01	0.05	0	0.01	1
0.01	0.1475	1.557	-1.0091	0.3263	0.4195	-0.8734	-0.2475	849	965	703	5	1	0.01	0.05	0	0.01	1
0.01	0.0137	1.6194	-1.138	0.2897	-0.2206	-0.2741	-0.936	964	0	703	5	2	0.01	0.05	0	0.01	1
0.01	0.1074	1.4198	-1.0681	0.2436	-0.3793	0.9244	-0.0406	851	967	853	5	1	0.01	0.05	1	0.01	1
0.01	0.1172	1.3791	-0.9688	0.2392	-0.6342	0.6684	0.3886	966	968	853	5	2	0.01	0.05	0	0.01	1
0.01	0.0693	1.3053	-0.8833	0.2893	-0.0764	-0.5294	0.845	967	0	853	5	3	0.01	0.05	0	0.01	1
0.01	0.1108	-1.0115	0.9711	-0.1689	0.4268	0.8919	-0.1495	874	970	601	5	1	0.01	0.05	1	0.01	1
0.01	0.137	-0.9642	1.07	-0.1855	-0.1058	0.9271	-0.3595	969	0	601	5	2	0.01	0.05	0	0.01	1
0.0082	0.1157	-0.4412	-1.3306	0.3989	-0.584	0.4337	-0.6862	0	972	534	0	1	0.0111	0.1333	0	0.0228	0
0.0083	0.0738	-0.4851	-1.2565	0.3219	-0.4488	0.5141	-0.7309	971	0	534	0	2	0.01	0.05	0	0.01	0
0.0271	0.0656	-0.8697	-1.4177	1.0481	0.2834	-0.9582	-0.0389	930	974	537	6	1	0.0172	0.2091	1	0.0285	0
0.0213	0.1358	-0.8518	-1.4844	1.0678	-0.606	-0.78	-0.1562	973	975	537	6	2	0.0177	0.1875	0	0.0285	0
0.01	0.1457	-0.9412	-1.6349	1.0501	-0.6291	0.0409	-0.7762	974	0	537	6	3	0.01	0.05	0	0.01	0
0.0383	0.1941	-1.0031	-1.4902	1.1665	-0.3561	-0.1374	-0.9243	931	977	862	6	1	0.006	0.1444	0	0.0384	0
0.0209	0.1312	-1.0967	-1.481	0.9776	-0.4859	-0.0999	0.8683	976	978	862	6	2	0.0025	0.2	0	0.0237	0
0.0145	0.1639	-1.1614	-1.5075	1.0915	-0.2503	0.0151	0.9681	977	979	862	6	3	0.01	0.05	0	0.01	0
0.0116	0.1253	-1.2454	-1.4907	1.2168	-0.5935	0.0827	0.8005	978	0	862	6	4	0.0063	0.1143	0	0.0177	0
0.0026	0.4089	-0.2641	-1.1793	1.0377	-0.4408	-0.8666	0.234	937	981	543	6	1	0.0174	0.0429	0	0.0247	0
0.0028	0.0827	-0.4551	-1.5332	1.162	-0.6027	-0.7683	-0.2154	980	982	543	6	2	0.0259	0.18	0	0.0322	0
0.0025	0.0636	-0.5157	-1.5806	1.147	-0.1926	0.0438	-0.9803	981	0	543	6	3	0.0158	0.14	0	0.01	0
0.01	0.0978	-0.8382	-1.4894	1.0703	0.3691	0.0338	0.9288	973	984	640	7	1	0.01	0.05	1	0.01	1
0.01	0.0829	-0.8021	-1.4861	1.1612	0.7359	0.4812	-0.4763	983	0	640	7	2	0.01	0.05	0	0.01	1
