radius (m)	length (m)	start_point	axis_direction	parent	extension	branch	branch_order	position_in_branch	mad	SurfCov	added	UnmodRadius (m)	Rama_podada
0.0449	0.0793	0.1755	0.0815	-2.4272	-0.0388	0.064	0.9972	0	2	1	0	1	0.0082	0.9	0	0.0449	0
0.0473	0.2567	0.2048	0.074	-2.3415	-0.128	0.1833	0.9747	1	3	1	0	2	0.0076	0.9333	0	0.0473	0
0.0495	0.1752	0.1338	0.1472	-2.0746	0.2491	-0.2396	0.9384	2	4	1	0	3	0.0076	0.8182	0	0.0495	0
0.0506	0.2192	0.1997	0.1353	-1.9011	-0.1398	-0.192	0.9714	3	5	1	0	4	0.0082	0.8182	0	0.0506	0
0.0477	0.2265	0.1403	0.09	-1.6841	0.1342	0.0275	0.9906	4	6	1	0	5	0.0081	0.8625	0	0.0477	0
0.0465	0.212	0.1573	0.0907	-1.46	-0.0162	-0.0003	0.9999	5	7	1	0	6	0.0071	0.9125	0	0.0465	0
0.0458	0.2105	0.1517	0.0886	-1.2478	0.0099	0.0847	0.9964	6	8	1	0	7	0.0074	0.9	0	0.0458	0
0.052	0.1511	0.1784	0.1118	-1.0296	-0.3197	-0.0241	0.9472	7	9	1	0	8	0.0097	0.7879	0	0.052	0
0.0567	0.1938	0.1523	0.0908	-0.8833	-0.0521	0.1147	0.992	8	10	1	0	9	0.0108	0.8333	0	0.0567	0
0.0645	0.3718	0.1348	0.082	-0.6863	0.0155	0.1478	0.9889	9	11	1	0	10	0.0146	0.7088	0	0.0645	0
0.0603	0.3733	0.1429	0.0926	-0.3156	0.0108	0.068	0.9976	10	12	1	0	11	0.0478	0.8132	0	0.1175	0
0.0573	0.2572	0.1201	0.1031	0.0597	0.1697	-0.1176	0.9785	11	13	1	0	12	0.0912	0.5556	0	0.1989	0
0.0615	0.0727	0.0803	0.0217	0.2813	-0.1903	-0.2472	0.9501	12	14	1	0	13	0.1516	0.6738	0	0.2173	0
0.06	0.2802	-0.012	0.1103	0.3726	-0.1775	-0.3241	0.9292	13	15	1	0	14	0.0451	0.1522	0	0.1537	0
0.056	0.0342	-0.0779	-0.0228	0.6855	-0.2629	0.7896	0.5544	14	16	1	0	15	0.0509	0.3602	0	0.0891	0
0.0391	0.1596	-0.0881	0.0003	0.6858	-0.604	0.7864	-0.1292	15	17	1	0	16	0.0056	0.4815	0	0.0391	0
0.0391	0.0718	-0.1842	0.1437	0.7278	-0.839	0.5244	-0.1455	16	0	1	0	17	0.0031	0.0615	0	0.01	0
0.0408	0.4701	0.1176	0.1773	-0.4608	-0.3094	0.9425	0.1264	10	19	2	1	1	0.0097	0.3333	1	0.042	0
0.033	0.0927	-0.0297	0.6168	-0.3908	0.591	-0.789	-0.1682	18	20	2	1	2	0.0049	0.1455	0	0.042	0
0.01	0.1025	0.0096	0.5477	-0.4618	0.9026	0.3667	-0.2256	19	0	2	1	3	0.01	0.05	0	0.01	0
0.0475	0.7843	0.1162	0.1724	0.0962	-0.5156	0.8413	-0.1627	11	22	19	1	1	0.0087	0.325	1	0.0457	1
0.0475	0.0949	-0.2881	0.8322	-0.0314	-0.6268	-0.6511	0.428	21	23	19	1	2	0.0087	0.325	0	0.0457	1
0.0475	0.0787	-0.3743	0.7848	-0.0091	-0.1118	-0.8534	-0.5091	22	24	19	1	3	0.0112	0.15	0	0.0345	1
0.0475	0.0955	-0.3861	0.7412	-0.0526	-0.9079	-0.0575	0.4152	23	25	19	1	4	0.0048	0.2	0	0.0446	1
0.0475	0.1402	-0.4716	0.7381	-0.0681	-0.9984	0.0524	-0.0196	24	26	19	1	5	0.0176	0.0611	0	0.0389	1
0.0475	0.0141	-0.54	0.6299	-0.0656	-0.8502	-0.5251	0.0372	25	27	19	1	6	0.01	0.05	0	0.01	1
0.0495	0.1014	-0.5648	0.6596	0.0086	0.3382	-0.8152	0.4701	26	28	19	1	7	0.0196	0.1023	0	0.0495	1
0.0549	0.1123	-0.572	0.5556	-0.0006	-0.7973	0.4343	0.4191	27	29	19	1	8	0.0182	0.1736	0	0.0965	1
0.0555	0.1295	-0.6255	0.5588	0.1305	-0.7958	0.32	0.514	28	30	19	1	9	0.017	0.3264	0	0.085	1
0.0549	0.2226	-0.7436	0.5764	0.192	-0.7604	0.3611	0.5398	29	31	19	1	10	0.0308	0.2778	0	0.1145	1
0.0559	0.1821	-0.9059	0.6673	0.3098	-0.6401	0.5485	0.538	30	32	19	1	11	0.0206	0.4722	0	0.0788	1
0.056	0.1573	-1.0553	0.7263	0.4332	-0.5725	0.7118	0.4069	31	33	19	1	12	0.0082	0.6111	0	0.0563	1
0.0569	0.1543	-1.1443	0.8324	0.5039	-0.6394	0.524	0.5627	32	34	19	1	13	0.0085	0.6282	0	0.0596	1
0.0475	0.1306	-1.2833	0.8843	0.5986	-0.5869	0.8089	-0.0347	33	35	19	1	14	0.0066	0.66	0	0.0475	1
0.0547	0.0732	-1.3512	1.0032	0.6077	-0.8561	0.5144	0.0501	34	36	19	1	15	0.0133	0.2222	0	0.085	1
0.0543	0.1096	-1.3881	1.0208	0.6212	-0.6267	-0.5167	0.5834	35	0	19	1	16	0.0111	0.1574	0	0.0841	1
0.0285	0.4344	0.1102	0.0469	0.0559	-0.2158	-0.9142	-0.343	12	38	21	1	1	0.0076	0.3333	1	0.0285	0
0.0281	0.0877	0.0165	-0.3503	-0.0931	-0.86	-0.064	-0.5062	37	39	21	1	2	0.0076	0.3333	0	0.0285	0
0.0259	0.1215	-0.0628	-0.338	-0.1404	-0.9337	-0.1475	0.3262	38	40	21	1	3	0.0079	0.1833	0	0.0313	0
0.0131	0.0839	-0.1723	-0.3407	-0.0757	-0.9538	-0.1657	0.2508	39	41	21	1	4	0.01	0.05	0	0.01	0
0.009	0.1258	-0.2523	-0.3546	-0.0547	-0.9979	0.0642	0.004	40	0	21	1	5	0.01	0.05	0	0.01	0
0.0336	0.5421	0.1923	0.1311	-0.2713	0.6429	0.5027	0.5778	11	43	24	1	1	0.0066	0.4063	1	0.0336	0
0.0321	0.1092	0.5408	0.4036	0.042	0.2205	0.4145	0.8829	42	44	24	1	2	0.0066	0.4063	0	0.0336	0
0.0214	0.0854	0.5833	0.4304	0.1309	0.5733	0.2562	0.7782	43	45	24	1	3	0.0022	0.4167	0	0.019	0
0.0289	0.0831	0.6249	0.4703	0.2049	0.8015	0.0788	0.5928	44	46	24	1	4	0.0026	0.375	0	0.0305	0
0.0191	0.1076	0.6782	0.4638	0.2667	0.7666	-0.189	0.6137	45	47	24	1	5	0.0022	0.2813	0	0.0178	0
0.0198	0.1117	0.7661	0.4497	0.3248	0.6062	-0.772	-0.1911	46	48	24	1	6	0.0022	0.25	0	0.0198	0
0.019	0.0519	0.8367	0.3362	0.3149	0.9217	0.2268	0.3146	47	49	24	1	7	0.0058	0.125	0	0.01	0
0.019	0.0655	0.8748	0.3421	0.3111	0.6502	-0.7537	-0.0961	48	0	24	1	8	0.003	0.1	0	0.01	0
0.031	0.6754	0.1014	0.1528	-0.0285	-0.7398	0.6644	-0.106	11	51	26	1	1	0.0094	0.2917	1	0.0306	1
0.031	0.1778	-0.3983	0.6015	-0.1001	-0.9111	-0.393	-0.1245	50	52	26	1	2	0.0094	0.2917	0	0.0306	1
0.0361	0.1793	-0.5615	0.5403	-0.1262	-0.9627	-0.013	0.2704	51	53	26	1	3	0.0069	0.3333	0	0.0361	1
0.031	0.0856	-0.732	0.5509	-0.0755	-0.9842	0.1719	-0.0434	52	54	26	1	4	0.0029	0.5417	0	0.031	1
0.0322	0.1955	-0.8173	0.5718	-0.0779	-0.986	-0.1469	-0.0791	53	55	26	1	5	0.0056	0.4643	0	0.0322	1
0.0347	0.1667	-1.0279	0.5487	-0.0516	-0.9175	0.034	-0.3963	54	56	26	1	6	0.0067	0.375	0	0.0347	1
0.0422	0.1076	-1.1981	0.5487	-0.0873	-0.8568	-0.0999	-0.5059	55	57	26	1	7	0.0075	0.45	0	0.0451	1
0.0388	0.0824	-1.3501	0.5886	-0.1583	-0.5335	-0.7553	-0.3807	56	58	26	1	8	0.0062	0.4	0	0.0401	1
0.039	0.1288	-1.4045	0.5318	-0.1687	-0.82	0.3013	-0.4867	57	59	26	1	9	0.0368	0.2857	0	0.0422	1
0.031	0.1564	-1.5209	0.5956	-0.2278	-0.914	-0.3718	-0.1624	58	60	26	1	10	0.0026	0.2	0	0.0266	1
0.0403	0.0706	-1.6658	0.5356	-0.2462	-0.5671	-0.7397	-0.3623	59	61	26	1	11	0.007	0.1731	0	0.0467	1
0.031	0.1867	-1.7166	0.5016	-0.29	-0.6304	-0.702	-0.3315	60	62	26	1	12	0.0069	0.1333	0	0.0204	1
0.031	0.1273	-1.841	0.3806	-0.3509	-0.8073	-0.5103	-0.2965	61	63	26	1	13	0.0055	0.0417	0	0.02	1
0.031	0.0644	-1.9161	0.3138	-0.4406	-0.8106	-0.4097	-0.4184	62	64	26	1	14	0.0046	0.15	0	0.01	1
0.0372	0.0407	-1.9761	0.2851	-0.3786	-0.6765	-0.7322	-0.0791	63	65	26	1	15	0.0077	0.1042	0	0.044	1
0.031	0.0558	-2.0255	0.273	-0.4196	-0.6323	-0.7747	0.0033	64	66	26	1	16	0.0071	0.16	0	0.01	1
0.031	0.029	-2.0625	0.1987	-0.3908	-0.5749	0.5713	0.5858	65	0	26	1	17	0.0034	0.125	0	0.01	1
0.028	0.7093	0.087	0.1427	0.0932	-0.6527	0.7101	-0.2641	12	68	27	1	1	0.0094	0.2143	1	0.0297	0
0.024	0.1925	-0.3788	0.6514	-0.0894	0.8568	-0.0013	0.5157	67	69	27	1	2	0.0083	0.08	0	0.0297	0
0.0153	0.2606	-0.2357	0.7779	0.0872	-0.9683	-0.2285	0.101	68	70	27	1	3	0.0234	0.0778	0	0.01	0
0.018	0.0624	-0.4917	0.7195	0.1094	-0.6843	-0.5815	0.44	69	0	27	1	4	0.0086	0.1	0	0.0267	0
0.0385	0.5061	0.0924	0.1559	0.0521	-0.4314	0.8851	0.1748	12	72	30	1	1	0.0085	0.2063	1	0.0385	0
0.0385	0.1819	-0.1259	0.6038	0.1405	0.9314	0.361	-0.0468	71	0	30	1	2	0.0085	0.2063	0	0.0385	0
0.0222	0.542	0.1817	0.1294	0.2694	0.3769	0.8907	-0.2541	12	74	35	1	1	0.0028	0.3125	1	0.0211	0
0.0198	0.1081	0.386	0.6121	0.1317	0.7951	0.2596	-0.548	73	75	35	1	2	0.0028	0.3125	0	0.0211	0
0.0199	0.1175	0.4808	0.6224	0.0718	0.0358	-0.0203	0.9992	74	76	35	1	3	0.0072	0.1667	0	0.032	0
0.01	0.0843	0.487	0.6245	0.1851	-0.8521	0.5062	0.1325	75	0	35	1	4	0.01	0.05	0	0.01	0
0.0511	0.4194	0.1642	0.0472	0.1241	0.5425	-0.82	-0.1827	12	78	36	1	1	0.0193	0.3317	1	0.0721	0
0.0508	0.3887	0.3954	-0.2949	0.0376	0.8158	0.4277	0.3893	77	79	36	1	2	0.0318	0.3625	0	0.0721	0
0.0499	0.1261	0.709	-0.1294	0.1878	0.203	-0.9792	0.0004	78	80	36	1	3	0.0085	0.4545	0	0.0514	0
0.036	0.0704	0.783	-0.2443	0.1944	-0.0176	-0.5382	0.8426	79	81	36	1	4	0.0051	0.4167	0	0.036	0
0.036	0.1457	0.7903	-0.2538	0.248	-0.606	0.3287	0.7243	80	82	36	1	5	0.0069	0.0606	0	0.0274	0
0.036	0.1775	0.7036	-0.2689	0.3549	-0.113	0.0195	0.9934	81	83	36	1	6	0.009	0.125	0	0.0301	0
0.036	0.1044	0.6597	-0.2312	0.5332	-0.3215	-0.2769	0.9055	82	84	36	1	7	0.0082	0.125	0	0.0296	0
0.0459	0.1002	0.6912	-0.2183	0.5976	0.4498	-0.0574	0.8913	83	85	36	1	8	0.0136	0.075	0	0.0766	0
0.036	0.1567	0.72	-0.277	0.6375	0.9542	-0.2992	0.0063	84	86	36	1	9	0.008	0.0486	0	0.0249	0
0.036	0.0142	0.8629	-0.2994	0.614	0.8424	-0.2498	-0.4774	85	87	36	1	10	0.0104	0.3214	0	0.0221	0
0.036	0.1628	0.8677	-0.3342	0.6366	0.9865	-0.126	0.1046	86	88	36	1	11	0.008	0.075	0	0.0256	0
0.0462	0.1006	0.9803	-0.373	0.7105	0.7781	-0.1403	0.6123	87	89	36	1	12	0.0046	0.1667	0	0.0585	0
0.036	0.1215	1.0814	-0.3154	0.7745	0.3939	-0.1567	0.9057	88	90	36	1	13	0.0066	0.1786	0	0.022	0
0.036	0.1207	1.1425	-0.3383	0.8694	0.7197	-0.1794	0.6707	89	91	36	1	14	0.0121	0.0513	0	0.0259	0
0.036	0.0899	1.23	-0.3564	0.9508	0.7919	-0.2078	0.5742	90	92	36	1	15	0	0.0139	0	0.0221	0
0.036	0.021	1.2254	-0.3723	1.0143	0.1582	0.1192	0.9802	91	93	36	1	16	0.01	0.05	0	0.01	0
0.036	0.0276	1.2409	-0.3427	1.042	-0.9099	0.351	0.221	92	0	36	1	17	0.0057	0.1167	0	0.01	0
0.019	0.7576	0.0846	0.1222	0.1463	-0.8346	0.4914	-0.2491	12	95	41	1	1	0.0148	0.2889	1	0.0461	0
0.019	0.5246	-0.5506	0.4981	-0.0382	0.0651	-0.7329	0.6772	94	0	41	1	2	0.0272	0.3	0	0.0461	0
0.0528	0.4508	0.1724	0.1349	0.238	0.4016	0.896	0.1894	12	97	47	1	1	0.0128	0.2381	1	0.0875	0
0.052	0.6094	0.3375	0.521	0.3583	-0.25	0.9039	0.3472	96	98	47	1	2	0.0229	0.2713	0	0.0875	0
0.04	0.1199	0.1713	1.0623	0.5968	0.0665	0.9299	0.3616	97	99	47	1	3	0.0053	0.8611	0	0.04	0
0.0494	0.1023	0.1941	1.1749	0.6429	-0.0804	0.9944	0.069	98	100	47	1	4	0.0076	0.6364	0	0.0495	0
0.0503	0.1122	0.2002	1.2826	0.6592	-0.3058	0.9419	-0.139	99	101	47	1	5	0.0065	0.5455	0	0.0511	0
0.0403	0.1825	0.1217	1.3761	0.6596	-0.2376	0.9683	0.0767	100	102	47	1	6	0.0239	0.3333	0	0.0403	0
0.04	0.0572	0.0397	1.5695	0.6973	0.4981	0.8374	0.2253	101	103	47	1	7	0.0087	0.1846	0	0.0295	0
0.04	0.1038	0.0695	1.6632	0.6613	0.4501	0.6443	0.6182	102	104	47	1	8	0.0081	0.1667	0	0.0201	0
0.04	0.2057	0.0969	1.7344	0.7324	0.3855	0.5019	0.7743	103	105	47	1	9	0.0108	0.1077	0	0.0293	0
0.04	0.0571	0.1616	1.8163	0.9075	-0.2996	0.6909	0.658	104	106	47	1	10	0.0124	0.1154	0	0.01	0
0.04	0.1026	0.1239	1.8681	0.9309	-0.0563	0.7111	0.7009	105	107	47	1	11	0.0051	0.0641	0	0.01	0
0.04	0.0907	0.1154	1.926	1.0136	0.5639	0.4119	0.7158	106	0	47	1	12	0.0025	0.0615	0	0.01	0
0.0553	0.9759	0.1241	-0.0214	0.2789	-0.2836	0.751	0.5963	13	109	49	1	1	0.0472	0.2495	1	0.1333	0
0.0542	0.3145	-0.1559	0.7056	0.8622	0.2513	0.0822	0.9644	108	110	49	1	2	0.0364	0.4479	0	0.1333	0
0.053	0.2142	-0.0822	0.7542	1.1574	0.2004	0.3681	0.908	109	111	49	1	3	0.0193	0.4439	0	0.1226	0
0.0465	0.0501	-0.0771	0.8088	1.3567	0.1316	-0.0077	0.9913	110	112	49	1	4	0.007	0.6333	0	0.0465	0
0.0435	0.0766	-0.0751	0.8263	1.4147	0.3206	-0.3319	0.8872	111	113	49	1	5	0.0057	0.6	0	0.0435	0
0.0426	0.1356	-0.0596	0.7905	1.4826	0.024	-0.023	0.9994	112	114	49	1	6	0.0084	0.5333	0	0.0426	0
0.0355	0.0738	-0.0335	0.7831	1.6239	-0.2256	0.1023	0.9688	113	115	49	1	7	0.0191	0.4026	0	0.032	0
0.0469	0.1105	-0.0251	0.7967	1.7261	-0.7235	0.4812	0.4949	114	116	49	1	8	0.0038	0.1455	0	0.0495	0
0.0459	0.192	0.0065	0.9318	1.8082	-0.0705	-0.2293	0.9708	115	117	49	1	9	0.0056	0.1299	0	0.0505	0
0.0325	0.1072	0.026	0.9065	1.9825	0.4214	-0.1656	0.8916	116	118	49	1	10	0.0249	0.0758	0	0.01	0
0.043	0.0564	0.0535	0.8455	2.0439	0.7155	-0.5893	0.3752	117	119	49	1	11	0.0115	0.0893	0	0.3458	0
0.032	0.0846	0.0706	0.8144	1.9971	0.6434	-0.7262	-0.2421	118	120	49	1	12	0.0044	0.0909	0	0.01	0
0.032	0.2545	0.1397	0.7811	1.9615	-0.1408	0.5222	0.8411	119	121	49	1	13	0.0047	0.125	0	0.0285	0
0.032	0.1035	0.1074	0.9193	2.1731	-0.2254	0.5306	0.8171	120	122	49	1	14	0.0066	0.0636	0	0.01	0
0.032	0.3275	0.0563	0.9482	2.2669	-0.1274	0.4474	0.8852	121	123	49	1	15	0.0058	0.0354	0	0.01	1
0.032	0.0603	0.0475	1.1258	2.5594	0.4875	-0.5724	0.6593	122	0	49	1	16	0.005	0.0909	0	0.01	1
0.01	0.425	-0.0523	0.142	0.2639	-0.5203	-0.0266	0.8536	14	125	50	1	1	0.01	0.05	0	0.01	0
0.01	0.0753	-0.2733	0.1307	0.6267	-0.5826	0.1355	0.8014	124	0	50	1	2	0.01	0.05	0	0.01	0
0.035	0.4824	0.1476	0.0433	0.1036	0.3471	-0.7563	0.5546	12	127	52	1	1	0.018	0.25	1	0.035	0
0.035	0.1598	0.315	-0.3215	0.3711	0.4222	-0.1428	0.8952	126	0	52	1	2	0.018	0.25	0	0.035	0
0.0372	0.5576	-0.0398	-0.0514	0.6863	0.8225	-0.1256	-0.5547	16	129	54	1	1	0.0112	0.0417	1	0.0512	0
0.0372	0.1083	0.4024	-0.0867	0.3494	0.5889	-0.3134	-0.745	128	130	54	1	2	0.0099	0.1667	0	0.0512	0
0.0166	0.0198	0.4379	-0.1178	0.2685	0.0381	0.2769	-0.9602	129	131	54	1	3	0.0112	0.1	0	0.01	0
0.01	0.0969	0.4363	-0.1066	0.2519	0.8326	0.4646	-0.3017	130	0	54	1	4	0.01	0.05	0	0.01	0
0.0283	0.7166	0.1264	0.0438	0.0742	0.1019	-0.9663	0.2364	12	133	55	1	1	0.0034	0.375	1	0.0283	0
0.0282	0.0573	0.1994	-0.6486	0.2437	-0.0051	0.3527	0.9357	132	134	55	1	2	0.0034	0.375	0	0.0283	0
0.0279	0.1277	0.198	-0.6281	0.297	-0.014	0.5001	0.8659	133	0	55	1	3	0.0031	0.2188	0	0.0279	0
0.0573	1.1398	0.1331	0.1729	-0.0017	-0.0675	-0.954	0.2921	11	136	346	1	1	0.0795	0.0713	0	0.0825	1
0.057	0.3574	0.0596	-0.9218	0.2695	0.2952	-0.9466	0.1299	135	137	346	1	2	0.0229	0.5833	0	0.0627	1
0.0641	0.1007	0.1592	-1.2827	0.408	0.0984	-0.9681	-0.2305	136	138	346	1	3	0.0083	0.7571	0	0.0641	1
0.0555	0.1683	0.1637	-1.3746	0.3917	-0.1169	-0.8197	0.5608	137	139	346	1	4	0.0099	0.7917	0	0.0555	1
0.0537	0.1675	0.1506	-1.5129	0.4983	0.0304	-0.9985	-0.0462	138	140	346	1	5	0.0087	0.5833	0	0.0542	1
0.0508	0.1323	0.1421	-1.6606	0.528	-0.0528	-0.8932	0.4466	139	141	346	1	6	0.0098	0.6364	0	0.0509	1
0.0415	0.0636	0.138	-1.8219	0.5697	-0.17	-0.3786	0.9098	140	142	346	1	7	0.0055	0.5926	0	0.0415	1
0.0442	0.0642	0.1338	-1.8508	0.6237	-0.2967	-0.8092	0.5071	141	143	346	1	8	0.0066	0.5333	0	0.0442	1
0.0461	0.1296	0.1274	-1.8941	0.7093	-0.0068	-0.9865	0.1635	142	144	346	1	9	0.0065	0.74	0	0.0461	1
0.0438	0.1334	0.1152	-2.0277	0.7257	0.3466	-0.9034	0.2526	143	145	346	1	10	0.0071	0.64	0	0.0438	1
0.0394	0.1147	0.1555	-2.1486	0.77	0.12	-0.9923	0.0291	144	146	346	1	11	0.006	0.6444	0	0.0394	1
0.0478	0.0927	0.1814	-2.2566	0.7888	-0.1074	-0.9005	0.4214	145	147	346	1	12	0.0072	0.6818	0	0.0479	1
0.0436	0.1374	0.166	-2.3392	0.8279	-0.1535	-0.9248	-0.348	146	148	346	1	13	0.006	0.52	0	0.0439	1
0.0442	0.2036	0.1479	-2.4687	0.8171	-0.2737	-0.9609	-0.0414	147	149	346	1	14	0.0064	0.5429	0	0.0452	1
0.0394	0.0902	0.092	-2.6616	0.7953	0.0483	-0.9777	-0.2043	148	150	346	1	15	0.0035	0.2778	0	0.039	1
0.0394	0.0818	0.0195	-2.755	0.7719	0.0924	-0.6363	-0.7659	149	151	346	1	16	0.0002	0.0288	0	0.01	1
0.0394	0.1116	0.0264	-2.8085	0.7058	-0.2521	-0.8724	0.4188	150	0	346	1	17	0.0037	0.0769	0	0.01	1
0.0112	0.4808	-0.1302	0.0856	0.7265	0.4203	-0.8788	0.2261	17	153	159	1	1	0.0102	0.032	1	0.0358	0
0.0112	0.0971	0.0723	-0.3406	0.8405	0.5576	-0.6568	-0.5077	152	154	159	1	2	0.0159	0.15	0	0.0358	0
0.01	0.0741	0.1428	-0.4031	0.7824	-0.4553	-0.1961	-0.8685	153	0	159	1	3	0.01	0.05	0	0.01	0
0.047	0.2401	-0.5738	0.6902	0.0477	-0.1072	0.4356	0.8937	27	156	82	2	1	0.0031	0.2667	1	0.0471	1
0.0447	0.0762	-0.5996	0.7948	0.2622	-0.8835	-0.2287	0.4088	155	157	82	2	2	0.0031	0.2667	0	0.0471	1
0.033	0.2408	-0.6621	0.7899	0.2916	-0.8344	0.3833	0.396	156	158	82	2	3	0.0052	0.25	0	0.033	1
0.0251	0.0046	-0.8587	0.881	0.3911	-0.4478	0.6336	0.6309	157	159	82	2	4	0.0136	0.3667	0	0.0251	1
0.0176	0.0868	-0.8644	0.8827	0.3868	-0.8488	-0.238	0.4721	158	0	82	2	5	0.0102	0.16	0	0.0263	1
0.0316	0.1006	-0.8984	0.5899	0.275	-0.3634	-0.904	-0.2251	30	161	84	2	1	0.0046	0.375	1	0.0323	1
0.0268	0.1451	-0.9359	0.4967	0.2483	0.2678	-0.867	0.4202	160	162	84	2	2	0.0085	0.2125	0	0.0323	1
0.01	0.1841	-0.8661	0.3295	0.3102	-0.5518	-0.396	0.734	161	0	84	2	3	0.01	0.05	0	0.01	1
0.01	0.3826	-0.723	0.509	0.1407	-0.0993	-0.4932	0.8642	30	0	85	2	1	0.01	0.05	0	0.01	1
0.0165	0.3931	-0.5643	0.508	0.0293	0.1356	-0.8391	0.5269	28	165	87	2	1	0.0135	0.2937	1	0.0393	1
0.0165	0.4021	-0.5135	0.1773	0.2315	-0.8467	0.3993	0.3517	164	0	87	2	2	0.0233	0.2762	0	0.0393	1
0.0348	0.1258	-1.3237	0.888	0.5613	-0.6396	-0.1739	-0.7488	34	167	92	2	1	0.0068	0.25	1	0.0348	1
0.0348	0.2509	-1.4041	0.8661	0.4671	0.0185	-0.5355	0.8443	166	168	92	2	2	0.0068	0.25	0	0.0348	1
0.0306	0.0917	-1.3686	0.7455	0.679	0.3717	-0.8367	0.4023	167	169	92	2	3	0.0026	0.3333	0	0.0306	1
0.0229	0.4979	-1.3165	0.6283	0.7089	-0.0517	-0.1933	0.9798	168	170	92	2	4	0.0259	0.036	0	0.0592	1
0.0059	0.0681	-1.3695	0.5059	1.1949	-0.1211	0.0551	0.9911	169	0	92	2	5	0.01	0.05	0	0.01	1
0.0195	0.1343	-1.3442	0.8879	0.5915	-0.7631	-0.6351	-0.1199	34	172	93	2	1	0.0036	0.2188	1	0.0195	1
0.0195	0.1187	-1.4466	0.8026	0.5754	-0.2216	-0.3519	-0.9095	171	173	93	2	2	0.0036	0.2188	0	0.0195	1
0.0239	0.3044	-1.4413	0.717	0.4677	-0.6501	-0.4742	-0.5937	172	174	93	2	3	0.0108	0.125	0	0.032	1
0.0101	0.0856	-1.6608	0.5922	0.2964	-0.7036	-0.5875	-0.3998	173	175	93	2	4	0.01	0.05	0	0.01	1
0.0059	0.0171	-1.6985	0.5415	0.275	-0.1223	0.9619	0.2445	174	0	93	2	5	0.01	0.05	0	0.01	1
0.0397	0.1788	-1.4285	1.002	0.5868	-0.5791	0.8109	0.0845	36	177	94	2	1	0.008	0.3519	0	0.0397	1
0.0448	0.0781	-1.5311	1.1638	0.5917	-0.6645	0.413	0.6229	176	178	94	2	2	0.014	0.24	0	0.0501	1
0.0365	0.1059	-1.5992	1.2283	0.6208	-0.6377	0.1385	0.7577	177	179	94	2	3	0.0027	0.25	0	0.0365	1
0.0277	0.1322	-1.7075	1.2269	0.6782	-0.4837	-0.0163	0.8751	178	180	94	2	4	0.0142	0.1143	0	0.0218	1
0.0331	0.086	-1.7658	1.2336	0.8013	-0.0567	-0.621	0.7818	179	181	94	2	5	0.0167	0.1212	0	0.0368	1
0.0211	0.1574	-1.7799	1.186	0.8646	-0.4838	-0.208	0.8501	180	182	94	2	6	0.0117	0.1544	0	0.0211	1
0.01	0.1188	-1.7881	1.1115	0.983	-0.1255	-0.5171	0.8467	181	183	94	2	7	0.01	0.05	0	0.01	1
0.0058	0.0262	-1.8328	1.1506	0.9766	-0.8247	0.279	0.4919	182	0	94	2	8	0.01	0.05	0	0.01	1
0.0421	0.1466	-1.3501	0.8975	0.5863	-0.9802	-0.1248	0.154	34	185	348	2	1	0.0063	0.4815	0	0.0421	1
0.0421	0.1005	-1.4951	0.8823	0.6081	-0.9027	-0.3348	0.2702	184	186	348	2	2	0.0113	0.1548	0	0.0318	1
0.0421	0.0523	-1.5894	0.8491	0.6347	-0.0189	0.6732	0.7392	185	187	348	2	3	0.0084	0.0635	0	0.01	1
0.0421	0.0716	-1.592	0.8857	0.666	-0.8112	-0.5798	0.0762	186	0	348	2	4	0.0044	0.0893	0	0.01	1
0.0088	0.2203	0.7374	0.4678	0.2554	-0.3035	-0.895	-0.3269	45	189	98	2	1	0.033	0.225	0	0.048	0
0.0101	0.0313	0.6713	0.2784	0.1759	-0.2905	-0.6493	-0.7029	188	0	98	2	2	0.0039	0.3333	0	0.0213	0
0.0045	0.1621	0.5928	0.4552	0.1707	0.5441	-0.7651	-0.3444	44	0	349	2	1	0.0185	0.1	0	0.0238	1
0.0243	0.1645	-0.926	0.5799	-0.0647	0.5393	0.8213	0.1861	54	192	102	2	1	0.0062	0.375	0	0.0243	1
0.0275	0.0663	-0.8373	0.7306	-0.0613	0.3	0.828	0.4738	191	193	102	2	2	0.0022	0.3333	0	0.0275	1
0.0243	0.3079	-0.7959	0.7874	-0.0048	-0.3207	0.9251	0.2035	192	194	102	2	3	0.0071	0.0867	0	0.0469	1
0.01	0.1674	-0.8965	1.0755	0.0386	-0.2221	0.9569	0.1872	193	195	102	2	4	0.01	0.05	0	0.01	1
0.0058	0.0768	-0.8584	1.1158	0.1186	0.328	0.5248	0.7855	194	0	102	2	5	0.01	0.05	0	0.01	1
0.011	0.1812	-1.0963	0.5337	-0.1135	0.7744	-0.6228	-0.1116	55	197	104	2	1	0.0072	0.0556	0	0.0307	1
0.0054	0.139	-0.9968	0.3538	-0.1086	0.8683	-0.455	0.1976	196	198	104	2	2	0.029	0.2	0	0.1229	1
0.0058	0.0614	-0.9046	0.2842	-0.0771	0.2235	-0.9738	0.0415	197	0	104	2	3	0.01	0.05	0	0.01	1
0.0294	0.1855	-1.8712	0.3263	-0.3587	-0.7574	0.6279	0.1789	62	200	315	2	1	0.0084	0.16	0	0.0402	1
0.0283	0.1194	-2	0.4482	-0.3397	-0.0537	0.9456	0.3208	199	201	315	2	2	0.005	0.1429	0	0.0349	1
0.0263	0.1004	-1.9992	0.5862	-0.269	-0.4749	0.7442	-0.4697	200	202	315	2	3	0.0227	0.2	0	0.0789	1
0.0253	0.098	-2.0539	0.6382	-0.2685	-0.842	0.5243	0.1271	201	203	315	2	4	0.0027	0.2813	0	0.0294	1
0.0144	0.004	-2.1439	0.6794	-0.2782	-0.9138	0.3827	0.1359	202	204	315	2	5	0.01	0.05	0	0.01	1
0.01	0.1539	-2.1508	0.6733	-0.2643	-0.3336	0.8505	0.4067	203	205	315	2	6	0.01	0.05	0	0.01	1
0.0058	0.0776	-2.2022	0.8042	-0.2017	0.4472	0.8943	0.0147	204	0	315	2	7	0.01	0.05	0	0.01	1
0.0342	0.3483	0.787	-0.1993	0.1905	0.0877	0.9924	-0.0865	80	207	111	2	1	0.0039	0.2	1	0.0382	0
0.0342	0.1214	0.8175	0.1464	0.1603	-0.4571	0.8598	0.2276	206	208	111	2	2	0.0039	0.2	0	0.0382	0
0.0342	0.1543	0.7618	0.2793	0.1922	0.8662	-0.0663	0.4952	207	209	111	2	3	0.0107	0.1688	0	0.0449	0
0.0212	0.0995	0.9021	0.2588	0.247	0.5126	-0.7035	0.4923	208	0	111	2	4	0.0034	0.1875	0	0.0212	0
0.0286	0.2638	0.6947	-0.1664	0.3544	0.052	0.9592	-0.278	81	211	112	2	1	0.0039	0.4583	1	0.028	0
0.0284	0.0864	0.7084	0.0866	0.2811	-0.8774	0.2591	0.4037	210	212	112	2	2	0.0039	0.4583	0	0.028	0
0.0297	0.1432	0.5979	0.1051	0.3004	-0.2633	0.8951	0.3597	211	213	112	2	3	0.0053	0.15	0	0.0337	0
0.0342	0.1323	0.5636	0.2413	0.3494	-0.8101	0.4594	0.3642	212	0	112	2	4	0.0103	0.1875	0	0.0381	0
0.0342	0.2913	0.7641	-0.272	0.2187	0.3774	0.9006	0.2155	80	215	350	2	1	0.0171	0.2364	0	0.049	0
0.0342	0.0963	0.8714	-0.015	0.2923	-0.2072	0.8974	0.3895	214	216	350	2	2	0.0135	0.1818	0	0.0484	0
0.0253	0.1159	0.8463	0.0843	0.3282	0.7404	0.3671	0.5631	215	217	350	2	3	0.0073	0.28	0	0.0322	0
0.01	0.0509	0.9298	0.1361	0.4058	0.2889	-0.7364	0.6118	216	0	350	2	4	0.01	0.05	0	0.01	0
0.0309	0.1715	0.7116	-0.2393	0.4975	0.9253	-0.2581	-0.2778	82	219	204	2	1	0.0087	0.25	0	0.0335	0
0.0255	0.1205	0.891	-0.3301	0.4105	0.9013	0.4318	-0.0362	218	220	204	2	2	0.005	0.25	0	0.03	0
0.016	0.0409	0.9912	-0.2801	0.4335	0.1011	0.9893	0.1055	219	221	204	2	3	0.0075	0.125	0	0.01	0
0.0184	0.0936	0.9738	-0.2433	0.4413	-0.2282	0.7212	-0.654	220	0	204	2	4	0.007	0.15	0	0.0287	0
0.0347	0.065	0.9881	-0.3593	0.7699	0.0215	0.2645	0.9641	88	223	327	2	1	0.0088	0.25	1	0.0376	0
0.0297	0.0942	0.9808	-0.3232	0.8224	0.4104	0.5714	0.7107	222	224	327	2	2	0.0117	0.14	0	0.0376	0
0.0171	0.1281	0.9933	-0.3042	0.9102	0.7548	-0.1905	0.6277	223	225	327	2	3	0.0081	0.15	0	0.01	0
0.01	0.0606	1.0883	-0.3328	0.9911	0.1612	0.0465	0.9858	224	0	327	2	4	0.01	0.05	0	0.01	0
0.01	0.2225	1.1088	-0.4042	0.7551	-0.4814	0.1464	-0.8642	88	0	338	2	1	0.01	0.05	0	0.01	1
0.0342	0.2444	1.1873	-0.3273	0.8674	0.9702	0.2384	-0.0426	90	228	343	2	1	0.0056	0.0602	1	0.1987	0
0.0322	0.1591	1.3542	-0.429	0.8944	-0.2508	0.323	0.9125	227	229	343	2	2	0.0089	0.125	0	0.1987	0
0.0308	0.1245	1.335	-0.3813	1.0339	0.2543	-0.0744	0.9643	228	230	343	2	3	0.0041	0.1714	0	0.037	0
0.0269	0.1816	1.3724	-0.3931	1.1517	0.193	-0.3315	0.9235	229	231	343	2	4	0.0096	0.1111	0	0.037	0
0.0184	0.1941	1.4299	-0.4267	1.3232	-0.3015	0.1199	0.9459	230	232	343	2	5	0.0108	0.0615	0	0.0239	0
0.0097	0.0876	1.338	-0.4057	1.468	-0.7465	0.2145	0.6298	231	233	343	2	6	0.01	0.05	0	0.01	0
0.0054	0.095	1.2976	-0.372	1.5367	-0.593	0.3217	0.7381	232	0	343	2	7	0.01	0.05	0	0.01	0
0.0422	0.2244	0.3579	0.6412	0.3943	0.2454	0.9398	0.2377	97	235	118	2	1	0.007	0.4444	0	0.0422	0
0.0422	0.1543	0.4054	0.85	0.4471	-0.2721	0.8344	0.4793	234	236	118	2	2	0.0059	0.5185	0	0.0422	0
0.0422	0.1123	0.3359	1.0039	0.5153	0.684	0.7024	-0.1968	235	237	118	2	3	0.011	0.1571	0	0.0369	0
0.0422	0.0393	0.4515	1.1013	0.5466	0.5664	-0.8138	-0.1302	236	238	118	2	4	0.0103	0.0857	0	0.01	0
0.0422	0.0963	0.4774	1.0859	0.5555	0.7808	-0.4952	0.3809	237	239	118	2	5	0.0038	0.051	0	0.01	0
0.0422	0.0849	0.4971	1.0018	0.5996	0.5502	-0.7798	0.2988	238	0	118	2	6	0.0048	0.0893	0	0.01	0
0.0389	0.101	0.3738	0.5593	0.3411	0.7359	0.5509	-0.3936	97	241	119	2	1	0.009	0.3175	1	0.0389	0
0.0389	0.2015	0.4481	0.6149	0.3013	0.7246	0.365	0.5846	240	242	119	2	2	0.009	0.3175	0	0.0389	0
0.0329	0.0205	0.5822	0.684	0.4241	0.1506	0.5435	0.8258	241	243	119	2	3	0.0096	0.3485	0	0.0329	0
0.0363	0.0779	0.609	0.727	0.4578	0.6922	-0.6641	0.2824	242	244	119	2	4	0.0235	0.1667	0	0.0831	0
0.0307	0.2198	0.7323	0.6684	0.5216	0.2772	-0.7618	-0.5855	243	245	119	2	5	0.0124	0.125	0	0.0491	0
0.01	0.0742	0.7777	0.4935	0.3959	0.376	-0.888	-0.2648	244	0	119	2	6	0.01	0.05	0	0.01	0
0.0371	0.1937	0.3108	0.7342	0.4631	0.7622	0.1151	0.6371	97	247	120	2	1	0.0088	0.0667	1	0.0302	0
0.0371	0.141	0.4914	0.6817	0.5611	0.7311	0.0917	0.6761	246	248	120	2	2	0.0118	0.1979	0	0.0302	0
0.0371	0.0741	0.5903	0.6956	0.6616	0.6989	0.5647	0.4389	247	249	120	2	3	0.0042	0.4167	0	0.0371	0
0.0371	0.0163	0.6455	0.738	0.6552	0.5585	0.8273	0.0605	248	250	120	2	4	0.0131	0.3766	0	0.0319	0
0.0371	0.1386	0.6543	0.7336	0.6702	0.2375	0.5952	0.7677	249	251	120	2	5	0.0118	0.1429	0	0.0285	0
0.0371	0.1961	0.6874	0.8465	0.7472	0.8311	0.3845	0.4019	250	252	120	2	6	0.002	0.1607	0	0.0358	0
0.0406	0.15	0.8413	0.9183	0.8339	0.4212	0.5457	0.7245	251	253	120	2	7	0.0056	0.1058	0	0.0661	0
0.0371	0.0249	0.8928	0.9991	0.9435	0.0455	0.3453	0.9374	252	0	120	2	8	0.0029	0.0972	0	0.01	0
0.0242	0.5164	0.2416	1.1796	0.6299	0.1685	-0.9839	-0.0601	99	255	121	2	1	0.005	0.4167	0	0.0234	0
0.0253	0.1199	0.341	0.6677	0.6357	-0.2088	0.9629	0.171	254	0	121	2	2	0.0075	0.225	0	0.0294	0
0.009	0.2363	0.1847	1.02	0.6119	0.4598	-0.6939	0.5541	98	257	122	2	1	0.0153	0.05	1	0.0315	0
0.009	0.1386	0.2959	0.8731	0.7438	0.9125	-0.1569	0.3778	256	258	122	2	2	0.0198	0.1429	0	0.0315	0
0.0091	0.1433	0.4435	0.8649	0.7923	0.4289	-0.4484	0.7842	257	0	122	2	3	0.01	0.05	0	0.01	0
0.029	0.1512	0.1027	1.3279	0.6293	-0.3137	-0.8054	-0.5028	101	260	123	2	1	0.0066	0.2109	1	0.0278	0
0.0245	0.4609	0.0552	1.2062	0.5533	-0.1055	-0.7684	-0.6312	259	261	123	2	2	0.0066	0.2109	0	0.0278	0
0.0383	0.1103	-0.0008	0.8358	0.2933	0.2146	-0.8852	-0.4128	260	262	123	2	3	0.0099	0.1667	0	0.0622	0
0.01	0.082	0.0012	0.7388	0.216	-0.3208	-0.9251	0.2031	261	0	123	2	4	0.01	0.05	0	0.01	0
0.037	0.085	0.1954	1.3414	0.6022	0.2771	0.9534	0.1195	100	264	127	2	1	0.0048	0.4167	0	0.037	0
0.0366	0.0737	0.2065	1.4136	0.6223	-0.4423	0.869	0.2218	263	265	127	2	2	0.0104	0.25	0	0.0279	0
0.0366	0.1001	0.1733	1.4791	0.6354	0.0144	0.9159	0.4012	264	266	127	2	3	0.0034	0.4583	0	0.0366	0
0.0366	0.0353	0.1946	1.5755	0.6787	-0.2224	0.9735	-0.0537	265	267	127	2	4	0.0092	0.15	0	0.01	0
0.0366	0.0759	0.1697	1.6129	0.6684	0.0189	0.9511	0.3084	266	268	127	2	5	0.0036	0.1	0	0.01	0
0.0366	0.1223	0.2041	1.6915	0.6381	0.7535	0.4124	0.512	267	0	127	2	6	0.004	0.0729	0	0.01	0
0.0365	0.2166	0.0853	1.5961	0.7395	0.6696	0.4369	0.6006	102	270	351	2	1	0.0046	0.4063	1	0.0365	0
0.0365	0.1059	0.2303	1.6907	0.8696	0.6778	0.434	0.5935	269	271	351	2	2	0.0046	0.4063	0	0.0365	0
0.0378	0.1242	0.2977	1.7372	0.9172	0.7173	-0.6583	-0.2282	270	272	351	2	3	0.0126	0.0833	0	0.0606	0
0.0376	0.0881	0.3841	1.6605	0.8827	0.4691	-0.5692	-0.6753	271	273	351	2	4	0	0.0167	0	0.0524	0
0.0372	0.1764	0.3697	1.7034	0.853	0.8393	0.5349	-0.0976	272	274	351	2	5	0.0034	0.0227	0	0.082	0
0.0365	0.0899	0.4929	1.7932	0.8786	0.5452	0.7399	0.3941	273	275	351	2	6	0.007	0.1333	0	0.01	0
0.0365	0.0102	0.4761	1.8605	0.923	0.0636	0.9189	0.3893	274	0	351	2	7	0.0077	0.05	0	0.01	0
0.0339	0.3465	0.1953	-0.0533	0.2378	0.8738	0.4764	0.0977	108	277	132	2	1	0.0097	0.375	1	0.0353	0
0.0304	0.1471	0.4981	0.1118	0.2717	-0.5996	-0.7378	0.3101	276	278	132	2	2	0.0097	0.375	0	0.0353	0
0.0169	0.0508	0.4046	0.0043	0.3303	-0.6433	-0.7376	-0.2052	277	279	132	2	3	0.0083	0.12	0	0.01	0
0.01	0.0441	0.3592	-0.0337	0.3176	0.0263	-0.9947	0.0992	278	0	132	2	4	0.01	0.05	0	0.01	0
0.0386	0.9087	-0.0985	0.6769	0.9148	0.4841	-0.5584	-0.6737	109	281	133	2	1	0.0208	0.25	1	0.0369	0
0.0369	0.2178	0.3414	0.1695	0.3026	0.2996	0.6111	0.7327	280	282	133	2	2	0.0208	0.25	0	0.0369	0
0.0382	0.2101	0.4367	0.3236	0.4586	0.4092	-0.4505	0.7935	281	283	133	2	3	0.0177	0.1846	0	0.0513	0
0.0279	0.0573	0.5521	0.2508	0.5852	0.8402	-0.2888	0.459	282	284	133	2	4	0.0266	0.0792	0	0.0617	0
0.013	0.0114	0.552	0.2812	0.6178	0.2221	0.3503	-0.9099	283	285	133	2	5	0.01	0.05	0	0.01	0
0.01	0.1002	0.5546	0.2852	0.6073	0.5815	-0.8136	0	284	286	133	2	6	0.01	0.05	0	0.01	0
0.0069	0.0458	0.6128	0.2037	0.6073	0.7041	-0.44	0.5574	285	0	133	2	7	0.01	0.05	0	0.01	0
0.0515	0.3969	-0.1191	0.6767	0.8141	0.8857	-0.46	-0.0622	109	288	145	2	1	0.0046	0.1875	1	0.0549	0
0.0515	0.0981	0.2324	0.4941	0.7894	0.8798	-0.4715	-0.0597	287	289	145	2	2	0.0046	0.1875	0	0.0549	0
0.0201	0.0022	0.3043	0.431	0.7928	0.7521	-0.3296	0.5707	288	290	145	2	3	0.0031	0.15	0	0.01	0
0.01	0.0574	0.2996	0.4224	0.7961	0.3248	-0.0191	0.9456	289	0	145	2	4	0.01	0.05	0	0.01	0
0.0512	0.3279	-0.2159	0.6889	0.8401	-0.9079	-0.2535	-0.3337	109	292	148	2	1	0.0186	0.2606	1	0.0674	0
0.0506	0.3275	-0.5157	0.5888	0.7358	0.1019	0.2728	0.9566	291	293	148	2	2	0.0297	0.2757	0	0.0674	0
0.0501	0.3169	-0.4823	0.664	1.0548	-0.8487	0.1983	0.4902	292	294	148	2	3	0.0078	0.3719	0	0.0519	0
0.0377	0.1577	-0.7719	0.7576	1.1875	-0.6476	0.1194	0.7526	293	295	148	2	4	0.0059	0.625	0	0.0377	0
0.0385	0.0791	-0.8701	0.7899	1.304	-0.6978	0.3017	0.6497	294	296	148	2	5	0.0047	0.7037	0	0.0385	0
0.0449	0.0899	-0.9192	0.8148	1.367	-0.8386	0.3547	0.4134	295	297	148	2	6	0.0062	0.5667	0	0.0449	0
0.0477	0.0915	-0.9831	0.8367	1.425	-0.3864	0.7314	0.562	296	298	148	2	7	0.0171	0.2667	0	0.0594	0
0.0377	0.1128	-1.0735	0.8887	1.4716	-0.1078	0.0715	0.9916	297	299	148	2	8	0.0033	0.2813	0	0.0346	0
0.0377	0.1054	-1.0619	0.9655	1.5906	-0.157	-0.0485	0.9864	298	300	148	2	9	0.0062	0.1528	0	0.0327	0
0.0377	0.0746	-1.1038	0.9492	1.7335	-0.2043	0.9678	0.1468	299	301	148	2	10	0.005	0.2188	0	0.0366	0
0.0377	0.1145	-1.1089	1.0086	1.749	-0.0902	0.2632	0.9605	300	0	148	2	11	0.0099	0.0583	0	0.01	0
0.0486	0.3422	-0.108	0.6694	1.0721	-0.6907	-0.5738	0.4401	109	303	151	2	1	0.0214	0.3633	0	0.0547	0
0.0419	0.1308	-0.3329	0.488	1.2593	-0.9013	-0.2193	0.3735	302	304	151	2	2	0.0054	0.4444	0	0.0419	0
0.0358	0.0505	-0.4322	0.452	1.3326	-0.8047	-0.2525	0.5373	303	305	151	2	3	0.0038	0.5	0	0.0358	0
0.0358	0.1404	-0.4749	0.4533	1.3599	-0.5931	-0.0975	0.7992	304	306	151	2	4	0.0107	0.1458	0	0.0215	0
0.0358	0.206	-0.5163	0.4331	1.5085	-0.66	-0.2061	0.7224	305	307	151	2	5	0.0103	0.0833	0	0.0238	0
0.0358	0.1572	-0.6677	0.394	1.6331	-0.8208	-0.3042	0.4835	306	308	151	2	6	0.0037	0.15	0	0.0342	0
0.0358	0.0559	-0.8084	0.3422	1.7155	0.2168	0.5937	0.775	307	0	151	2	7	0.007	0.0833	0	0.01	0
0.0333	0.1394	-0.0406	0.7396	1.2452	0.5117	-0.616	0.599	110	310	152	2	1	0.0098	0.3125	1	0.0333	0
0.0333	0.0905	0.0307	0.6538	1.3287	0.1391	-0.0864	-0.9865	309	0	152	2	2	0.0098	0.3125	0	0.0333	0
0.0406	0.0601	-0.034	0.8424	1.4139	0.659	0.5262	-0.5374	112	312	153	2	1	0.0065	0.2	1	0.0431	0
0.0405	0.1516	0.0056	0.8741	1.3815	-0.2589	0.1379	0.956	311	313	153	2	2	0.0065	0.2	0	0.0431	0
0.0299	0.1088	0.0124	0.9447	1.5084	0.1057	0.2512	0.9622	312	314	153	2	3	0.0024	0.3125	0	0.0299	0
0.0366	0.0923	0.0568	0.9722	1.6006	0.3544	-0.134	0.9254	313	315	153	2	4	0.0047	0.2188	0	0.0366	0
0.0377	0.2103	0.0711	0.9809	1.6904	0.5537	0.3209	0.7683	314	316	153	2	5	0.0099	0.0357	0	0.063	0
0.0334	0.2352	0.098	1.0874	1.7169	-0.0662	0.9461	0.317	315	317	153	2	6	0.0113	0.0227	0	0.0556	0
0.0248	0.2052	0.1555	1.2529	1.9022	0.0089	0.8914	0.4532	316	318	153	2	7	0.0041	0.0087	0	0.0511	0
0.01	0.3377	0.1462	1.4439	1.992	0.232	0.6156	0.7531	317	319	153	2	8	0.01	0.05	0	0.01	0
0.0053	0.0949	0.2458	1.3811	2.0665	0.7089	-0.3507	0.6119	318	0	153	2	9	0.01	0.05	0	0.01	0
0.0251	0.0508	-0.0464	0.8308	1.4968	0.2998	0.9505	-0.0813	113	321	154	2	1	0.0074	0.1667	1	0.0284	0
0.0215	0.1702	-0.0042	0.8977	1.488	0.5798	-0.8048	0.1271	320	322	154	2	2	0.0077	0.0333	0	0.0284	0
0.0144	0.1409	0.0797	0.7622	1.5081	-0.0025	-0.7487	-0.663	321	323	154	2	3	0.01	0.05	0	0.01	0
0.01	0.0868	0.0793	0.6567	1.4147	-0.231	-0.9241	-0.3044	322	0	154	2	4	0.01	0.05	0	0.01	0
0.0338	0.0772	-0.1272	0.8331	1.7412	-0.5955	0.2165	0.7736	115	325	155	2	1	0.0072	0.375	0	0.0355	0
0.0325	0.1083	-0.1689	0.8562	1.7999	-0.3476	0.3795	0.8574	324	326	155	2	2	0.0032	0.2917	0	0.0347	0
0.0212	0.1493	-0.2248	0.9155	1.8955	0.0571	-0.0951	0.9938	325	327	155	2	3	0.002	0.3125	0	0.0175	0
0.0175	0.1294	-0.2065	0.8976	2.0408	0.2506	-0.1519	0.9561	326	328	155	2	4	0.0027	0.2	0	0.0171	0
0.0123	0.1111	-0.1733	0.8682	2.1612	0.2957	-0.2852	0.9117	327	329	155	2	5	0.01	0.05	0	0.01	0
0.0077	0.1301	-0.1064	0.8533	2.2416	0.5737	-0.1719	0.8008	328	0	155	2	6	0.01	0.05	0	0.01	0
0.0095	0.1485	-0.257	0.1403	0.5897	0.0922	0.5766	-0.8118	124	331	353	2	1	0.0075	0.35	1	0.0354	0
0.0095	0.1489	-0.2308	0.2343	0.4705	-0.0408	-0.0962	0.9945	330	332	353	2	2	0.0218	0.2	0	0.0354	0
0.0095	0.1495	-0.2789	0.2556	0.6337	-0.6216	-0.7762	0.1049	331	333	353	2	3	0.0228	0.1286	0	0.0338	0
0.0095	0.0294	-0.3682	0.1354	0.634	-0.9517	-0.2622	-0.1596	332	0	353	2	4	0.01	0.05	0	0.01	0
0.0311	0.1353	0.2384	0.092	0.5157	0.0389	0.379	-0.9246	0	335	354	0	1	0.0072	0.3	0	0.0358	0
0.0237	0.1152	0.2212	0.1325	0.432	0.7078	0.4882	0.5105	334	336	354	0	2	0.0027	0.3438	0	0.0256	0
0.0155	0.073	0.3096	0.1689	0.5055	0.8172	0.4979	0.2903	335	337	354	0	3	0.0052	0.1125	0	0.01	0
0.01	0.0527	0.3719	0.1994	0.5194	0.9584	0.2482	0.1413	336	0	354	0	4	0.01	0.05	0	0.01	0
0.0067	0.0593	0.4558	-0.1376	0.3188	0.7702	-0.5364	0.3451	128	339	355	2	1	0.0211	0.2	1	0.0415	0
0.0067	0.2905	0.5272	-0.1894	0.4156	0.9484	0.1459	-0.2815	338	340	355	2	2	0.0342	0.08	0	0.0415	0
0.007	0.0876	0.8026	-0.1336	0.3274	-0.9772	0.0788	0.197	339	0	355	2	3	0.01	0.05	0	0.01	0
0.0218	0.1119	-0.0783	-0.1112	0.7107	-0.4538	-0.5128	0.7288	0	342	160	0	1	0.0086	0.2813	0	0.0256	0
0.0115	0.1115	-0.1262	-0.2069	0.7819	0.4809	-0.1941	0.855	341	343	160	0	2	0.0212	0.18	0	0.046	0
0.01	0.0748	-0.0805	-0.2661	0.8747	0.8534	-0.1448	-0.5007	342	0	160	0	3	0.01	0.05	0	0.01	0
0.0229	0.1359	-0.1131	0.0713	0.8485	0.5736	-0.816	0.0715	0	345	161	0	1	0.0067	0.225	0	0.0216	0
0.0166	0.0966	0.0006	-0.0297	0.8688	0.3278	-0.9079	-0.2613	344	346	161	0	2	0.0198	0.275	0	0.0435	0
0.023	0.0732	0.044	-0.0871	0.8424	0.5489	-0.2459	-0.7989	345	0	161	0	3	0.0002	0.0375	0	0.031	0
0.0223	0.1627	-0.1568	-0.0552	0.7749	0.9537	-0.2152	-0.2102	0	348	356	0	1	0.0468	0.1556	0	0.2243	0
0.0255	0.1905	-0.033	-0.0676	0.706	0.7915	0.2271	-0.5674	347	349	356	0	2	0.0198	0.0378	0	0.0872	0
0.01	0.0148	0.1178	-0.0244	0.5979	0.3189	0.5487	-0.7728	348	0	356	0	3	0.01	0.05	0	0.01	0
0.0605	0.5842	0.1106	-0.2592	0.1898	-0.0899	-0.6016	0.7937	135	351	59	2	1	0.0258	0.0702	1	0.0262	1
0.0605	0.1121	-0.0066	-0.666	0.5308	-0.3376	-0.7782	0.5296	350	352	59	2	2	0.0127	0.1368	0	0.0262	1
0.0605	0.0854	0.0064	-0.7882	0.6866	-0.1777	-0.9514	-0.2517	351	353	59	2	3	0.0138	0.1228	0	0.0297	1
0.0605	0.3009	-0.0057	-0.8721	0.6673	-0.4617	-0.822	-0.3335	352	354	59	2	4	0.0096	0.3143	0	0.0631	1
0.0605	0.1717	-0.1238	-1.096	0.5323	-0.0969	-0.7974	-0.5956	353	355	59	2	5	0.0081	0.6026	0	0.0605	1
0.0605	0.1759	-0.1881	-1.2657	0.5066	0.0733	-0.9325	-0.3537	354	356	59	2	6	0.0248	0.4211	0	0.0742	1
0.0605	0.0491	-0.2419	-1.3946	0.3863	-0.6784	-0.6076	0.413	355	357	59	2	7	0.0173	0.2	0	0.0528	1
0.0605	0.1024	-0.2687	-1.4404	0.358	-0.729	-0.6737	0.1215	356	358	59	2	8	0.015	0.0752	0	0.0374	1
0.0605	0.2124	-0.3249	-1.5394	0.3248	-0.7826	-0.616	0.0898	357	359	59	2	9	0.0077	0.0431	0	0.0399	1
0.0605	0.16	-0.4985	-1.6628	0.3801	-0.7315	-0.6818	-0.0068	358	360	59	2	10	0.0052	0.0526	0	0.0287	1
0.0605	0.1645	-0.6321	-1.7245	0.2681	-0.9572	-0.2888	0.0203	359	361	59	2	11	0.0046	0.0338	0	0.0231	1
0.0605	0.0881	-0.785	-1.7128	0.2884	-0.9959	0.0584	0.0693	360	362	59	2	12	0.0063	0.0842	0	0.01	1
0.0605	0.1185	-0.8238	-1.8381	0.3697	-0.8898	-0.4269	-0.1614	361	363	59	2	13	0.0112	0.0526	0	0.0746	1
0.0605	0.0625	-0.8374	-1.927	0.4016	-0.5334	-0.1756	0.8275	362	364	59	2	14	0.008	0.0292	0	0.01	1
0.0605	0.1409	-0.9697	-1.9137	0.4329	-0.0759	0.4427	0.8935	363	0	59	2	15	0.0095	0.0409	0	0.01	1
0.0529	0.4078	0.1097	-0.0665	0.1313	-0.1137	-0.3404	0.9334	135	366	60	2	1	0.0188	0.3137	1	0.0636	1
0.0518	0.6895	0.0572	-0.2012	0.5099	-0.5732	-0.5409	0.6155	365	367	60	2	2	0.0285	0.3429	0	0.0636	1
0.0505	0.1274	-0.3069	-0.6004	0.8358	-0.6643	-0.7474	-0.0101	366	368	60	2	3	0.0186	0.3125	0	0.0561	1
0.0449	0.1948	-0.3476	-0.7598	0.8878	-0.4508	-0.7325	-0.5102	367	369	60	2	4	0.008	0.2714	0	0.0449	1
0.0327	0.083	-0.4392	-0.9003	0.786	-0.3699	-0.896	-0.2459	368	370	60	2	5	0.005	0.4583	0	0.0304	1
0.0312	0.2392	-0.464	-0.9784	0.7663	-0.5449	-0.8364	0.0591	369	371	60	2	6	0.0058	0.3125	0	0.0299	1
0.0304	0.15	-0.5869	-1.1826	0.7824	-0.4281	-0.8827	-0.194	370	372	60	2	7	0.0046	0.325	0	0.0271	1
0.0304	0.1768	-0.6495	-1.3145	0.7497	-0.3336	-0.8977	-0.2877	371	373	60	2	8	0.0039	0.3542	0	0.0281	1
0.0304	0.1089	-0.7216	-1.4602	0.6869	-0.3754	-0.801	-0.4662	372	374	60	2	9	0.0139	0.2639	0	0.0278	1
0.0304	0.1501	-0.7478	-1.5606	0.6502	-0.4143	-0.8387	-0.3535	373	375	60	2	10	0.0069	0.1857	0	0.0239	1
0.0304	0.0902	-0.7914	-1.6855	0.5752	-0.3888	-0.8458	-0.3652	374	376	60	2	11	0.01	0.05	0	0.01	1
0.0304	0.0859	-0.8302	-1.7581	0.5805	-0.6829	-0.7305	0.0048	375	0	60	2	12	0.0088	0.14	0	0.01	1
0.0094	0.4553	0.0379	-0.8699	0.3193	-0.3118	0.8094	0.4977	136	378	61	2	1	0.009	0.15	1	0.0438	1
0.0094	0.1501	-0.1346	-0.5089	0.5681	0.0022	-0.9479	-0.3185	377	379	61	2	2	0.0128	0.0625	0	0.0438	1
0.005	0.1447	-0.1309	-0.6511	0.5214	-0.1882	0.83	0.5251	378	0	61	2	3	0.0396	0.0615	0	0.0894	1
0.0446	0.1818	0.0752	-1.14	0.2701	-0.5725	-0.743	-0.3467	136	381	65	2	1	0.0063	0.4667	1	0.0444	1
0.0445	0.179	-0.0289	-1.2751	0.2071	-0.1172	0.7666	0.6313	380	382	65	2	2	0.0063	0.4667	0	0.0444	1
0.0541	0.3709	-0.0502	-1.1304	0.3148	-0.0905	0.5773	0.8115	381	383	65	2	3	0.0105	0.0519	0	0.0668	1
0.0444	0.0199	-0.0685	-0.8942	0.6142	0.0737	0.0202	0.9971	382	0	65	2	4	0.01	0.05	0	0.01	1
0.0343	0.2765	0.0851	-1.1642	0.2697	-0.3765	-0.8738	-0.3078	136	385	66	2	1	0.0042	0.5	1	0.0343	1
0.0343	0.0673	-0.019	-1.4058	0.1846	-0.4224	-0.8999	0.1083	384	386	66	2	2	0.0042	0.5	0	0.0343	1
0.0381	0.0955	-0.0307	-1.461	0.1942	0.2643	-0.9339	0.2406	385	387	66	2	3	0.0066	0.2963	0	0.0406	1
0.032	0.1159	-0.0497	-1.5638	0.2304	0.3713	-0.3867	0.8442	386	388	66	2	4	0.0088	0.0519	0	0.0233	1
0.032	0.1201	0.0333	-1.6198	0.3238	-0.1497	-0.7806	0.6069	387	389	66	2	5	0.0039	0.375	0	0.0291	1
0.032	0.1048	-0.0136	-1.7207	0.4017	0.2881	-0.8097	0.5113	388	390	66	2	6	0.0039	0.4063	0	0.032	1
0.032	0.2243	0.0054	-1.788	0.5125	-0.0758	-0.957	0.2799	389	391	66	2	7	0.0045	0.2188	0	0.0286	1
0.032	0.1072	-0.0155	-2.0236	0.5558	0.4565	-0.6497	0.6079	390	0	66	2	8	0.006	0.0568	0	0.0222	1
0.0527	0.3157	0.178	-1.3627	0.4477	0.3161	0.6432	0.6974	138	393	68	2	1	0.0105	0.1429	1	0.0616	1
0.0436	0.2095	0.2837	-1.1543	0.6671	-0.6162	0.7296	0.2966	392	394	68	2	2	0.0183	0.0974	0	0.0616	1
0.0309	0.2245	0.1958	-1.0753	0.7944	0.0324	-0.6512	-0.7582	393	395	68	2	3	0.003	0.325	0	0.0346	1
0.0133	0.0096	0.2079	-1.2353	0.6296	0.5823	-0.1077	-0.8058	394	396	68	2	4	0.01	0.05	0	0.01	1
0.0087	0.0608	0.2127	-1.2365	0.6264	-0.2909	0.9566	-0.0176	395	0	68	2	5	0.01	0.05	0	0.01	1
0.0129	0.1809	0.1255	-2.1234	0.7874	-0.3082	0.7239	0.6172	144	398	73	2	1	0.0044	0.0778	0	0.0361	1
0.0085	0.0952	0.0841	-1.977	0.8976	-0.1785	0.2569	0.9498	397	399	73	2	2	0.02	0.1333	0	0.0317	1
0.0086	0.176	0.0378	-1.9669	0.9959	0.0031	0.4754	0.8798	398	0	73	2	3	0.01	0.05	0	0.01	1
0.0287	0.1816	0.2157	-2.3517	0.8143	0.0642	-0.9421	0.3292	146	401	75	2	1	0.0065	0.3125	0	0.0302	1
0.0215	0.0973	0.2583	-2.5227	0.8827	0.0103	-0.9995	-0.0293	400	402	75	2	2	0.0094	0.06	0	0.0279	1
0.01	0.1029	0.2441	-2.6078	0.8904	0.3251	-0.3526	0.8775	401	0	75	2	3	0.01	0.05	0	0.01	1
0.0265	0.1442	0.0644	-2.6419	0.8389	-0.1637	0.6802	0.7145	148	404	76	2	1	0.0093	0.2813	0	0.0282	1
0.01	0.0659	0.0591	-2.5139	0.9378	-0.6653	0.4872	0.5657	403	0	76	2	2	0.01	0.05	0	0.01	1
0.0322	0.2939	-1.6081	1.1952	0.6424	0.2551	-0.7779	0.5742	178	406	357	3	1	0.0064	0.4063	0	0.0322	1
0.0322	0.0824	-1.5304	0.9724	0.8181	0.4403	-0.7657	0.4689	405	407	357	3	2	0.0111	0.3182	0	0.087	1
0.0322	0.0541	-1.5064	0.8985	0.8535	0.4142	-0.6611	0.6257	406	0	357	3	3	0.01	0.05	0	0.01	1
0.0107	0.04	0.8025	-0.2701	0.5015	0.4174	-0.2867	0.8623	218	409	281	3	1	0.0059	0.2917	1	0.0257	1
0.0107	0.0558	0.8122	-0.2846	0.5466	0.3505	-0.9359	-0.0365	408	410	281	3	2	0.0117	0.175	0	0.0257	1
0.0133	0.1207	0.8681	-0.3279	0.5698	0.5769	-0.0476	-0.8154	409	0	281	3	3	0.0054	0.1833	0	0.019	1
0.032	0.0335	0.3428	0.9129	0.4752	-0.9602	-0.1136	-0.255	235	412	209	3	1	0.0043	0.225	1	0.0351	0
0.0274	0.1386	0.3147	0.904	0.4621	-0.2189	0.5434	-0.8104	411	413	209	3	2	0.006	0.1	0	0.0351	0
0.0164	0.1306	0.3025	0.9546	0.3393	-0.6201	-0.1243	-0.7746	412	414	209	3	3	0.0072	0.1167	0	0.01	0
0.01	0.1586	0.2106	0.9318	0.2413	-0.1222	-0.2649	-0.9565	413	0	209	3	4	0.01	0.05	0	0.01	0
0.01	0.0509	0.5272	0.6112	0.3499	0.6705	-0.7218	0.1715	241	416	211	3	1	0.01	0.05	1	0.01	0
0.01	0.1038	0.5613	0.5744	0.3587	0.8888	-0.4114	-0.2018	415	417	211	3	2	0.01	0.05	0	0.01	0
0.01	0.0212	0.6537	0.5317	0.3377	0.3957	0.4998	0.7705	416	0	211	3	3	0.01	0.05	0	0.01	0
0.0186	0.2253	0.6599	0.7038	0.6916	0.4427	-0.7818	-0.4391	250	419	218	3	1	0.0189	0.11	1	0.0347	0
0.0186	0.0584	0.7745	0.5505	0.5659	-0.3358	-0.6164	-0.7122	418	420	218	3	2	0.012	0.25	0	0.0347	0
0.0111	0.0579	0.7637	0.5289	0.5021	-0.4371	-0.6661	-0.6044	419	0	218	3	3	0.0049	0.0714	0	0.031	0
0.0256	0.0416	0.6086	0.7275	0.7169	-0.5634	0.0053	0.8262	248	422	221	3	1	0.0051	0.25	1	0.0256	1
0.0256	0.0844	0.5852	0.7278	0.7513	0.6639	-0.7373	0.1254	421	423	221	3	2	0.0051	0.25	0	0.0256	1
0.0294	0.209	0.6426	0.6519	0.7815	0.825	-0.4351	-0.3606	422	424	221	3	3	0.0073	0.1	0	0.038	1
0.0216	0.1275	0.791	0.5632	0.6749	0.6316	-0.5674	-0.5284	423	425	221	3	4	0.0107	0.1286	0	0.0516	1
0.009	0.0575	0.8467	0.467	0.5829	0.7924	-0.547	-0.27	424	0	221	3	5	0.01	0.05	0	0.01	1
0.014	0.0963	0.6832	0.7948	0.7063	0.6015	0.2763	-0.7495	250	427	365	3	1	0.0143	0.18	0	0.0406	0
0.0063	0.1597	0.71	0.8205	0.6043	0.0648	-0.9972	-0.0372	426	428	365	3	2	0.0322	0.15	0	0.0737	0
0.0066	0.053	0.719	0.6604	0.5994	0.5873	0.053	0.8076	427	0	365	3	3	0.01	0.05	0	0.01	0
0.009	0.0905	-0.7924	0.7809	1.1661	-0.7538	0.6421	-0.1392	294	430	240	3	1	0.0223	0.1739	0	0.0316	0
0.0094	0.0866	-0.8516	0.8411	1.1679	-0.7315	0.5704	0.3735	429	0	240	3	2	0.0183	0.35	0	0.0935	0
0.0366	0.195	-0.9073	0.8138	1.2915	-0.2899	0.3201	-0.9019	295	432	367	3	1	0.004	0.1591	1	0.0521	0
0.0336	0.1163	-0.9524	0.8945	1.1163	-0.6474	0.3778	0.6619	431	433	367	3	2	0.0081	0.1212	0	0.0521	0
0.0273	0.1371	-1.0313	0.9895	1.1981	0.4599	0.1149	-0.8805	432	434	367	3	3	0.0031	0.225	0	0.0281	0
0.0199	0.0898	-0.9948	1.0214	1.0771	0.1567	0.238	-0.9585	433	435	367	3	4	0.0023	0.3333	0	0.0201	0
0.0136	0.0825	-0.9812	1.0437	0.9911	0.3739	0.2987	-0.8781	434	0	367	3	5	0.0095	0.1	0	0.0214	0
0.01	0.0287	-0.4821	0.4179	1.3325	-0.7052	-0.6444	-0.2958	304	437	245	3	1	0.01	0.05	1	0.01	0
0.01	0.1064	-0.5024	0.3994	1.324	-0.9993	-0.0139	-0.0344	436	438	245	3	2	0.01	0.05	0	0.01	0
0.01	0.0985	-0.6101	0.4029	1.3214	0.3221	-0.1137	0.9398	437	0	245	3	3	0.01	0.05	0	0.01	0
0.023	0.0836	-0.2906	-1.3808	0.4456	-0.5212	-0.5781	0.6279	356	440	165	3	1	0.0043	0.375	0	0.0191	1
0.0231	0.1067	-0.3178	-1.4506	0.4799	-0.4959	-0.7502	0.4373	439	441	165	3	2	0.0037	0.4063	0	0.023	1
0.0236	0.1101	-0.3913	-1.5352	0.5241	0.1597	-0.9203	0.357	440	442	165	3	3	0.0028	0.3438	0	0.0241	1
0.023	0.0518	-0.362	-1.6367	0.555	-0.2888	-0.8777	-0.3824	441	0	165	3	4	0.0064	0.12	0	0.01	1
0.0347	0.4438	-0.0565	-0.9236	0.7035	-0.6077	-0.5387	0.5836	353	444	166	3	1	0.0059	0.45	1	0.0347	1
0.0347	0.1397	-0.3262	-1.1627	0.9625	-0.1386	-0.8863	0.4419	443	445	166	3	2	0.0059	0.45	0	0.0347	1
0.0361	0.1096	-0.3374	-1.2937	1.05	-0.0757	-0.9661	-0.2468	444	446	166	3	3	0.0048	0.4375	0	0.0361	1
0.0454	0.2411	-0.3264	-1.3997	1.0395	-0.151	-0.9732	0.1734	445	447	166	3	4	0.008	0.4091	0	0.0494	1
0.0401	0.0805	-0.3378	-1.5803	1.1052	-0.0526	-0.383	0.9223	446	448	166	3	5	0.0044	0.2963	0	0.0413	1
0.036	0.128	-0.3379	-1.6416	1.192	-0.2738	0.3342	0.9019	447	449	166	3	6	0.0056	0.2813	0	0.036	1
0.0382	0.1914	-0.3275	-1.6237	1.3334	-0.2617	0.4257	0.8662	448	450	166	3	7	0.0028	0.1667	0	0.0384	1
0.0347	0.0159	-0.4317	-1.5628	1.4958	0.0162	-0.2063	0.9784	449	451	166	3	8	0.0073	0.1273	0	0.01	1
0.0347	0.1016	-0.4302	-1.563	1.5089	-0.2813	0.6739	0.6832	450	452	166	3	9	0.0079	0.1061	0	0.01	1
0.0347	0.0641	-0.4144	-1.5085	1.5664	0.2139	-0.1399	0.9668	451	0	166	3	10	0.0067	0.0909	0	0.01	1
0.0323	0.0769	-0.2341	-1.3368	0.5152	-0.8191	-0.3582	0.448	355	454	168	3	1	0.0058	0.325	1	0.0329	1
0.0321	0.1437	-0.2971	-1.3643	0.5496	-0.186	-0.508	0.841	453	455	168	3	2	0.0058	0.325	0	0.0329	1
0.0308	0.0614	-0.313	-1.4643	0.6721	0.2352	0.1507	0.9602	454	456	168	3	3	0.0037	0.4167	0	0.0306	1
0.0306	0.1167	-0.2887	-1.4962	0.7328	0.4094	0.1349	0.9023	455	0	168	3	4	0.0106	0.07	0	0.0223	1
0.0232	0.2049	-0.2019	-1.3281	0.545	-0.2884	-0.2051	0.9353	355	458	169	3	1	0.0074	0.1607	1	0.0262	1
0.0201	0.2082	-0.2559	-1.3735	0.7347	0.2654	-0.137	0.9543	457	459	169	3	2	0.0079	0.0818	0	0.0262	1
0.0138	0.0892	-0.2205	-1.3941	0.9542	0.5388	0.8173	0.2041	458	460	169	3	3	0.01	0.05	0	0.01	1
0.01	0.0128	-0.1592	-1.3282	0.9613	0.4277	-0.4424	0.7883	459	0	169	3	4	0.01	0.05	0	0.01	1
0.0142	0.1263	-0.2119	-1.4101	0.3214	-0.0649	-0.9907	0.1193	357	462	371	3	1	0.0331	0.1286	0	0.0541	1
0.0278	0.1338	-0.2146	-1.5297	0.3223	-0.1837	-0.89	-0.4173	461	463	371	3	2	0.0066	0.2167	0	0.0409	1
0.01	0.1075	-0.2107	-1.6553	0.2715	-0.1113	-0.869	-0.4822	462	0	371	3	3	0.01	0.05	0	0.01	1
0.0479	0.2676	0.0437	-0.2457	0.6002	0.6526	0.0031	0.7577	366	465	171	3	1	0.0124	0.25	1	0.0479	1
0.0462	0.0953	0.2184	-0.2449	0.8029	0.3887	-0.6015	-0.6979	464	466	171	3	2	0.0124	0.25	0	0.0479	1
0.0415	0.1944	0.2999	-0.2915	0.8057	0.463	0.7814	-0.4184	465	467	171	3	3	0.0123	0.0974	0	0.0507	1
0.0302	0.1318	0.4158	-0.1476	0.7059	0.5954	0.0713	0.8003	466	468	171	3	4	0.0034	0.2	0	0.0302	1
0.0177	0.0965	0.4827	-0.138	0.8174	0.4556	0.2092	0.8653	467	469	171	3	5	0.0124	0.14	0	0.01	1
0.0104	0.0336	0.5322	-0.1572	0.8968	0.2408	-0.0641	0.9685	468	470	171	3	6	0.01	0.05	0	0.01	1
0.0051	0.053	0.5403	-0.1593	0.9293	0.2284	0.1468	0.9624	469	0	171	3	7	0.01	0.05	0	0.01	1
0.0327	0.0465	-0.1914	-0.3705	0.7681	-0.4834	0.8017	0.3517	366	472	172	3	1	0.0094	0.375	1	0.0335	1
0.0319	0.1482	-0.2139	-0.3332	0.7845	0.0157	0.6791	0.7339	471	473	172	3	2	0.0094	0.375	0	0.0335	1
0.0277	0.1241	-0.222	-0.2283	0.8913	-0.3258	-0.4177	0.8481	472	474	172	3	3	0.0124	0.2346	0	0.0266	1
0.0279	0.123	-0.2795	-0.2681	0.9876	-0.3071	0.2514	0.9179	473	0	172	3	4	0.0032	0.2	0	0.0312	1
0.048	0.2605	-0.2937	-0.6115	0.7883	0.7036	-0.485	-0.5193	367	476	173	3	1	0.0146	0.0433	1	0.1004	1
0.048	0.114	-0.1387	-0.7513	0.7185	-0.176	-0.9464	-0.2709	475	477	173	3	2	0.0031	0.0938	0	0.1004	1
0.0176	0.0796	-0.1927	-0.8592	0.7101	-0.3076	-0.8296	-0.466	476	478	173	3	3	0.0083	0.1167	0	0.01	1
0.01	0.0584	-0.2276	-0.9164	0.6672	-0.0228	-0.5702	-0.8212	477	0	173	3	4	0.01	0.05	0	0.01	1
0.0337	0.2105	-0.1018	-0.4028	0.7536	0.7687	-0.2695	0.58	366	480	175	3	1	0.0097	0.4375	1	0.0337	1
0.0337	0.1088	0.06	-0.4596	0.8757	0.4119	0.3558	0.8389	479	0	175	3	2	0.0097	0.4375	0	0.0337	1
0.0271	0.1151	-0.6769	-1.361	0.764	0.0425	0.1808	0.9826	372	482	177	3	1	0.0092	0.2708	0	0.0265	1
0.0289	0.0701	-0.6997	-1.3217	0.873	-0.0518	0.1397	0.9888	481	483	177	3	2	0.0104	0.325	0	0.0381	1
0.0289	0.0668	-0.6959	-1.3123	0.9419	0.0534	0.0303	0.9981	482	484	177	3	3	0.0116	0.325	0	0.0339	1
0.01	0.0882	-0.6881	-1.3047	1.0048	-0.0212	0.5784	0.8155	483	0	177	3	4	0.01	0.05	0	0.01	1
0.015	0.4952	-0.3163	-0.6819	0.9864	-0.0657	-0.2962	0.9529	368	486	372	3	1	0.0108	0.246	0	0.0664	1
0.0091	0.0742	-0.3857	-0.8368	1.4686	0.2977	-0.1512	0.9426	485	487	372	3	2	0.0306	0.1814	0	0.0351	1
0.0107	0.0716	-0.3665	-0.8413	1.5406	-0.0603	-0.3005	0.9519	486	0	372	3	3	0.0061	0.1667	0	0.0158	1
0.0262	0.1007	-0.3874	-0.776	0.9103	-0.771	-0.189	0.6081	368	489	267	3	1	0.0057	0.3333	1	0.0262	1
0.0262	0.0691	-0.465	-0.795	0.9716	0.027	-0.8994	0.4362	488	490	267	3	2	0.0057	0.3333	0	0.0262	1
0.0318	0.0978	-0.434	-0.8782	0.9495	-0.7289	-0.6707	-0.137	489	491	267	3	3	0.0048	0.2813	0	0.0335	1
0.0275	0.0823	-0.5147	-0.9671	0.8987	-0.495	-0.6763	0.5456	490	492	267	3	4	0.0044	0.375	0	0.028	1
0.027	0.099	-0.5422	-1.0191	0.9411	0.1714	-0.8938	-0.4144	491	493	267	3	5	0.0097	0.3	0	0.0343	1
0.0118	0.0906	-0.5198	-1.1002	0.8809	0.5803	-0.8015	-0.1444	492	494	267	3	6	0.01	0.05	0	0.01	1
0.0073	0.044	-0.4672	-1.1728	0.8678	0.49	-0.3536	-0.7968	493	0	267	3	7	0.01	0.05	0	0.01	1
0.037	0.1	0.1063	-2.1097	0.7981	-0.6969	-0.5099	-0.5043	397	496	373	3	1	0.0064	0.425	1	0.037	1
0.037	0.1475	0.0366	-2.1607	0.7477	0.2826	0.164	0.9451	495	497	373	3	2	0.0064	0.425	0	0.037	1
0.037	0.0861	0.0635	-2.13	0.8825	-0.3072	-0.0285	0.9512	496	498	373	3	3	0.0143	0.4	0	0.0435	1
0.037	0.0809	0.0358	-2.1282	0.9643	-0.199	-0.0462	0.9789	497	499	373	3	4	0.0133	0.2667	0	0.0524	1
0.037	0.1167	0.026	-2.0808	1.0429	-0.7243	0.0972	0.6826	498	0	373	3	5	0.0081	0.2292	0	0.0338	1
0.0138	0.1926	-1.515	1.0033	0.7728	0.4946	-0.6049	-0.6241	405	0	374	4	1	0.0307	0.27	0	0.0449	1
0.0095	0.1646	0.5542	0.5786	0.3474	0.6381	-0.7677	-0.0596	415	502	378	4	1	0.0036	0.25	1	0.0422	0
0.0095	0.1089	0.6675	0.4824	0.3242	0.4083	0.2758	0.8702	501	503	378	4	2	0.0096	0.1167	0	0.0422	0
0.0095	0.088	0.6978	0.5055	0.418	-0.4408	0.8567	0.2679	502	504	378	4	3	0.012	0.25	0	0.022	0
0.0095	0.093	0.6629	0.6015	0.4461	-0.9817	0.1883	-0.0269	503	0	378	4	4	0.01	0.05	0	0.01	0
0.0124	0.2262	0.5917	0.6269	0.4548	-0.407	0.8799	0.2451	0	0	379	0	1	0.0239	0.15	0	0.0371	0
0.0079	0.194	-0.9817	1.007	1.07	0.7203	-0.6935	-0.0111	434	0	384	4	1	0.0192	0.21	0	0.0273	0
0.033	0.2148	-0.3219	-1.1684	1.0032	-0.6534	0.0408	0.7559	444	508	256	4	1	0.0128	0.0744	0	0.0657	1
0.0209	0.2046	-0.4481	-1.1662	1.1729	-0.325	0.2914	0.8997	507	509	256	4	2	0.0078	0.1	0	0.0266	1
0.0145	0.0192	-0.533	-1.1132	1.3465	-0.5554	0.4613	0.6919	508	510	256	4	3	0.01	0.05	0	0.01	1
0.01	0.1554	-0.5437	-1.1043	1.3598	-0.6498	0.1061	0.7527	509	0	256	4	4	0.01	0.05	0	0.01	1
0.0194	0.3355	-0.3537	-1.1851	1.0038	-0.1324	-0.6999	0.7019	444	512	257	4	1	0.0062	0.375	0	0.0214	1
0.0079	0.0635	-0.398	-1.4206	1.2392	-0.0675	-0.0993	0.9928	511	0	257	4	2	0.0174	0.12	0	0.0814	1
0.0147	0.1272	-0.359	-1.3159	1.0751	-0.5487	-0.0488	0.8346	445	514	258	4	1	0.0063	0.3	1	0.0457	1
0.0147	0.0805	-0.432	-1.3319	1.1626	-0.9484	0.317	-0.0034	513	515	258	4	2	0.0251	0.2	0	0.0457	1
0.01	0.077	-0.5174	-1.2878	1.1669	0.8922	0.3763	0.2498	514	0	258	4	3	0.01	0.05	0	0.01	1
0.0085	0.0594	-0.2742	-1.4597	0.7983	-0.1978	-0.5823	-0.7885	456	517	386	4	1	0.0083	0.1	0	0.0238	1
0.0086	0.1677	-0.2901	-1.5061	0.7633	-0.2373	-0.6456	-0.7258	516	0	386	4	2	0.01	0.05	0	0.01	1
0.0038	0.1972	0.3533	-0.2193	0.72	-0.2263	-0.3136	0.9222	466	519	264	4	1	0.0672	0.075	0	0.084	1
0.0154	0.1271	0.3112	-0.2527	0.9715	0.5726	-0.7662	0.2917	518	520	264	4	2	0.0296	0.22	0	0.0518	1
0.0082	0.0797	0.3552	-0.3338	1.0416	0.7667	0.475	0.432	519	0	264	4	3	0.0092	0.0625	0	0.0505	1
0.0439	0.1425	0.2035	-0.3015	0.7417	0.0374	-0.2061	0.9778	465	522	388	4	1	0.0106	0.46	0	0.0476	1
0.0402	0.0634	0.2038	-0.3302	0.8767	-0.5484	-0.6393	0.539	521	523	388	4	2	0.0059	0.4444	0	0.0397	1
0.0397	0.1409	0.1619	-0.389	0.9121	0.425	-0.1062	0.899	522	524	388	4	3	0.0052	0.1154	0	0.01	1
0.0397	0.0334	0.2237	-0.3954	1.0374	0.711	-0.0462	0.7017	523	0	388	4	4	0.0058	0.0769	0	0.01	1
0.0119	0.1166	-0.1824	-0.6311	0.7369	0.2366	-0.5309	0.8137	475	526	389	4	1	0.0293	0.1714	0	0.0561	1
0.01	0.0828	-0.1315	-0.7265	0.7974	0.1869	-0.6372	0.7477	525	0	389	4	2	0.01	0.05	0	0.01	1
0.0143	0.2222	-0.356	-0.8137	1.3811	-0.8149	-0.5781	-0.0423	485	528	180	4	1	0.0044	0.2	1	0.0477	1
0.0143	0.1356	-0.5583	-0.9338	1.3458	0.6722	-0.3399	-0.6577	527	529	180	4	2	0.0121	0.1	0	0.0477	1
0.0111	0.1132	-0.4278	-0.9927	1.3085	0.552	0.8045	-0.2192	528	530	180	4	3	0.01	0.05	0	0.01	1
0.01	0.0446	-0.3653	-0.9016	1.2837	-0.2987	0.853	-0.428	529	0	180	4	4	0.01	0.05	0	0.01	1
0.0352	0.0662	0.0197	-2.1896	0.7649	-0.3243	-0.65	0.6873	496	532	185	4	1	0.0086	0.3333	1	0.0382	1
0.0352	0.0639	-0.0017	-2.2326	0.8104	0.4578	-0.5992	0.6568	531	533	185	4	2	0.0086	0.3333	0	0.0382	1
0.0168	0.1006	0.0186	-2.264	0.8462	-0.2215	0.48	0.8488	532	534	185	4	3	0.0061	0.1	0	0.01	1
0.01	0.0927	-0.0081	-2.2247	0.9282	-0.5001	-0.0779	0.8625	533	0	185	4	4	0.01	0.05	0	0.01	1
0.0123	0.154	-0.3872	-1.1762	1.1248	-0.0367	-0.7158	0.6974	507	536	392	5	1	0.0129	0.1375	0	0.036	1
0.0108	0.1028	-0.4025	-1.2835	1.233	0.0665	-0.057	0.9962	535	537	392	5	2	0.01	0.05	0	0.01	1
0.01	0.0729	-0.3957	-1.2893	1.3353	-0.0288	-0.8546	-0.5185	536	0	392	5	3	0.01	0.05	0	0.01	1
