radius (m)	length (m)	start_point	axis_direction	parent	extension	branch	branch_order	position_in_branch	mad	SurfCov	added	UnmodRadius (m)	Rama_podada
0.057	0.2563	0.0167	0.0294	-2.5825	-0.1157	0.0917	0.989	0	2	1	0	1	0.0116	0.7037	0	0.057	0
0.0499	0.1322	-0.0059	0.0621	-2.3296	0.0613	0.0173	0.998	1	3	1	0	2	0.0075	0.8545	0	0.0499	0
0.0503	0.1687	-0.0132	0.0503	-2.1953	0.0671	0.094	0.9933	2	4	1	0	3	0.0075	0.8939	0	0.0503	0
0.0466	0.1631	-0.0128	0.0655	-2.0283	-0.0521	0.0397	0.9979	3	5	1	0	4	0.0073	0.9	0	0.0466	0
0.045	0.1677	-0.0123	0.0611	-1.8636	-0.0872	0.1088	0.9902	4	6	1	0	5	0.0069	0.9333	0	0.045	0
0.0487	0.1238	-0.0246	0.0895	-1.6976	0.1247	-0.0195	0.992	5	7	1	0	6	0.0077	0.9091	0	0.0487	0
0.05	0.1057	-0.0324	0.079	-1.5709	0.1443	0.0608	0.9877	6	8	1	0	7	0.008	0.9091	0	0.05	0
0.0511	0.148	-0.002	0.1113	-1.4573	-0.2282	-0.2058	0.9516	7	9	1	0	8	0.0079	0.7576	0	0.0511	0
0.0517	0.1427	-0.0061	0.102	-1.3086	-0.1974	-0.0859	0.9766	8	10	1	0	9	0.0084	0.7879	0	0.0517	0
0.0511	0.1396	-0.0107	0.1153	-1.1584	-0.2982	-0.1286	0.9458	9	11	1	0	10	0.0087	0.7879	0	0.0511	0
0.0539	0.12	-0.0262	0.1073	-1.0276	0.1141	-0.1694	0.9789	10	12	1	0	11	0.0097	0.7167	0	0.0539	0
0.0512	0.113	-0.0262	0.1101	-0.9085	-0.0648	-0.1078	0.9921	11	13	1	0	12	0.0092	0.7636	0	0.0512	0
0.053	0.1448	-0.0262	0.0956	-0.7938	-0.2359	0.3086	0.9215	12	14	1	0	13	0.0105	0.8	0	0.053	0
0.0624	0.3346	-0.0517	0.1319	-0.6677	0.3729	-0.3677	0.8519	13	15	1	0	14	0.0148	0.494	0	0.066	0
0.0709	0.0028	0.0084	0.0395	-0.3198	0.5415	-0.3862	0.7467	14	16	1	0	15	0.0377	0.6879	0	0.0713	0
0.0671	0.3047	0.0205	0.0489	-0.371	-0.4051	0.9091	0.0969	15	17	1	0	16	0.0402	0.5409	0	0.0738	0
0.045	0.3444	-0.086	0.2993	-0.316	-0.8496	-0.5272	0.0145	16	0	1	0	17	0.0068	0.0233	0	0.01	0
0.0512	0.4475	-0.07	0.0768	-0.9882	-0.6605	-0.4601	0.5933	11	19	14	1	1	0.0167	0.2541	1	0.0593	0
0.0505	0.9609	-0.3665	-0.1281	-0.7259	0.0975	0.9589	0.2664	18	20	14	1	2	0.0259	0.2577	0	0.0593	0
0.0477	0.1073	-0.3244	0.7805	-0.4712	-0.2361	0.9143	0.3291	19	21	14	1	3	0.0074	0.775	0	0.0477	0
0.0534	0.1002	-0.3569	0.8811	-0.4432	-0.0288	0.9318	0.3617	20	22	14	1	4	0.0078	0.7083	0	0.0534	0
0.0502	0.143	-0.3528	0.9901	-0.4072	-0.8662	0.3924	0.3094	21	23	14	1	5	0.009	0.5238	0	0.0544	0
0.0504	0.1448	-0.4199	1.1453	-0.3253	-0.8319	0.2996	0.4672	22	24	14	1	6	0.0098	0.5844	0	0.0521	0
0.0433	0.0957	-0.5139	1.1939	-0.2583	-0.1345	0.7515	0.6458	23	25	14	1	7	0.006	0.6333	0	0.0433	0
0.0375	0.1023	-0.5295	1.2644	-0.1926	-0.3474	0.9343	0.0802	24	26	14	1	8	0.0061	0.7813	0	0.0375	0
0.0409	0.0846	-0.5514	1.3677	-0.184	-0.379	0.6366	0.6717	25	27	14	1	9	0.0054	0.6389	0	0.0385	0
0.0442	0.0758	-0.5863	1.4227	-0.1285	-0.0002	0.7734	0.6339	26	28	14	1	10	0.006	0.8667	0	0.0442	0
0.0498	0.0789	-0.5917	1.4807	-0.0801	-0.0271	0.6582	0.7524	27	29	14	1	11	0.007	0.8182	0	0.0498	0
0.0499	0.1267	-0.5883	1.5585	-0.0216	-0.5286	0.1414	0.837	28	30	14	1	12	0.0218	0.5536	0	0.0585	0
0.0497	0.1324	-0.6713	1.6207	0.0778	-0.5522	-0.0764	0.8302	29	31	14	1	13	0.009	0.5909	0	0.0519	0
0.043	0.2672	-0.7291	1.6161	0.2072	-0.5404	0.8185	0.195	30	32	14	1	14	0.0071	0.5222	0	0.0442	0
0.0383	0.0824	-0.8399	1.8408	0.2803	-0.4709	0.6825	0.559	31	33	14	1	15	0.0062	0.5926	0	0.0383	0
0.0306	0.085	-0.8821	1.9006	0.3209	-0.0647	0.8118	0.5803	32	34	14	1	16	0.0049	0.4583	0	0.0306	0
0.0306	0.1346	-0.8733	1.956	0.3819	-0.0942	0.5861	0.8048	33	35	14	1	17	0.0039	0.3125	0	0.0264	0
0.0326	0.1208	-0.925	2.0479	0.4498	-0.2008	0.859	0.4709	34	36	14	1	18	0.0189	0.1909	0	0.0326	0
0.0306	0.0738	-0.9454	2.1018	0.5823	-0.515	0.7033	0.4901	35	37	14	1	19	0.0022	0.125	0	0.01	0
0.0306	0.0249	-0.9284	2.1645	0.5205	-0.3024	0.9509	-0.065	36	38	14	1	20	0.0059	0.18	0	0.0231	0
0.0345	0.1163	-0.9275	2.1844	0.5339	-0.2333	0.9039	0.3586	37	39	14	1	21	0.0043	0.1515	0	0.0403	0
0.0306	0.1288	-0.9933	2.2624	0.5859	-0.2356	0.6183	0.7498	38	40	14	1	22	0.0067	0.1667	0	0.0159	0
0.0306	0.1766	-0.988	2.3479	0.6713	0.0959	0.7234	0.6837	39	41	14	1	23	0.0042	0.175	0	0.0214	0
0.0306	0.0836	-0.975	2.4761	0.7919	0.0593	0.7479	0.6612	40	42	14	1	24	0.002	0.16	0	0.01	0
0.0306	0.0613	-1.0067	2.5216	0.8717	0.1712	0.6735	0.7191	41	0	14	1	25	0.0039	0.175	0	0.01	0
0.036	0.1781	0.1391	0.0304	-0.3494	0.627	0.6952	-0.3516	14	44	16	1	1	0.0037	0.1481	1	0.0393	0
0.0261	0.1645	0.2475	0.1563	-0.4089	0.4072	0.8928	-0.1925	43	45	16	1	2	0.0142	0.1222	0	0.0393	0
0.01	0.0413	0.3081	0.3124	-0.4276	0.9228	0.1245	0.3647	44	0	16	1	3	0.01	0.05	0	0.01	0
0.0085	0.6275	-0.0149	0.1805	-0.7102	0.9009	0.1805	0.3947	14	47	19	1	1	0.0024	0.1212	0	0.0494	0
0.009	0.0499	0.5349	0.301	-0.45	0.3782	0.9234	-0.0647	46	48	19	1	2	0.01	0.05	0	0.01	0
0.0087	0.1176	0.5537	0.3471	-0.4533	0.7672	0.606	-0.2101	47	0	19	1	3	0.01	0.05	0	0.01	0
0.049	0.511	0.0625	-0.0145	-0.478	0.8917	-0.441	-0.1019	14	50	21	1	1	0.0126	0.5182	0	0.0492	0
0.0504	0.0725	0.5299	-0.2256	-0.5163	0.7447	-0.665	0.0565	49	51	21	1	2	0.007	0.6667	0	0.0505	0
0.046	0.1184	0.5859	-0.2723	-0.5186	0.7046	-0.7076	0.0523	50	52	21	1	3	0.0075	0.675	0	0.046	0
0.0446	0.0958	0.7078	-0.3378	-0.5262	0.4778	-0.8549	0.2022	51	53	21	1	4	0.007	0.55	0	0.0446	0
0.0449	0.0985	0.7505	-0.4231	-0.5151	0.7813	-0.6227	-0.0431	52	54	21	1	5	0.0074	0.525	0	0.0449	0
0.0408	0.0949	0.8294	-0.4843	-0.5247	0.6472	-0.7278	0.2269	53	55	21	1	6	0.0068	0.6667	0	0.0408	0
0.0544	0.134	0.8965	-0.5767	-0.5253	0.8687	-0.213	0.4472	54	56	21	1	7	0.0083	0.5833	0	0.056	0
0.0378	0.0639	1.0138	-0.691	-0.4999	0.9999	0.0128	-0.0077	55	57	21	1	8	0.0056	0.4583	0	0.0378	0
0.0359	0.0646	1.1016	-0.6868	-0.4813	0.1699	-0.9847	-0.0377	56	58	21	1	9	0.0046	0.5833	0	0.0359	0
0.0461	0.0811	1.1096	-0.7568	-0.4601	0.3405	-0.9174	-0.206	57	59	21	1	10	0.0049	0.4	0	0.0466	0
0.0359	0.0666	1.1273	-0.8276	-0.4673	0.5158	0.8238	0.2351	58	60	21	1	11	0.008	0.25	0	0.0299	0
0.0359	0.155	1.1639	-0.7722	-0.4722	0.9923	-0.0619	0.1071	59	61	21	1	12	0.0098	0.1548	0	0.03	0
0.0359	0.165	1.3113	-0.7898	-0.4734	0.6814	-0.7271	0.0832	60	62	21	1	13	0.0089	0.1019	0	0.0245	0
0.0359	0.1684	1.4158	-0.9007	-0.436	0.7542	-0.4884	0.4389	61	63	21	1	14	0.0049	0.1042	0	0.0306	0
0.0359	0.1195	1.5627	-0.91	-0.3821	0.7023	0.0047	0.7118	62	64	21	1	15	0.0078	0.0694	0	0.01	0
0.0425	0.0574	1.6126	-1.0149	-0.3251	0.833	-0.3761	0.4058	63	65	21	1	16	0.003	0.0794	0	0.1009	0
0.0359	0.0423	1.7016	-0.9965	-0.3465	0.8128	-0.4966	0.3045	64	66	21	1	17	0.0023	0.125	0	0.01	0
0.0427	0.1333	1.7193	-1.016	-0.2513	0.7816	-0.6004	0.1693	65	67	21	1	18	0.0091	0.1071	0	0.0688	0
0.0359	0.0234	1.8151	-1.0884	-0.1743	-0.2662	-0.9594	0.0928	66	68	21	1	19	0.0057	0.0833	0	0.01	0
0.0359	0.0672	1.8102	-1.1252	-0.1869	-0.8509	-0.4136	0.324	67	0	21	1	20	0.0056	0.0694	0	0.01	0
0.0427	0.7012	-0.2108	0.245	-0.3544	0.5683	-0.75	0.3384	17	70	869	1	1	0.0481	0.5	1	0.0702	0
0.0427	0.4332	0.1388	-0.2434	-0.0144	0.5288	-0.6851	0.5009	69	71	869	1	2	0.0414	0.7479	0	0.0702	0
0.0423	0.1769	0.1792	-0.5018	-0.0325	-0.157	-0.987	-0.0353	70	72	869	1	3	0.0491	0.4929	0	0.1162	0
0.0425	0.0382	0.116	-0.6579	0.1614	0.0971	-0.9893	0.1092	71	73	869	1	4	0.026	0.8393	0	0.0701	0
0.0427	0.1307	0.1372	-0.7001	0.1609	-0.1998	-0.964	0.1753	72	74	869	1	5	0.0253	0.8393	0	0.0661	1
0.0427	0.1467	0.1593	-0.8076	0.2574	0.014	-0.9719	0.2349	73	75	869	1	6	0.0254	0.9196	0	0.0636	1
0.0422	0.0968	0.1514	-0.9591	0.293	0.4565	-0.4049	0.7923	74	76	869	1	7	0.029	0.631	0	0.0673	1
0.0423	0.1557	0.1839	-1.0213	0.356	0.6927	-0.5941	0.4089	75	77	869	1	8	0.0217	0.6875	0	0.0551	1
0.0423	0.0932	0.275	-1.1241	0.4343	0.7003	-0.6091	0.3723	76	78	869	1	9	0.016	0.5595	0	0.0509	1
0.0421	0.1266	0.3267	-1.1796	0.5022	-0.024	-0.9993	0.029	77	79	869	1	10	0.0198	0.5317	0	0.0514	1
0.0412	0.0801	0.3274	-1.3343	0.5472	-0.2448	-0.8109	-0.5315	78	80	869	1	11	0.0066	0.4444	0	0.0427	1
0.0357	0.2637	0.2941	-1.4023	0.5052	0.1804	-0.6922	0.6987	79	81	869	1	12	0.0069	0.5417	0	0.0357	1
0.0399	0.0697	0.3281	-1.5817	0.7014	0.0286	-0.9575	0.2871	80	82	869	1	13	0.0056	0.4815	0	0.0413	1
0.0374	0.169	0.355	-1.6108	0.738	0.4664	-0.5959	0.6537	81	83	869	1	14	0.0059	0.5208	0	0.0379	1
0.0342	0.0835	0.4192	-1.7253	0.8429	0.0027	-0.3774	0.926	82	84	869	1	15	0.0048	0.4167	0	0.0342	1
0.0342	0.0912	0.4065	-1.7639	0.9258	0.4047	-0.0236	0.9141	83	85	869	1	16	0.0073	0.2	0	0.0241	1
0.0342	0.1164	0.4554	-1.7943	0.9814	0.5598	-0.4475	0.6973	84	86	869	1	17	0.0039	0.3125	0	0.0312	1
0.0342	0.141	0.5027	-1.8349	1.0662	-0.4653	-0.8232	0.3253	85	87	869	1	18	0.0095	0.1364	0	0.0259	1
0.0342	0.1194	0.456	-1.9481	1.1232	-0.204	-0.8097	0.5502	86	88	869	1	19	0.0077	0.1212	0	0.0241	1
0.0342	0.0785	0.5008	-2.0355	1.1856	0.1184	-0.5993	0.7917	87	89	869	1	20	0.0042	0.1136	0	0.01	1
0.0342	0.0768	0.433	-2.0778	1.2471	-0.0394	-0.5118	0.8582	88	0	869	1	21	0.0046	0.1364	0	0.01	1
0.0464	0.2791	-0.4082	-0.1065	-0.6949	-0.8206	0.2006	0.5352	19	91	154	2	1	0.0066	0.56	1	0.0465	0
0.0464	0.1327	-0.6372	-0.0505	-0.5455	-0.8838	0.2491	0.3961	90	92	154	2	2	0.0066	0.56	0	0.0465	0
0.0446	0.0823	-0.7573	-0.0143	-0.4807	-0.9737	-0.1296	-0.1872	91	93	154	2	3	0.0052	0.6667	0	0.0446	0
0.0435	0.0664	-0.842	-0.0225	-0.5047	-0.8869	-0.0507	0.4592	92	94	154	2	4	0.0057	0.6333	0	0.0435	0
0.0421	0.0709	-0.9017	-0.0332	-0.4852	-0.998	0.0198	0.0604	93	95	154	2	5	0.0062	0.5926	0	0.0421	0
0.0415	0.0698	-0.9755	-0.0273	-0.4628	-0.9812	-0.149	-0.1229	94	96	154	2	6	0.0058	0.5556	0	0.0415	0
0.0416	0.0822	-1.0444	-0.0373	-0.4724	-0.8914	-0.3728	0.2576	95	97	154	2	7	0.0069	0.5556	0	0.0416	0
0.0404	0.0871	-1.1238	-0.0845	-0.4587	-0.8953	0.1388	0.4232	96	98	154	2	8	0.0054	0.7037	0	0.0404	0
0.0437	0.1367	-1.203	-0.0617	-0.4055	-0.988	0.0846	-0.1293	97	99	154	2	9	0.0061	0.52	0	0.0437	0
0.0469	0.1202	-1.3386	-0.0546	-0.4286	-0.8712	-0.3354	0.3586	98	100	154	2	10	0.0062	0.5091	0	0.0518	0
0.0469	0.118	-1.4371	-0.1071	-0.3832	-0.8682	-0.3767	0.323	99	101	154	2	11	0.0073	0.5273	0	0.0484	0
0.0371	0.1041	-1.5543	-0.16	-0.3747	-0.7499	0.633	0.1922	100	102	154	2	12	0.0056	0.7813	0	0.0371	0
0.0408	0.101	-1.6286	-0.0669	-0.346	-0.9904	0.138	-0.0031	101	103	154	2	13	0.0061	0.75	0	0.0408	0
0.0392	0.1001	-1.7334	-0.0414	-0.3531	-0.9046	-0.4194	-0.0758	102	104	154	2	14	0.0051	0.5833	0	0.0392	0
0.0361	0.1288	-1.8248	-0.0775	-0.3726	-0.7057	0.6158	0.3504	103	105	154	2	15	0.0061	0.6	0	0.0361	0
0.0326	0.0955	-1.9172	-0.0072	-0.3242	-0.9794	0.0968	-0.1772	104	106	154	2	16	0.0045	0.5938	0	0.0326	0
0.0373	0.0903	-2.0127	-0.0007	-0.3223	-0.8457	0.5335	-0.0154	105	107	154	2	17	0.006	0.7083	0	0.0373	0
0.0391	0.227	-2.0996	0.0263	-0.3004	-0.7394	0.6288	0.2404	106	108	154	2	18	0.0074	0.4861	0	0.0392	0
0.0317	0.0889	-2.2459	0.1802	-0.2315	-0.6014	0.7259	0.3337	107	109	154	2	19	0.0051	0.375	0	0.0317	0
0.036	0.1312	-2.3293	0.2189	-0.187	-0.3696	0.7461	0.5539	108	110	154	2	20	0.005	0.6	0	0.036	0
0.034	0.1096	-2.4015	0.2949	-0.1167	-0.6123	0.6095	0.5037	109	111	154	2	21	0.0049	0.4375	0	0.034	0
0.0328	0.0981	-2.4704	0.3597	-0.0633	-0.8319	0.2994	0.4672	110	112	154	2	22	0.0047	0.5	0	0.0328	0
0.0306	0.0503	-2.5392	0.4049	-0.0053	-0.7609	0.1263	0.6364	111	113	154	2	23	0.0032	0.5	0	0.0306	0
0.0386	0.0944	-2.5708	0.4158	0.0286	-0.4981	0.4309	0.7525	112	114	154	2	24	0.0105	0.2308	0	0.0457	0
0.0306	0.091	-2.6025	0.4098	0.1195	-0.3579	0.2645	0.8955	113	0	154	2	25	0.006	0.0429	0	0.01	0
0.0423	0.3809	-0.2908	0.8362	-0.4665	0.5152	0.8541	0.0718	20	116	167	2	1	0.0046	0.225	1	0.0472	0
0.042	0.2319	-0.0969	1.1597	-0.4341	-0.0257	0.947	0.3203	115	117	167	2	2	0.0111	0.1429	0	0.0472	0
0.036	0.0837	-0.0716	1.3438	-0.3293	0.6915	0.7119	0.1223	116	118	167	2	3	0.0104	0.25	0	0.0286	0
0.036	0.0884	-0.0403	1.3986	-0.2932	0.4447	0.6809	0.5819	117	119	167	2	4	0.0103	0.2292	0	0.0261	0
0.036	0.0989	0.0179	1.4599	-0.2983	0.4314	0.8875	0.1618	118	120	167	2	5	0.0105	0.1833	0	0.0234	0
0.036	0.1213	0.0544	1.5544	-0.2392	0.7529	0.6581	0.0054	119	121	167	2	6	0.012	0.2222	0	0.0271	0
0.036	0.0878	0.1517	1.6115	-0.2512	0.9695	0.1524	0.192	120	122	167	2	7	0.0043	0.4167	0	0.036	0
0.036	0.1258	0.2428	1.621	-0.2383	0.6309	0.7414	0.2286	121	123	167	2	8	0.0089	0.1944	0	0.027	0
0.036	0.1603	0.3067	1.735	-0.2161	0.8093	0.5846	-0.0572	122	124	167	2	9	0.0088	0.1146	0	0.026	0
0.036	0.0829	0.453	1.7816	-0.2158	0.8471	0.3734	0.378	123	125	167	2	10	0.0113	0.1875	0	0.0297	0
0.036	0.09	0.5184	1.8221	-0.1773	0.9194	0.3753	0.1177	124	126	167	2	11	0	0.0185	0	0.0295	0
0.036	0.0894	0.5945	1.819	-0.1488	0.9582	-0.0337	0.2841	125	127	167	2	12	0.0078	0.1167	0	0.01	0
0.036	0.0567	0.6315	1.8496	-0.1893	0.8255	0.3848	-0.4128	126	0	167	2	13	0.0038	0.0682	0	0.01	0
0.0547	0.3785	-0.4114	0.9233	-0.4203	-0.9819	0.1012	0.1599	21	129	168	2	1	0.0086	0.5	1	0.0547	0
0.0547	0.1461	-0.783	0.9616	-0.3597	-0.8856	-0.0025	0.4645	128	130	168	2	2	0.0086	0.5	0	0.0547	0
0.0547	0.1499	-0.8667	1.0205	-0.2237	-0.8897	0.238	0.3895	129	131	168	2	3	0.0126	0.1429	0	0.0293	0
0.0547	0.0627	-1.04	1.0512	-0.2114	-0.7154	0.3965	0.5753	130	132	168	2	4	0.0145	0.2333	0	0.0291	0
0.0547	0.2112	-1.0717	1.0886	-0.136	-0.9518	0.0533	0.3021	131	133	168	2	5	0.0069	0.0758	0	0.0281	0
0.0547	0.1007	-1.2699	1.1468	-0.0909	-0.9302	0.1827	0.3185	132	134	168	2	6	0.0088	0.0333	0	0.0264	0
0.0547	0.1036	-1.3083	1.1915	-0.1233	-0.4575	0.8887	-0.0298	133	135	168	2	7	0.0074	0.0139	0	0.0197	0
0.0547	0.1388	-1.3934	1.2089	-0.0324	-0.7382	0.6403	0.2123	134	136	168	2	8	0.0038	0.0171	0	0.035	0
0.0547	0.0596	-1.5226	1.2552	-0.0216	-0.6169	0.0423	0.7859	135	137	168	2	9	0.0092	0.0972	0	0.01	0
0.0547	0.0644	-1.5473	1.2938	0.0424	-0.877	0.066	0.4759	136	138	168	2	10	0.0053	0.0833	0	0.01	0
0.0547	0.0212	-1.5308	1.2381	-0.005	-0.7045	-0.6993	-0.1213	137	0	168	2	11	0.0084	0.0833	0	0.01	0
0.01	0.4481	-0.5264	1.1119	-0.3723	0.9041	0.3768	-0.2015	22	0	171	2	1	0.01	0.05	0	0.01	0
0.0375	0.153	-0.6227	1.5184	0.0365	0.1601	-0.8494	0.5029	29	141	184	2	1	0.0051	0.0417	0	0.0272	0
0.0428	0.2103	-0.5815	1.3881	0.112	-0.0192	-0.9997	0.0148	140	142	184	2	2	0.0068	0.275	0	0.0431	0
0.0422	0.0773	-0.5684	1.1904	0.104	0.4309	-0.8493	-0.3049	141	143	184	2	3	0.0057	0.4815	0	0.0424	0
0.0375	0.0781	-0.5276	1.1269	0.0828	0.3802	-0.7509	-0.54	142	144	184	2	4	0.0051	0.4583	0	0.0375	0
0.0406	0.0719	-0.4982	1.0719	0.0606	0.5098	-0.8449	0.1622	143	145	184	2	5	0.0193	0.2411	0	0.0416	0
0.0375	0.0695	-0.4928	1.0048	0.064	0.0595	-0.8873	0.4574	144	0	184	2	6	0.0087	0.0833	0	0.01	0
0.0418	0.05	-0.5544	1.5603	-0.0351	0.731	0.6769	-0.0869	28	147	188	2	1	0.0085	0.5079	1	0.0418	0
0.0418	0.1931	-0.5179	1.5942	-0.0394	-0.1719	0.9849	0.0203	146	148	188	2	2	0.0085	0.5079	0	0.0418	0
0.0416	0.1332	-0.5682	1.7967	-0.0434	0.3694	0.8094	0.4564	147	149	188	2	3	0.0051	0.4889	0	0.0416	0
0.0312	0.0947	-0.4991	1.9074	0.0103	0.1803	0.6215	0.7624	148	150	188	2	4	0.0048	0.5	0	0.0312	0
0.037	0.0462	-0.4577	2.0057	0.0765	-0.5939	0.4654	0.6563	149	151	188	2	5	0.0068	0.4583	0	0.037	0
0.0398	0.2727	-0.445	2.0367	0.0731	0.341	0.7168	0.6082	150	152	188	2	6	0.0077	0.3778	0	0.0398	0
0.0444	0.0902	-0.3724	2.2524	0.2219	0.4519	0.7946	0.4054	151	153	188	2	7	0.0104	0.3286	0	0.0545	0
0.0312	0.0966	-0.3088	2.3072	0.2709	0.4753	0.8381	0.2676	152	154	188	2	8	0.0097	0.22	0	0.0239	0
0.0312	0.0256	-0.2579	2.3964	0.2803	0.5613	0.6568	0.5035	153	155	188	2	9	0.0169	0.2571	0	0.028	0
0.0371	0.1648	-0.2346	2.4238	0.2638	0.2938	0.8685	0.3993	154	156	188	2	10	0.0029	0.1111	0	0.0841	0
0.0312	0.0629	-0.1913	2.5671	0.3339	0.5792	0.456	0.6757	155	0	188	2	11	0.005	0.12	0	0.01	0
0.0239	0.2877	-0.5727	1.4092	-0.0851	0.2869	-0.284	0.9149	27	158	192	2	1	0.0072	0.2031	1	0.0251	0
0.0191	0.223	-0.4891	1.3284	0.178	-0.377	0.5214	0.7655	157	159	192	2	2	0.0095	0.125	0	0.0251	0
0.01	0.0333	-0.575	1.445	0.3477	-0.0664	0.8895	0.452	158	0	192	2	3	0.01	0.05	0	0.01	0
0.0373	0.3006	-0.5993	1.5217	0.0385	-0.1305	-0.678	0.7234	29	0	195	2	1	0.0089	0.4375	0	0.0373	0
0.0166	0.3031	-0.7184	1.6362	0.2091	0.2547	-0.8112	0.5265	30	162	196	2	1	0.0134	0.1063	0	0.0419	0
0.0184	0.1303	-0.6434	1.3722	0.366	0.87	-0.1712	0.4624	161	163	196	2	2	0.0102	0.1125	0	0.0234	0
0.01	0.0017	-0.5295	1.3546	0.4261	0.838	-0.0689	0.5414	162	0	196	2	3	0.01	0.05	0	0.01	0
0.026	0.2345	-0.6831	1.5836	0.1657	0.156	-0.1844	0.9704	30	0	198	2	1	0.0074	0.4063	0	0.026	0
0.0375	0.2908	-0.8715	1.9568	0.4341	0.1863	-0.9317	-0.3117	34	166	202	2	1	0.012	0.4643	1	0.0375	0
0.0375	0.1886	-0.8174	1.6859	0.3435	0.1195	0.8923	0.4353	165	167	202	2	2	0.012	0.4643	0	0.0375	0
0.0375	0.0597	-0.7913	1.8536	0.4269	-0.2691	0.3503	0.8972	166	168	202	2	3	0.0078	0.0521	0	0.0321	0
0.0375	0.0492	-0.8358	1.8563	0.4513	-0.4801	0.874	-0.0752	167	169	202	2	4	0.0064	0.1333	0	0.01	0
0.0375	0.0523	-0.8704	1.9434	0.478	-0.3517	0.4712	-0.8089	168	0	202	2	5	0.0032	0.0833	0	0.01	0
0.0252	0.2438	0.7126	-0.2897	-0.5702	0.9731	-0.1173	0.1983	52	171	215	2	1	0.0033	0.3333	0	0.0251	0
0.0252	0.0657	0.9512	-0.3203	-0.5169	0.5922	-0.6737	-0.4421	170	0	215	2	2	0.0068	0.2188	0	0.0253	0
0.0181	0.118	0.8913	-0.4953	-0.5007	0.8038	0.4914	0.3354	54	173	218	2	1	0.0056	0.1875	1	0.0195	0
0.0162	0.1798	0.9862	-0.4373	-0.4612	0.8299	-0.3282	-0.4513	172	174	218	2	2	0.0056	0.1875	0	0.0195	0
0.0123	0.0851	1.134	-0.4741	-0.5326	0.9785	-0.0269	0.2043	173	175	218	2	3	0.01	0.05	0	0.01	0
0.01	0.0656	1.2172	-0.4764	-0.5153	0.4189	-0.5865	0.6932	174	0	218	2	4	0.01	0.05	0	0.01	0
0.0268	0.1041	1.1392	-0.6556	-0.4839	0.8832	0.424	0.2005	56	177	219	2	1	0.0022	0.2917	1	0.0268	0
0.0262	0.089	1.2311	-0.6114	-0.463	0.9576	0.2489	-0.145	176	178	219	2	2	0.0022	0.2917	0	0.0268	0
0.0166	0.0273	1.3082	-0.5643	-0.4742	0.9166	0.3161	-0.2449	177	179	219	2	3	0.0051	0.175	0	0.01	0
0.0122	0.1005	1.3334	-0.5524	-0.4747	0.9883	0.1198	-0.0948	178	180	219	2	4	0.01	0.05	0	0.01	0
0.0076	0.0758	1.4327	-0.5404	-0.4843	0.7941	-0.6062	0.0447	179	0	219	2	5	0.01	0.05	0	0.01	0
0.0316	0.1359	1.2409	-0.813	-0.4622	0.7055	-0.6765	0.2112	60	182	873	2	1	0.0089	0.275	0	0.0316	0
0.0316	0.0845	1.2993	-0.8989	-0.4465	-0.184	-0.9798	0.0777	181	183	873	2	2	0.0105	0.16	0	0.0878	0
0.0278	0.1174	1.3262	-0.9731	-0.4705	0.5797	-0.4466	0.6815	182	184	873	2	3	0.0109	0.1667	0	0.0487	0
0.0137	0.0918	1.3842	-1.0473	-0.4008	0.7592	-0.5315	0.3757	183	185	873	2	4	0.01	0.05	0	0.01	0
0.0086	0.0407	1.421	-1.028	-0.4004	0.8966	0.4424	0.0196	184	0	873	2	5	0.01	0.05	0	0.01	0
0.0136	0.9572	0.0703	-0.5737	0.1311	-0.4548	0.838	-0.3014	72	187	31	2	1	0.0136	0.2407	1	0.0395	0
0.0136	0.1689	-0.369	0.2322	-0.1511	-0.0051	0.8589	-0.5122	186	0	31	2	2	0.0225	0.1667	0	0.0395	0
0.0128	0.426	0.037	-0.0117	-0.2221	0.9144	0.35	0.2035	69	189	42	2	1	0.0315	0.1625	0	0.045	0
0.01	0.0421	0.4395	0.1378	-0.1189	-0.6237	-0.5946	0.5073	188	0	42	2	2	0.01	0.05	0	0.01	0
0.0406	0.4193	-0.1476	0.151	-0.2689	-0.6379	-0.0891	0.765	69	191	46	2	1	0.0066	0.3056	0	0.0415	0
0.0335	0.1114	-0.4186	0.1069	0.0557	-0.8987	0.435	-0.0562	190	192	46	2	2	0.0036	0.3333	0	0.0335	0
0.031	0.1613	-0.5418	0.1247	0.0294	-0.5616	-0.112	0.8198	191	193	46	2	3	0.0025	0.275	0	0.031	0
0.0242	0.1842	-0.6336	0.0998	0.1632	0.1658	0.1921	0.9673	192	194	46	2	4	0.0038	0.1458	0	0.0255	0
0.0122	0.1104	-0.5943	0.114	0.3334	0.2387	-0.252	0.9378	193	195	46	2	5	0.01	0.05	0	0.01	0
0.01	0.0483	-0.595	0.1301	0.3388	-0.0153	0.911	0.4122	194	196	46	2	6	0.01	0.05	0	0.01	0
0.0055	0.0445	-0.6051	0.1718	0.3654	0.5461	-0.6353	0.5461	195	0	46	2	7	0.01	0.05	0	0.01	0
0.0389	0.9325	-0.0044	-0.0604	-0.0996	-0.6127	0.7865	0.077	70	198	47	2	1	0.0064	0.4028	0	0.0569	0
0.036	0.0902	-0.5644	0.7296	0.014	-0.9865	0.1094	0.1221	197	199	47	2	2	0.0038	0.1667	0	0.036	0
0.0378	0.0916	-0.6157	0.7609	0.0404	-0.5647	0.7614	0.3184	198	200	47	2	3	0.0047	0.2778	0	0.0553	0
0.0298	0.2	-0.7045	0.8083	0.0512	-0.6152	0.6134	0.4952	199	201	47	2	4	0.0046	0.4286	0	0.0298	1
0.0298	0.08	-0.8298	0.9397	0.1193	-0.6568	0.7117	0.2492	200	202	47	2	5	0.0034	0.375	0	0.0251	1
0.0298	0.1228	-0.8814	0.9954	0.1497	-0.5195	0.8403	0.1551	201	203	47	2	6	0.0035	0.25	0	0.0239	1
0.0298	0.1425	-0.947	1.0843	0.1865	-0.5198	0.6884	0.5059	202	204	47	2	7	0.0103	0.25	0	0.0215	1
0.0298	0.1124	-1.0342	1.1884	0.2456	-0.3776	0.6294	0.6792	203	205	47	2	8	0.0031	0.3125	0	0.0245	1
0.0298	0.1067	-1.0621	1.2752	0.3123	-0.6178	0.7311	0.2895	204	206	47	2	9	0.0036	0.3125	0	0.029	1
0.0364	0.1334	-1.1212	1.3666	0.3311	-0.8582	0.5072	0.0788	205	207	47	2	10	0.0055	0.24	0	0.0448	1
0.0298	0.1268	-1.1801	1.4456	0.2994	-0.4015	0.8669	-0.2954	206	208	47	2	11	0.0083	0.3143	0	0.0286	1
0.0343	0.1062	-1.2743	1.4678	0.3863	-0.7708	0.6151	0.1659	207	209	47	2	12	0.004	0.0804	0	0.0734	1
0.0344	0.1507	-1.3415	1.5135	0.3896	0.1076	0.6363	-0.7639	208	210	47	2	13	0.0064	0.1273	0	0.0501	1
0.0326	0.431	-1.3935	1.633	0.3039	-0.0515	0.7171	-0.6951	209	211	47	2	14	0.0299	0.0476	0	0.0421	1
0.0298	0.1406	-1.4323	1.9286	0.0119	-0.573	0.8026	0.1659	210	212	47	2	15	0.01	0.05	0	0.01	1
0.0298	0.1141	-1.4701	2.0468	0.0706	-0.3888	0.8559	0.3409	211	0	47	2	16	0.01	0.05	0	0.01	1
0.0184	0.4641	-0.1205	0.1641	-0.2822	0.268	0.8736	0.4062	69	214	52	2	1	0.0154	0.0333	0	0.0374	0
0.0141	0.0933	0.0332	0.5432	-0.0723	0.7302	0.6558	-0.1917	213	0	52	2	2	0.0158	0.2167	0	0.0315	0
0.0264	0.7319	0.1574	-0.4997	0.0037	0.2035	0.9778	-0.0504	71	216	56	2	1	0.0098	0.3125	0	0.0289	0
0.0167	0.0558	0.2924	0.2198	-0.0273	0.1951	0.9675	-0.1609	215	217	56	2	2	0.01	0.05	0	0.01	0
0.01	0.1036	0.3032	0.2738	-0.0363	0.0566	0.4964	-0.8663	216	0	56	2	3	0.01	0.05	0	0.01	0
0.0424	0.3179	-0.1637	0.1803	-0.2803	-0.2879	0.3241	0.9012	69	219	58	2	1	0.0108	0.2364	1	0.0519	1
0.0424	0.1218	-0.2548	0.2959	0.0037	-0.4543	0.1876	0.8709	218	220	58	2	2	0.0141	0.1327	0	0.0519	1
0.0424	0.2771	-0.3231	0.3095	0.118	0.6898	-0.5484	0.4727	219	221	58	2	3	0.0058	0.2222	0	0.04	1
0.0424	0.1316	-0.1288	0.1521	0.2602	0.684	0.7138	0.1504	220	222	58	2	4	0.0175	0.4603	0	0.0492	1
0.0424	0.1538	-0.1439	0.1683	0.3058	0.5058	-0.4364	0.7441	221	223	58	2	5	0.0216	0.4018	0	0.0618	1
0.0424	0.2437	0.0172	0.171	0.3603	0.6941	-0.2494	0.6753	222	224	58	2	6	0.0292	0.3601	0	0.0694	1
0.0424	0.0204	-0.0796	0.1698	0.429	-0.3606	-0.1205	0.9249	223	225	58	2	7	0.0573	0.1531	0	0.1031	1
0.0424	0.1897	0.044	0.1694	0.542	-0.4937	-0.5176	0.6988	224	226	58	2	8	0.0764	0.2222	0	0.1311	1
0.0424	0.1474	-0.0088	0.1125	0.662	0.2349	0.0621	0.97	225	227	58	2	9	0.0196	0.4524	0	0.0527	1
0.0424	0.1177	0.0512	0.106	0.7983	-0.1432	-0.5775	0.8037	226	228	58	2	10	0.0057	0.675	0	0.0439	1
0.0424	0.2113	-0.0076	0.0686	0.8885	-0.4677	-0.5374	0.7017	227	229	58	2	11	0.023	0.3831	0	0.0555	1
0.0424	0.0958	-0.0878	-0.0437	1.0551	-0.6992	-0.0373	0.7139	228	230	58	2	12	0.0216	0.5857	0	0.0515	1
0.0424	0.1984	-0.134	-0.0746	1.1279	-0.4205	-0.1779	0.8897	229	231	58	2	13	0.0191	0.3714	0	0.052	1
0.0424	0.1021	-0.2342	-0.1015	1.3	-0.4517	-0.5157	0.728	230	232	58	2	14	0.0154	0.5238	0	0.0501	1
0.0424	0.1163	-0.2796	-0.153	1.3754	-0.5956	-0.2727	0.7556	231	233	58	2	15	0.0062	0.5556	0	0.0424	1
0.0424	0.1114	-0.3309	-0.2038	1.4564	-0.5613	-0.6903	0.4565	232	234	58	2	16	0.0101	0.1905	0	0.0292	1
0.0424	0.0736	-0.4494	-0.2307	1.5148	-0.5534	-0.6885	0.4688	233	235	58	2	17	0.0087	0.1607	0	0.0218	1
0.0424	0.1693	-0.5045	-0.2709	1.5505	-0.0969	-0.2399	0.9659	234	236	58	2	18	0.0106	0.1735	0	0.0254	1
0.0424	0.1077	-0.536	-0.2994	1.7111	-0.568	-0.5635	0.5999	235	237	58	2	19	0.0059	0.131	0	0.0204	1
0.0424	0.1043	-0.5229	-0.3713	1.7853	-0.1608	-0.2497	0.9549	236	238	58	2	20	0.0096	0.1429	0	0.0223	1
0.0424	0.1351	-0.6227	-0.39	1.8541	-0.3508	-0.3862	0.8531	237	239	58	2	21	0.0059	0.0584	0	0.0252	1
0.0424	0.0875	-0.6096	-0.4838	1.9308	-0.5093	-0.8521	0.1208	238	240	58	2	22	0.0077	0.1143	0	0.01	1
0.0424	0.1066	-0.6032	-0.4677	1.9635	-0.2643	-0.0854	0.9606	239	241	58	2	23	0.0084	0.125	0	0.0193	1
0.0424	0.0498	-0.7103	-0.4567	2.0326	-0.4316	-0.2616	0.8633	240	242	58	2	24	0.0058	0.0893	0	0.01	1
0.0424	0.0849	-0.729	-0.4875	2.0585	-0.2027	-0.6973	0.6876	241	243	58	2	25	0.0103	0.102	0	0.0263	1
0.0424	0.1559	-0.7667	-0.4992	2.1248	-0.326	-0.2933	0.8987	242	244	58	2	26	0.0087	0.0982	0	0.0204	1
0.0424	0.1041	-0.8278	-0.561	2.2375	-0.4926	-0.6596	0.5677	243	245	58	2	27	0.0066	0.0571	0	0.0246	1
0.0424	0.0752	-0.87	-0.625	2.3168	-0.5468	-0.7289	0.4121	244	246	58	2	28	0.0119	0.0317	0	0.0269	1
0.0424	0.0821	-0.8566	-0.7254	2.347	-0.3907	-0.482	0.7842	245	247	58	2	29	0	0.0119	0	0.0266	1
0.0424	0.0795	-0.9561	-0.7116	2.3562	-0.616	-0.7877	-0.0088	246	248	58	2	30	0.0048	0.1071	0	0.01	1
0.0424	0.0809	-0.9217	-0.7098	2.4109	-0.0424	-0.6189	0.7843	247	0	58	2	31	0.0076	0.0612	0	0.01	1
0.0406	0.4855	-0.0809	0.0113	-0.2376	-0.8783	-0.2775	0.3893	69	250	63	2	1	0.0135	0.1574	1	0.0554	0
0.0375	0.2633	-0.4933	-0.1029	-0.0521	0.6312	-0.3035	0.7138	249	251	63	2	2	0.0176	0.1131	0	0.0554	0
0.0341	0.1362	-0.3504	-0.2111	0.0719	-0.8069	-0.3725	0.4584	250	252	63	2	3	0.034	0.1717	0	0.0886	0
0.0271	0.2087	-0.446	-0.2233	0.0104	-0.9625	0.27	-0.0269	251	253	63	2	4	0.0284	0.0611	0	0.0803	0
0.0145	0.006	-0.5703	-0.1652	0.0206	-0.1084	0.9	0.4222	252	254	63	2	5	0.01	0.05	0	0.01	0
0.0118	0.0368	-0.5866	-0.1417	0.0157	-0.7811	-0.5894	0.2061	253	255	63	2	6	0.01	0.05	0	0.01	0
0.0095	0.2152	-0.6153	-0.1634	0.0232	-0.1696	-0.1208	0.9781	254	256	63	2	7	0.01	0.05	0	0.01	0
0.004	0.0279	-0.6529	-0.1909	0.2354	0.8746	-0.4311	0.2217	255	0	63	2	8	0.0056	0.1	0	0.01	0
0.0406	0.6626	-0.1214	0.1966	-0.313	0.73	0.665	0.1574	69	258	66	2	1	0.0012	0.2222	1	0.0423	0
0.0312	0.1322	0.3496	0.6366	-0.2122	0.256	0.118	-0.9594	257	259	66	2	2	0.0016	0.0714	0	0.0423	0
0.0146	0.1232	0.4156	0.6564	-0.3113	0.3418	-0.9033	-0.2592	258	260	66	2	3	0.01	0.05	0	0.01	0
0.01	0.0725	0.4577	0.5451	-0.3433	-0.7789	-0.5239	-0.3447	259	261	66	2	4	0.01	0.05	0	0.01	0
0.0062	0.0916	0.4012	0.5071	-0.3683	-0.1002	-0.9171	-0.3859	260	0	66	2	5	0.01	0.05	0	0.01	0
0.0404	0.5837	-0.0891	0.0192	-0.2457	-0.9283	-0.2543	0.2714	69	263	68	2	1	0.007	0.5778	1	0.0422	0
0.0403	0.1305	-0.631	-0.1292	-0.0873	-0.9347	-0.3531	0.0394	262	264	68	2	2	0.007	0.5778	0	0.0422	0
0.0397	0.2273	-0.7388	-0.184	-0.0529	-0.9058	-0.1207	0.4062	263	265	68	2	3	0.0059	0.3375	0	0.0443	0
0.0322	0.0737	-0.9387	-0.2318	0.0251	-0.8356	-0.4578	0.3036	264	266	68	2	4	0.004	0.5417	0	0.0322	0
0.0355	0.1053	-1.0044	-0.2454	0.0575	-0.8259	-0.3778	0.4185	265	267	68	2	5	0.0046	0.5625	0	0.0355	0
0.0328	0.0986	-1.0939	-0.2817	0.1004	-0.7811	-0.3994	0.4799	266	268	68	2	6	0.0049	0.5938	0	0.0328	0
0.0391	0.1331	-1.1906	-0.2978	0.1775	-0.56	-0.7904	0.2485	267	269	68	2	7	0.0069	0.4889	0	0.0397	0
0.0342	0.1621	-1.2623	-0.3882	0.2246	-0.7535	-0.3749	0.5402	268	270	68	2	8	0.0074	0.3958	0	0.0342	0
0.0342	0.1769	-1.3831	-0.4712	0.3125	-0.5777	-0.0237	0.8159	269	271	68	2	9	0.0051	0.4792	0	0.0342	0
0.0327	0.0704	-1.4988	-0.4875	0.4393	-0.6714	-0.259	0.6944	270	272	68	2	10	0.0037	0.5	0	0.0327	0
0.0353	0.0871	-1.5343	-0.5059	0.5037	-0.7941	0.0651	0.6042	271	273	68	2	11	0.0037	0.375	0	0.0353	0
0.0303	0.0848	-1.5975	-0.4574	0.5581	-0.2573	-0.0038	0.9663	272	274	68	2	12	0.0025	0.4167	0	0.0303	0
0.0303	0.1019	-1.6197	-0.4516	0.6412	-0.6262	-0.1721	0.7605	273	275	68	2	13	0.0031	0.375	0	0.0293	0
0.0303	0.1164	-1.6813	-0.4847	0.7299	-0.945	0.0926	0.3138	274	276	68	2	14	0.0076	0.2	0	0.0228	0
0.0344	0.1077	-1.7833	-0.469	0.7726	-0.5349	-0.173	0.827	275	277	68	2	15	0.0022	0.3333	0	0.0347	0
0.0303	0.1809	-1.8371	-0.4855	0.8682	-0.7686	-0.3214	0.5531	276	278	68	2	16	0.0083	0.1333	0	0.0187	0
0.0348	0.086	-1.9597	-0.5467	0.9847	-0.7105	-0.0979	0.6968	277	279	68	2	17	0.0049	0.2	0	0.0589	0
0.0327	0.0735	-1.9984	-0.5601	1.0534	-0.4062	-0.3037	0.8619	278	280	68	2	18	0.0068	0.1636	0	0.464	0
0.0303	0.0804	-2.0238	-0.5778	1.1191	-0.2357	-0.2357	0.9428	279	281	68	2	19	0.0059	0.16	0	0.01	0
0.0303	0.0546	-2.0424	-0.6136	1.1885	-0.2697	-0.3459	0.8987	280	282	68	2	20	0.0073	0.2	0	0.01	0
0.0303	0.0877	-2.1028	-0.6074	1.1573	-0.8735	-0.2429	0.4218	281	0	68	2	21	0.002	0.12	0	0.01	0
0.0105	0.2476	0.0885	-0.2387	-0.0095	-0.991	0.0937	0.0956	70	284	70	2	1	0.0069	0.1944	1	0.0378	1
0.0105	0.2665	-0.1522	-0.2188	0.0181	-0.4103	-0.8763	-0.2526	283	0	70	2	2	0.0261	0.1429	0	0.0378	1
0.0406	0.4808	-0.2128	0.1827	-0.3189	-0.2972	-0.8111	0.5038	69	286	72	2	1	0.0254	0.1838	1	0.0585	0
0.0345	0.1591	-0.3598	-0.2118	-0.0963	-0.2697	-0.9243	0.2702	285	287	72	2	2	0.0302	0.2386	0	0.0585	0
0.0298	0.1433	-0.3652	-0.3839	-0.0413	-0.1417	0.2503	0.9577	286	288	72	2	3	0.0105	0.1286	0	0.0447	0
0.0161	0.0019	-0.3509	-0.3477	0.063	0.69	0.0168	0.7236	287	289	72	2	4	0.0043	0.12	0	0.01	0
0.0235	0.1024	-0.3718	-0.3515	0.1038	-0.162	-0.9694	-0.1846	288	290	72	2	5	0.0126	0.2	0	0.0373	0
0.0086	0.0339	-0.4239	-0.4369	0.0992	-0.4097	-0.9004	-0.1463	289	0	72	2	6	0.01	0.05	0	0.01	0
0.0404	0.9206	0.0771	-0.6598	0.1785	-0.1218	0.9906	-0.0618	72	292	77	2	1	0.0459	0.1138	0	0.1109	0
0.0371	0.498	0.0353	0.2013	0.1365	0.5905	0.8065	-0.0288	291	293	77	2	2	0.0264	0.1667	0	0.1033	0
0.0318	0.1355	0.3292	0.5823	0.1544	0.3852	0.777	0.4978	292	294	77	2	3	0.0045	0.3	0	0.0318	0
0.0256	0.097	0.3797	0.6643	0.2494	0.5497	0.6198	0.5601	293	295	77	2	4	0.0032	0.2917	0	0.0256	0
0.0225	0.1477	0.4334	0.7144	0.3063	0.7726	0.1809	0.6086	294	296	77	2	5	0.003	0.25	0	0.0225	0
0.0201	0.0751	0.5292	0.7562	0.3885	0.4544	0.7742	0.4405	295	297	77	2	6	0.0027	0.375	0	0.0201	0
0.0289	0.1205	0.5823	0.8068	0.4412	0.6842	0.5818	-0.4397	296	298	77	2	7	0.0109	0.2	0	0.0386	0
0.024	0.0976	0.6644	0.8797	0.3315	0.621	0.7831	0.033	297	299	77	2	8	0.0109	0.1667	0	0.0564	0
0.0113	0.098	0.7349	0.9454	0.313	0.7741	0.6318	0.0398	298	300	77	2	9	0.01	0.05	0	0.01	0
0.01	0.0584	0.7325	0.9437	0.3325	0.1148	0.102	0.9881	299	301	77	2	10	0.01	0.05	0	0.01	0
0.0076	0.1216	0.7392	0.9496	0.3902	0.8154	0.5717	0.0904	300	0	77	2	11	0.01	0.05	0	0.01	0
0.0417	1.1863	0.1885	-0.5018	-0.0738	0.1423	0.9862	0.0842	71	303	83	2	1	0.0139	0.5	0	0.0417	0
0.0417	0.0068	0.3964	0.7073	0.0293	-0.4743	0.4088	0.7797	302	304	83	2	2	0.0098	0.3333	0	0.0259	0
0.0417	0.0507	0.3731	0.7338	0.0515	0.8151	0.5356	0.2208	303	0	83	2	3	0.0051	0.0536	0	0.0252	0
0.0552	0.2347	0.175	-0.5777	-0.0768	0.1802	-0.0314	-0.9831	71	306	90	2	1	0.0139	0.4222	1	0.0552	0
0.0552	0.4403	0.2173	-0.585	-0.3075	0.9076	-0.0073	0.4198	305	307	90	2	2	0.0139	0.4222	0	0.0552	0
0.0552	0.1896	0.6046	-0.6379	-0.1141	0.8654	-0.1307	0.4837	306	308	90	2	3	0.0255	0.5556	0	0.0672	0
0.0402	0.1147	0.7782	-0.6523	-0.0147	0.6187	-0.7488	0.2377	307	309	90	2	4	0.0341	0.8462	0	0.0702	0
0.0552	0.1066	0.854	-0.785	0.0159	0.7609	0.1223	0.6372	308	310	90	2	5	0.0082	0.5538	0	0.0596	0
0.0552	0.1974	0.9328	-0.8007	0.0649	0.7895	-0.3813	0.4809	309	311	90	2	6	0.0108	0.6442	0	0.0596	0
0.0552	0.1757	1.0529	-0.9165	0.1438	0.7438	-0.6677	0.0322	310	312	90	2	7	0.0089	0.5128	0	0.0582	0
0.0552	0.1009	1.1919	-0.9939	0.2098	0.1987	-0.8293	0.5223	311	313	90	2	8	0.0073	0.6944	0	0.0557	0
0.0552	0.1468	1.2511	-1.0655	0.2476	0.3971	-0.8433	0.3622	312	314	90	2	9	0.023	0.5972	0	0.0622	0
0.0552	0.1152	1.3075	-1.2036	0.2963	-0.3064	-0.2537	0.9175	313	315	90	2	10	0.0213	0.1944	0	0.0476	0
0.0552	0.1355	1.3227	-1.3633	0.3749	0.1754	-0.1342	0.9753	314	316	90	2	11	0.0091	0.1111	0	0.0228	0
0.0552	0.0971	1.3521	-1.3877	0.5003	0.7052	-0.1176	0.6992	315	317	90	2	12	0.0139	0.1032	0	0.0358	0
0.0552	0.0815	1.4144	-1.4024	0.5694	0.1524	-0.5903	-0.7927	316	318	90	2	13	0.0128	0.1111	0	0.0283	0
0.0552	0.1664	1.4456	-1.4116	0.5276	0.6576	-0.5913	0.4669	317	319	90	2	14	0.008	0.0505	0	0.0222	0
0.0552	0.0209	1.556	-1.5833	0.5701	0.7354	-0.2854	0.6146	318	320	90	2	15	0.0031	0.0463	0	0.01	0
0.0552	0.0778	1.5867	-1.5196	0.6531	0.8841	-0.4133	0.2181	319	0	90	2	16	0.0033	0.037	0	0.01	0
0.0082	0.0774	0.304	-0.4169	0.0833	0.7025	0.0393	-0.7106	70	322	93	2	1	0.0098	0.1786	1	0.0321	0
0.0082	0.2046	0.3693	-0.4216	0.0359	0.3748	0.8606	0.3448	321	323	93	2	2	0.0197	0.1182	0	0.0321	0
0.0083	0.0766	0.4466	-0.2473	0.0779	0.2564	0.965	-0.054	322	0	93	2	3	0.01	0.05	0	0.01	0
0.023	0.2257	0.157	-0.664	0.1487	0.9487	-0.1004	-0.2998	72	325	109	2	1	0.0036	0.25	1	0.0245	0
0.0204	0.1	0.3711	-0.6867	0.081	0.0162	0.6678	0.7442	324	326	109	2	2	0.0036	0.25	0	0.0245	0
0.0137	0.3003	0.3672	-0.6201	0.1498	0.4652	0.738	-0.4887	325	327	109	2	3	0.01	0.05	0	0.01	0
0.01	0.2407	0.5069	-0.3986	0.0031	0.791	0.3826	-0.4775	326	0	109	2	4	0.01	0.05	0	0.01	0
0.0284	0.2971	0.1407	-0.9208	0.3091	-0.2149	0.8699	0.4439	75	329	115	2	1	0.0066	0.375	1	0.0294	1
0.0257	0.0827	0.0769	-0.6624	0.4409	-0.387	-0.626	0.677	328	330	115	2	2	0.0066	0.375	0	0.0294	1
0.0153	0.108	0.0375	-0.714	0.4935	-0.0883	-0.9855	0.1448	329	331	115	2	3	0.0036	0.12	0	0.01	1
0.01	0.0879	0.0298	-0.8203	0.5073	-0.5725	-0.5725	-0.5869	330	0	115	2	4	0.01	0.05	0	0.01	1
0.0233	0.1093	0.1772	-0.8089	0.2977	0.4148	0.1645	0.8949	74	333	118	2	1	0.0067	0.275	1	0.0231	1
0.0232	0.1452	0.2225	-0.7909	0.3956	0.9297	-0.3319	-0.1597	332	334	118	2	2	0.0067	0.275	0	0.0231	1
0.0236	0.057	0.3607	-0.8314	0.3679	0.9354	-0.3421	0.0893	333	0	118	2	3	0.0081	0.375	0	0.0241	1
0.0406	0.5008	0.0828	-0.8298	0.2192	-0.5975	-0.7685	0.2288	73	336	121	2	1	0.0058	0.5833	0	0.0418	1
0.0404	0.0638	-0.2453	-1.2093	0.364	-0.4358	-0.8605	-0.2638	335	337	121	2	2	0.0057	0.525	0	0.0435	1
0.0403	0.109	-0.2878	-1.2807	0.4036	0.061	-0.9623	-0.2651	336	338	121	2	3	0.0082	0.5333	0	0.0475	1
0.0404	0.1964	-0.2969	-1.3657	0.3787	-0.3109	-0.4156	0.8548	337	339	121	2	4	0.0086	0.6286	0	0.0461	1
0.0403	0.0889	-0.3613	-1.486	0.5088	-0.3682	-0.6327	0.6813	338	340	121	2	5	0.0066	0.6296	0	0.0417	1
0.037	0.072	-0.4044	-1.5649	0.628	-0.0741	-0.9258	-0.3708	339	341	121	2	6	0.0049	0.525	0	0.037	1
0.0361	0.098	-0.4109	-1.6375	0.5978	-0.3536	-0.4217	0.8349	340	342	121	2	7	0.0055	0.5625	0	0.0361	1
0.0357	0.0627	-0.4382	-1.6781	0.6786	0.1666	-0.7256	0.6677	341	343	121	2	8	0.0046	0.3333	0	0.0357	1
0.0313	0.1066	-0.4604	-1.7592	0.7015	0.0507	-0.507	0.8604	342	344	121	2	9	0.0038	0.5625	0	0.0313	1
0.0367	0.0343	-0.4562	-1.7966	0.8508	0.387	-0.8836	0.2637	343	345	121	2	10	0.0045	0.2333	0	0.0455	1
0.0341	0.1193	-0.4542	-1.8402	0.8305	-0.3543	-0.7932	0.4952	344	346	121	2	11	0.0023	0.2188	0	0.0345	1
0.036	0.0661	-0.516	-1.9071	0.9281	-0.0679	-0.8254	0.5604	345	347	121	2	12	0.0041	0.2727	0	0.0497	1
0.0313	0.07	-0.5624	-1.9675	0.9501	-0.3056	-0.2108	0.9285	346	348	121	2	13	0.01	0.05	0	0.01	1
0.0313	0.1351	-0.5838	-1.9822	1.0151	-0.3099	-0.8527	0.4205	347	0	121	2	14	0.01	0.05	0	0.01	1
0.0358	0.2324	0.2631	-1.0394	0.3673	0.5932	0.6514	-0.473	76	350	124	2	1	0.0061	0.5	1	0.0358	1
0.0358	0.0928	0.401	-0.888	0.2574	-0.4456	-0.8942	-0.0428	349	351	124	2	2	0.0061	0.5	0	0.0358	1
0.0358	0.1359	0.3867	-0.9911	0.2673	-0.4562	-0.8325	-0.3145	350	0	124	2	3	0.0049	0.375	0	0.031	1
0.0291	0.2701	0.1922	-1.0053	0.3044	0.4864	-0.669	-0.5619	75	353	133	2	1	0.0039	0.375	1	0.0302	1
0.0264	0.1274	0.3236	-1.186	0.1527	0.7177	-0.4131	-0.5606	352	354	133	2	2	0.0039	0.375	0	0.0302	1
0.0155	0.0413	0.4104	-1.2612	0.066	0.9823	-0.1867	-0.0178	353	355	133	2	3	0.01	0.05	0	0.01	1
0.01	0.0697	0.451	-1.2689	0.0652	0.9299	-0.1793	0.3211	354	0	133	2	4	0.01	0.05	0	0.01	1
0.0402	0.0869	0.2181	-1.0905	0.4202	-0.4932	-0.4909	0.7182	76	357	140	2	1	0.0097	0.1515	1	0.0478	1
0.0402	0.1651	0.1758	-1.1339	0.4827	-0.1372	-0.0035	0.9905	356	358	140	2	2	0.0109	0.1111	0	0.0478	1
0.0252	0.1007	0.1173	-1.1329	0.6008	-0.2903	-0.9366	0.1963	357	359	140	2	3	0.0122	0.22	0	0.0351	1
0.01	0.0424	0.1	-1.2371	0.6025	-0.0466	-0.8903	0.4529	358	0	140	2	4	0.01	0.05	0	0.01	1
0.0231	0.0567	-0.0674	1.3647	-0.3895	0.4486	0.2368	-0.8618	116	361	727	3	1	0.0054	0.3333	0	0.0231	0
0.0306	0.0779	-0.0413	1.3782	-0.4459	0.5924	0.8034	0.0605	360	362	727	3	2	0.0029	0.3333	0	0.0318	0
0.0266	0.1051	0.0194	1.444	-0.4323	-0.5001	0.6358	0.5879	361	363	727	3	3	0.004	0.25	0	0.0288	0
0.0125	0.0907	-0.042	1.5009	-0.3524	-0.3008	0.8897	0.3434	362	364	727	3	4	0.01	0.05	0	0.01	0
0.0069	0.0528	-0.0693	1.5816	-0.3213	0.4103	0.9028	0.129	363	0	727	3	5	0.01	0.05	0	0.01	0
0.0267	0.1009	0.0367	1.5031	-0.3271	0.441	0.414	-0.7963	119	366	786	3	1	0.0053	0.3	0	0.0266	0
0.0342	0.0642	0.0746	1.5709	-0.4038	0.866	0.277	-0.4164	365	367	786	3	2	0.0138	0.2727	0	0.0626	0
0.0152	0.0485	0.1259	1.5849	-0.4204	0.0126	-0.9377	-0.3473	366	368	786	3	3	0.01	0.05	0	0.01	0
0.01	0.0587	0.1265	1.5394	-0.4373	0.7717	-0.1802	-0.6099	367	0	786	3	4	0.01	0.05	0	0.01	0
0.0092	0.126	0.2678	1.697	-0.2009	-0.9503	-0.262	0.1682	122	370	790	3	1	0.0141	0.1571	0	0.0258	1
0.0094	0.0195	0.1439	1.6692	-0.1741	-0.7926	-0.6086	-0.0368	369	371	790	3	2	0.01	0.05	0	0.01	1
0.0093	0.1033	0.1284	1.6573	-0.1749	-0.6429	0.4421	-0.6254	370	0	790	3	3	0.01	0.05	0	0.01	1
0.0318	0.2139	-0.4459	2.024	0.118	0.2521	0.3896	0.8858	150	373	459	3	1	0.0071	0.175	1	0.0318	0
0.0298	0.1305	-0.392	2.1073	0.3074	0.1606	0.9326	0.3234	372	374	459	3	2	0.0071	0.175	0	0.0318	0
0.0222	0.0829	-0.3883	2.2223	0.3593	-0.4852	0.8246	-0.2907	373	375	459	3	3	0.0027	0.3333	0	0.0222	0
0.013	0.0131	-0.4182	2.2915	0.3275	-0.3253	0.8826	-0.3393	374	376	459	3	4	0.01	0.05	0	0.01	0
0.0088	0.0942	-0.4224	2.3031	0.3231	-0.8346	-0.0224	-0.5504	375	0	459	3	5	0.01	0.05	0	0.01	0
0.0085	0.3002	-0.7038	1.5659	0.2357	0.1906	-0.9181	0.3475	161	378	878	3	1	0.008	0.375	1	0.0248	0
0.0085	0.0893	-0.6415	1.2974	0.3369	0.7395	-0.2439	0.6274	377	379	878	3	2	0.0138	0.2	0	0.0248	0
0.0052	0.1061	-0.5883	1.2753	0.3895	-0.2382	0.4637	0.8534	378	0	878	3	3	0.0159	0.125	0	0.0237	0
0.0084	0.1934	0.8203	-0.1245	-0.5201	0.9354	-0.3431	0.0849	0	381	881	0	1	0.023	0.1	0	0.041	0
0.0088	0.0198	1.0022	-0.1889	-0.5204	0.7086	-0.7043	-0.0427	380	382	881	0	2	0.01	0.05	0	0.01	0
0.0085	0.1221	1.0089	-0.2066	-0.5198	0.4777	-0.8566	0.1949	381	0	881	0	3	0.01	0.05	0	0.01	0
0.0105	0.1453	1.315	-0.9615	-0.4251	-0.9518	0.1298	-0.2778	182	0	883	3	1	0.0153	0.2375	0	0.0396	0
0.0342	0.3346	-0.5661	0.6972	0.0298	0.8556	-0.5019	0.1262	198	385	233	3	1	0.0112	0.2879	0	0.0569	0
0.0335	0.0729	-0.2614	0.5223	0.0916	0.2616	0.96	0.0997	384	386	233	3	2	0.005	0.375	0	0.0352	0
0.0307	0.139	-0.2958	0.6321	0.0651	0.5937	0.8046	0.0083	385	387	233	3	3	0.0053	0.1714	0	0.0438	0
0.0166	0.0667	-0.1987	0.7447	0.0703	0.2393	0.2839	-0.9285	386	388	233	3	4	0.0076	0.1	0	0.01	0
0.01	0.1657	-0.1805	0.7661	0.011	-0.6988	0.7103	-0.0846	387	0	233	3	5	0.01	0.05	0	0.01	0
0.0242	0.2286	-0.5947	0.7899	0.0612	0.9751	-0.2056	0.0828	199	390	238	3	1	0.0052	0.4167	1	0.0235	0
0.024	0.0862	-0.3718	0.7429	0.0801	0.9287	-0.3059	0.2095	389	391	238	3	2	0.0052	0.4167	0	0.0235	0
0.0266	0.109	-0.2741	0.7572	0.1111	-0.9117	0.4084	-0.0455	390	392	238	3	3	0.0102	0.1833	0	0.0333	0
0.0235	0.0559	-0.3778	0.81	0.1058	-0.8765	-0.443	0.1885	391	0	238	3	4	0.0061	0.2	0	0.01	0
0.0077	0.1355	-0.6121	0.751	-0.0283	0.7953	0.5696	-0.2076	200	394	240	3	1	0.01	0.05	0	0.01	1
0.007	0.0878	-0.5076	0.8356	-0.0579	0.657	0.1519	-0.7385	393	0	240	3	2	0.0065	0.2	0	0.0244	1
0.0234	0.2993	-0.6586	0.8046	0.0326	0.9238	-0.0745	-0.3756	200	396	885	3	1	0.0039	0.375	1	0.0234	1
0.023	0.0843	-0.3821	0.7823	-0.0799	0.9615	0.0976	0.2567	395	397	885	3	2	0.0039	0.375	0	0.0234	1
0.0149	0.1257	-0.2938	0.7902	-0.0462	0.7365	-0.4981	-0.4576	396	398	885	3	3	0.01	0.05	0	0.01	1
0.0113	0.1394	-0.2013	0.7276	-0.1038	0.5738	0.4017	0.7137	397	399	885	3	4	0.01	0.05	0	0.01	1
0.01	0.1027	-0.1213	0.7836	-0.0043	0.9152	-0.3554	0.1899	398	400	885	3	5	0.01	0.05	0	0.01	1
0.0055	0.0779	-0.0273	0.7471	0.0152	0.9282	-0.1801	0.3256	399	0	885	3	6	0.01	0.05	0	0.01	1
0.0283	0.0604	-1.1837	1.4423	0.316	-0.5778	0.0734	0.8128	207	402	481	3	1	0.0097	0.275	0	0.038	1
0.0219	0.1129	-1.1973	1.4458	0.3828	-0.3025	0.8613	0.4082	401	403	481	3	2	0.0041	0.3438	0	0.0245	1
0.0143	0.0728	-1.2429	1.5478	0.4205	-0.3695	0.5061	0.7793	402	404	481	3	3	0.01	0.05	0	0.01	1
0.01	0.0553	-1.2698	1.5846	0.4772	0.313	0.9496	0.0174	403	0	481	3	4	0.01	0.05	0	0.01	1
0.01	0.1239	-0.1763	0.1538	0.2788	-0.9036	0.156	0.399	221	406	246	3	1	0.01	0.05	0	0.01	1
0.01	0.0768	-0.2883	0.1731	0.3282	0.2106	-0.2519	-0.9446	405	407	246	3	2	0.01	0.05	0	0.01	1
0.01	0.1674	-0.2721	0.1538	0.2557	-0.7927	-0.2699	-0.5467	406	0	246	3	3	0.01	0.05	0	0.01	1
0.0298	0.104	-0.1873	0.2341	0.2383	0.2659	0.9033	0.3368	220	409	249	3	1	0	0.05	0	0.0222	1
0.031	0.0815	-0.1594	0.3327	0.3097	-0.3181	0.9409	-0.1166	408	410	249	3	2	0.0039	0.375	0	0.031	1
0.0297	0.0896	-0.2049	0.3868	0.3177	-0.3157	0.7375	0.597	409	411	249	3	3	0.0079	0.24	0	0.0209	1
0.0399	0.0872	-0.2155	0.4587	0.3803	-0.4764	0.7636	0.4359	410	412	249	3	4	0.007	0.2462	0	0.0476	1
0.0399	0.1035	-0.2891	0.5216	0.4419	0.596	-0.0971	0.7971	411	413	249	3	5	0.0078	0.2	0	0.0484	1
0.0395	0.1018	-0.2437	0.5156	0.4989	-0.3987	-0.9105	0.1097	412	414	249	3	6	0.0107	0.1385	0	0.0462	1
0.0393	0.1565	-0.2884	0.3513	0.527	0.8691	0.0661	0.4902	413	415	249	3	7	0.0187	0.1769	0	0.0512	1
0.0396	0.1361	-0.1725	0.3863	0.5809	0.6799	0.7135	0.1691	414	416	249	3	8	0.0065	0.44	0	0.044	1
0.0403	0.1107	-0.09	0.4913	0.5953	0.5094	0.8413	0.181	415	417	249	3	9	0.021	0.6282	0	0.0534	1
0.0391	0.1563	-0.0883	0.6141	0.6288	0.488	0.8703	0.0672	416	418	249	3	10	0.0289	0.5096	0	0.0624	1
0.0401	0.1065	-0.0158	0.7499	0.6424	0.1079	0.9751	0.194	417	419	249	3	11	0.0228	0.6795	0	0.054	1
0.0384	0.1583	-0.0623	0.8308	0.7038	-0.074	0.9103	0.4072	418	420	249	3	12	0.022	0.3462	0	0.0556	1
0.0403	0.0845	-0.0766	0.9729	0.7673	-0.5945	0.4969	0.6322	419	421	249	3	13	0.0053	0.7	0	0.0453	1
0.0377	0.1235	-0.1141	1.0147	0.8454	-0.8887	-0.0245	0.4579	420	422	249	3	14	0.0151	0.2778	0	0.048	1
0.0358	0.1209	-0.2147	1.0617	0.9186	-0.8276	-0.0359	0.5602	421	423	249	3	15	0.0122	0.1667	0	0.0835	1
0.0273	0.1123	-0.2999	1.1177	0.9953	-0.8081	0.1133	0.578	422	424	249	3	16	0.0032	0.25	0	0.0273	1
0.0247	0.138	-0.4086	1.1411	1.0386	-0.7445	0.0902	0.6615	423	425	249	3	17	0.0032	0.225	0	0.0236	1
0.0281	0.1163	-0.5095	1.1607	1.1251	-0.646	0.5386	0.5409	424	426	249	3	18	0.0044	0.4375	0	0.0281	1
0.0272	0.0784	-0.5826	1.2241	1.1888	-0.4911	0.6947	0.5256	425	427	249	3	19	0.0027	0.375	0	0.0272	1
0.0268	0.1187	-0.6125	1.2839	1.2245	-0.3651	0.8864	0.2845	426	428	249	3	20	0.0031	0.3125	0	0.0268	1
0.023	0.0775	-0.6608	1.3845	1.2707	-0.394	0.9002	0.1855	427	429	249	3	21	0.0028	0.2917	0	0.023	1
0.0219	0.1219	-0.7048	1.423	1.2966	-0.5594	0.4896	0.6689	428	430	249	3	22	0.003	0.4375	0	0.0219	1
0.0284	0.0911	-0.7812	1.472	1.3794	-0.5284	0.4825	0.6986	429	431	249	3	23	0.0034	0.4167	0	0.0288	1
0.0269	0.1024	-0.8184	1.5216	1.4445	-0.4088	0.6251	0.6649	430	432	249	3	24	0.0028	0.2813	0	0.0269	1
0.0219	0.0729	-0.8641	1.5846	1.5094	-0.6618	0.2323	0.7128	431	433	249	3	25	0.0028	0.2083	0	0.0209	1
0.0219	0.1339	-0.8998	1.6208	1.5639	-0.5992	0.292	0.7454	432	434	249	3	26	0.0016	0.225	0	0.018	1
0.0219	0.106	-0.9898	1.6504	1.6642	-0.3812	0.4345	0.816	433	435	249	3	27	0.0023	0.25	0	0.0207	1
0.0219	0.017	-1.0425	1.686	1.7467	-0.6469	0.5622	0.5152	434	436	249	3	28	0.0053	0.16	0	0.01	1
0.0219	0.1375	-1.0329	1.7086	1.758	-0.4724	0.6182	0.6282	435	0	249	3	29	0.0048	0.1	0	0.01	1
0.0222	0.0515	-0.169	0.1388	0.332	-0.4763	-0.6417	0.6012	222	438	250	3	1	0.007	0.3333	1	0.0226	1
0.0191	0.0864	-0.1936	0.1058	0.363	0.0616	-0.9616	0.2676	437	439	250	3	2	0.007	0.3333	0	0.0226	1
0.01	0.2084	-0.2012	0.0226	0.3698	-0.7	-0.4454	0.5582	438	0	250	3	3	0.01	0.05	0	0.01	1
0.035	0.181	-0.0784	0.2148	0.4008	0.0239	0.847	-0.531	224	441	251	3	1	0.0046	0.375	1	0.035	1
0.0348	0.0836	-0.0741	0.3681	0.3047	0.807	0.0001	-0.5905	440	442	251	3	2	0.0046	0.375	0	0.035	1
0.0281	0.134	0.0001	0.3685	0.2527	-0.0346	0.9975	0.0614	441	443	251	3	3	0.0095	0.1429	0	0.1626	1
0.012	0.0527	0.0064	0.4921	0.2405	0.6506	0.759	-0.0241	442	444	251	3	4	0.01	0.05	0	0.01	1
0.0071	0.0502	0.0407	0.5321	0.2392	0.496	0.682	0.5374	443	0	251	3	5	0.01	0.05	0	0.01	1
0.01	0.2521	-0.0381	0.1381	0.6885	-0.7447	0.3721	-0.5541	226	446	254	3	1	0.01	0.05	1	0.01	1
0.01	0.1104	-0.2259	0.2319	0.5488	-0.7962	-0.0885	-0.5985	445	447	254	3	2	0.01	0.05	0	0.01	1
0.01	0.1687	-0.3138	0.2221	0.4827	-0.7322	0.6641	0.1512	446	448	254	3	3	0.01	0.05	0	0.01	1
0.01	0.0715	-0.4373	0.3341	0.5082	-0.6356	0.7319	-0.2456	447	0	254	3	4	0.01	0.05	0	0.01	1
0.0473	0.3487	-0.0218	0.2377	0.242	0.6904	0.6954	0.1995	221	450	257	3	1	0.0084	0.4	0	0.0473	1
0.0473	0.0816	0.2441	0.4757	0.3072	0.242	0.7277	0.6418	449	451	257	3	2	0.0071	0.6061	0	0.0514	1
0.0473	0.0729	0.2558	0.5567	0.3621	0.8212	0.2442	0.5157	450	0	257	3	3	0.0051	0.3	0	0.044	1
0.0103	0.4057	-0.103	0.1889	0.3274	0.6353	0.772	0.0223	222	453	267	3	1	0.0097	0.2292	1	0.0316	1
0.0103	0.34	0.1564	0.4988	0.3389	-0.8175	0.0374	0.5747	452	0	267	3	2	0.0208	0.2235	0	0.0316	1
0.0403	0.2863	0.0989	0.1865	0.4315	0.229	0.9731	0.0248	223	455	268	3	1	0.0136	0.2197	1	0.0505	1
0.0403	0.3561	0.1577	0.4571	0.4292	-0.6056	-0.3328	0.7228	454	456	268	3	2	0.0131	0.1496	0	0.0505	1
0.0176	0.1477	-0.0666	0.3424	0.6914	0.5803	0.528	0.62	455	457	268	3	3	0.0134	0.1125	0	0.01	1
0.01	0.1639	0.0206	0.4187	0.781	0.3064	-0.5765	0.7575	456	0	268	3	4	0.01	0.05	0	0.01	1
0.0236	0.2855	0.0501	0.2227	0.5384	0.3785	0.5898	0.7134	225	459	270	3	1	0.0034	0.375	0	0.0225	1
0.0267	0.1062	0.1467	0.395	0.7675	0.8677	0.3672	0.3351	458	460	270	3	2	0.0024	0.3125	0	0.03	1
0.0218	0.0683	0.2263	0.4325	0.8053	0.0591	0.6265	0.7772	459	461	270	3	3	0.0039	0.25	0	0.0269	1
0.0101	0.0584	0.2326	0.4734	0.862	0.5708	0.8175	0.0763	460	462	270	3	4	0.01	0.05	0	0.01	1
0.0074	0.0569	0.2659	0.5211	0.8664	-0.4064	0.9115	-0.0631	461	0	270	3	5	0.01	0.05	0	0.01	1
0.0304	0.1984	0.1313	0.2978	0.4398	0.8458	0.0381	0.5322	225	464	273	3	1	0.0031	0.2917	0	0.0304	1
0.0363	0.1155	0.287	0.3137	0.5599	0.4935	0.8656	-0.085	463	465	273	3	2	0.0041	0.2813	0	0.0363	1
0.0349	0.0835	0.354	0.4125	0.5583	0.2849	0.9329	-0.2202	464	466	273	3	3	0.0034	0.375	0	0.0359	1
0.0325	0.0937	0.3613	0.5274	0.4966	0.2826	0.7798	0.5587	465	467	273	3	4	0.0042	0.1944	0	0.0429	1
0.0235	0.1146	0.3561	0.6168	0.5654	0.5359	0.2192	0.8153	466	468	273	3	5	0.0028	0.2188	0	0.0237	1
0.0128	0.0176	0.4269	0.6688	0.6526	0.3416	0.096	0.9349	467	469	273	3	6	0.01	0.05	0	0.01	1
0.01	0.0627	0.4329	0.6704	0.6691	0.0292	0.1302	0.9911	468	470	273	3	7	0.01	0.05	0	0.01	1
0.0059	0.0246	0.4358	0.6787	0.7296	-0.7522	0.4636	-0.4683	469	0	273	3	8	0.01	0.05	0	0.01	1
0.0339	0.1317	-0.0001	0.0733	0.7117	-0.0257	-0.9778	0.2082	226	472	275	3	1	0.0059	0.425	1	0.0339	1
0.0339	0.1453	-0.0034	-0.0554	0.7391	0.1199	-0.9773	0.1745	471	473	275	3	2	0.0059	0.425	0	0.0339	1
0.0384	0.0847	0.036	-0.1948	0.7568	0.2451	-0.8789	0.4092	472	474	275	3	3	0.0059	0.5185	0	0.039	1
0.0372	0.2002	0.0493	-0.2808	0.7642	0.4431	-0.8627	0.2438	473	475	275	3	4	0.0062	0.4107	0	0.0375	1
0.0314	0.0609	0.1421	-0.4487	0.8364	0.5853	-0.8083	0.0636	474	476	275	3	5	0.0038	0.5833	0	0.0314	1
0.0345	0.0629	0.1738	-0.5014	0.8418	0.6397	-0.7666	-0.0554	475	477	275	3	6	0.0028	0.4583	0	0.0345	1
0.0348	0.0928	0.2096	-0.5511	0.8487	0.4067	-0.9126	0.0428	476	478	275	3	7	0.0025	0.3333	0	0.0348	1
0.0314	0.0927	0.2545	-0.6275	0.8902	0.9578	-0.2589	-0.1247	477	479	275	3	8	0.0095	0.28	0	0.0242	1
0.0325	0.1266	0.3283	-0.6632	0.8413	0.8012	-0.5821	-0.1388	478	480	275	3	9	0.0047	0.4	0	0.0325	1
0.0314	0.21	0.4367	-0.7312	0.8329	0.7393	-0.6546	-0.1579	479	481	275	3	10	0.0049	0.3036	0	0.0297	1
0.0377	0.0983	0.5971	-0.8614	0.7522	0.8217	-0.57	0.0015	480	482	275	3	11	0.003	0.3333	0	0.0399	1
0.0344	0.08	0.6657	-0.9222	0.7761	0.7283	-0.641	0.2423	481	483	275	3	12	0.0038	0.3333	0	0.0344	1
0.0314	0.0852	0.7189	-0.9833	0.7808	0.5891	-0.7513	0.2975	482	484	275	3	13	0.0104	0.28	0	0.0247	1
0.0371	0.0807	0.7413	-1.0149	0.8271	0.5985	-0.0057	0.8011	483	485	275	3	14	0.0034	0.2593	0	0.0416	1
0.0319	0.0521	0.8299	-1.0444	0.851	0.6145	-0.215	0.759	484	486	275	3	15	0.0142	0.2727	0	0.0319	1
0.0357	0.0686	0.8614	-1.1087	0.9233	0.9913	0.0634	0.1157	485	487	275	3	16	0.0073	0.025	0	0.0497	1
0.0314	0.0788	0.8817	-1.0548	0.96	0.1848	-0.3548	0.9165	486	488	275	3	17	0.0065	0.125	0	0.01	1
0.0349	0.0412	0.9473	-1.1112	0.9936	0.6164	0.0383	0.7865	487	489	275	3	18	0.0028	0.2813	0	0.0361	1
0.0314	0.0057	0.9739	-1.0945	1.0248	0.7941	-0.0122	0.6077	488	490	275	3	19	0.005	0.1167	0	0.01	1
0.0314	0.0995	0.9623	-1.1035	1.0744	0.0201	-0.9827	-0.1841	489	491	275	3	20	0.0041	0.1	0	0.01	1
0.0314	0.0162	0.9659	-1.2233	1.0426	-0.8023	-0.353	0.4814	490	0	275	3	21	0.0051	0.1	0	0.01	1
0.0313	0.2463	0.0185	0.1603	0.6224	0.5028	0.8563	0.1185	225	493	277	3	1	0.0034	0.3333	1	0.0313	1
0.0313	0.0704	0.1424	0.3712	0.6516	0.8221	0.5681	0.0385	492	494	277	3	2	0.0034	0.3333	0	0.0313	1
0.0331	0.0837	0.1994	0.4079	0.658	0.0312	0.7362	0.676	493	495	277	3	3	0.0032	0.4167	0	0.034	1
0.0249	0.1134	0.2202	0.4657	0.7047	0.5008	0.2637	0.8244	494	496	277	3	4	0.0024	0.4063	0	0.0249	1
0.0249	0.0202	0.2648	0.4818	0.7983	0.1299	-0.1072	0.9857	495	497	277	3	5	0.0057	0.14	0	0.01	1
0.0249	0.0765	0.2598	0.5011	0.8382	0.6758	0.6173	-0.4029	496	498	277	3	6	0.0051	0.12	0	0.01	1
0.0249	0.0955	0.2976	0.5594	0.7831	0.8872	0.2252	-0.4027	497	0	277	3	7	0.0026	0.1	0	0.01	1
0.0403	0.9406	0.0223	0.0836	0.8974	0.371	0.69	-0.6215	227	500	279	3	1	0.0044	0.0135	0	0.1606	1
0.0115	0.089	0.4976	0.7655	0.3901	0.2684	0.6465	-0.7142	499	501	279	3	2	0.01	0.05	0	0.01	1
0.0108	0.0804	0.4848	0.7964	0.3184	-0.1122	0.4271	-0.8972	500	502	279	3	3	0.01	0.05	0	0.01	1
0.01	0.0718	0.4914	0.799	0.2434	0.0488	0.1139	-0.9923	501	0	279	3	4	0.01	0.05	0	0.01	1
0.0343	0.2391	0.0354	0.1271	0.6275	0.9214	0.2328	0.3111	225	504	283	3	1	0.0097	0.2344	1	0.0343	1
0.0324	0.2244	0.2557	0.1828	0.7019	0.7856	0.488	0.3804	503	505	283	3	2	0.0097	0.2344	0	0.0343	1
0.0167	0.0222	0.4189	0.2886	0.796	0.5738	-0.1297	0.8086	504	506	283	3	3	0.0174	0.0429	0	0.01	1
0.012	0.0415	0.4478	0.2822	0.8138	0.0942	0.3956	0.9136	505	507	283	3	4	0.01	0.05	0	0.01	1
0.0084	0.1144	0.4517	0.2986	0.8517	0.7013	0.6553	-0.2805	506	0	283	3	5	0.01	0.05	0	0.01	1
0.0097	0.3358	-0.0036	0.0339	0.8645	0.8182	0.528	-0.2276	228	509	284	3	1	0.0289	0.1176	1	0.0589	1
0.0097	0.1418	0.2582	0.2359	0.8437	-0.6224	-0.7586	0.1927	508	0	284	3	2	0.0194	0.0625	0	0.0589	1
0.0403	0.3826	0.0353	0.1764	0.6008	0.1699	0.1548	0.9732	225	511	285	3	1	0.0182	0.1808	0	0.0485	1
0.0402	0.0909	0.1076	0.217	0.9798	-0.1278	0.2847	0.9501	510	512	285	3	2	0.0068	0.55	0	0.0442	1
0.0402	0.0846	0.1127	0.2469	1.0746	-0.4528	0.0179	0.8914	511	513	285	3	3	0.0059	0.625	0	0.0432	1
0.0456	0.0924	0.0763	0.2455	1.1495	0.3131	0.0577	0.948	512	514	285	3	4	0.0059	0.725	0	0.0456	1
0.0429	0.0987	0.1107	0.247	1.237	0.0486	0.0343	0.9982	513	515	285	3	5	0.0058	0.7222	0	0.0429	1
0.0445	0.0829	0.119	0.2457	1.3347	0.5404	0.2567	0.8013	514	516	285	3	6	0.0056	0.7333	0	0.0445	1
0.0397	0.0856	0.1651	0.2508	1.4087	-0.0563	0.4211	0.9053	515	517	285	3	7	0.0072	0.525	0	0.0446	1
0.0357	0.107	0.1737	0.2868	1.4842	0.1395	0.3596	0.9226	516	518	285	3	8	0.006	0.625	0	0.0357	1
0.0357	0.1155	0.1724	0.3275	1.5893	0.3832	0.2381	0.8924	517	519	285	3	9	0.0104	0.2222	0	0.0244	1
0.0357	0.1416	0.2218	0.356	1.6882	0.6102	0.1296	0.7816	518	520	285	3	10	0.0081	0.119	0	0.0228	1
0.0357	0.0831	0.3159	0.3309	1.8044	0.8609	0.2114	0.4628	519	521	285	3	11	0.0032	0.2188	0	0.0357	1
0.0357	0.0147	0.4021	0.3703	1.8429	0.2521	-0.1721	0.9523	520	522	285	3	12	0.0047	0.0833	0	0.01	1
0.0357	0.0943	0.3657	0.3182	1.8776	0.295	0.1547	0.9429	521	523	285	3	13	0.0025	0.0595	0	0.01	1
0.0357	0.1388	0.3847	0.3685	1.9773	0.7066	-0.0368	0.7066	522	0	285	3	14	0.0079	0.0833	0	0.01	1
0.037	0.1135	0.0811	0.0513	0.8673	0.9799	0.0261	-0.1978	227	525	286	3	1	0.0078	0.1429	1	0.037	1
0.037	0.2029	0.1923	0.0543	0.8449	0.7107	0.6999	0.0712	524	526	286	3	2	0.0078	0.1429	0	0.037	1
0.0279	0.2076	0.3248	0.2125	0.87	0.7531	0.1172	0.6474	525	527	286	3	3	0.0034	0.0893	0	0.0241	1
0.0267	0.0747	0.4778	0.2611	0.9927	0.627	0.4053	0.6653	526	528	286	3	4	0.0034	0.125	0	0.01	1
0.0347	0.1265	0.5154	0.2766	1.0026	0.8601	0.3801	-0.3403	527	529	286	3	5	0.0111	0.0826	0	0.0483	1
0.0232	0.092	0.5821	0.3603	0.9575	0.6173	0.7105	-0.3378	528	530	286	3	6	0.0054	0.1	0	0.01	1
0.0287	0.1335	0.6146	0.3438	0.9605	0.5578	0.1726	0.8118	529	531	286	3	7	0.0043	0.1667	0	0.0297	1
0.0259	0.1503	0.7148	0.396	1.0332	0.5796	0.3747	0.7237	530	532	286	3	8	0.0036	0.225	0	0.0283	1
0.024	0.1132	0.8031	0.4513	1.1411	0.66	0.1626	0.7335	531	533	286	3	9	0.0019	0.25	0	0.0289	1
0.0138	0.0843	0.8949	0.4702	1.1971	0.7446	0.4653	0.4786	532	534	286	3	10	0.01	0.05	0	0.01	1
0.0142	0.1285	0.9329	0.4457	1.2513	0.5779	-0.0479	0.8147	533	535	286	3	11	0.002	0.1429	0	0.0168	1
0.0085	0.0744	1.0082	0.4409	1.3545	0.7602	0.1319	0.6361	534	536	286	3	12	0.01	0.05	0	0.01	1
0.006	0.0609	1.0552	0.4435	1.4103	0.6472	0.0381	0.7614	535	0	286	3	13	0.01	0.05	0	0.01	1
0.0137	0.1522	-0.0299	0.1146	0.7546	-0.8935	0.1207	0.4326	226	538	287	3	1	0.0115	0.15	0	0.0307	1
0.01	0.1448	-0.123	0.1288	0.8174	0.1125	0.5679	0.8154	537	0	287	3	2	0.01	0.05	0	0.01	1
0.0262	0.1364	0.011	0.0347	0.9325	0.9764	0.1299	-0.1726	228	540	288	3	1	0.0044	0.25	1	0.0259	1
0.026	0.159	0.1441	0.0524	0.909	-0.7526	0.0723	0.6545	539	541	288	3	2	0.0044	0.25	0	0.0259	1
0.0263	0.0973	0.016	0.0437	1.0357	0.9187	0.053	0.3914	540	542	288	3	3	0.003	0.2917	0	0.0263	1
0.036	0.0898	0.1361	0.0083	1.1042	0.642	0.7081	0.2939	541	543	288	3	4	0.0042	0.2222	0	0.0403	1
0.0338	0.2097	0.1681	-0.0012	1.1489	0.7471	-0.0985	0.6573	542	544	288	3	5	0.0136	0.0844	0	0.0621	1
0.0323	0.1315	0.3585	-0.0167	1.2496	0.7299	-0.2867	0.6205	543	545	288	3	6	0.0286	0.1346	0	0.037	1
0.029	0.2166	0.4481	-0.0562	1.2835	0.9861	-0.1064	-0.1275	544	546	288	3	7	0.0183	0.0125	0	0.0396	1
0.0182	0.1442	0.6495	-0.1007	1.3198	0.9626	-0.2522	0.0987	545	547	288	3	8	0.0043	0.0875	0	0.01	1
0.0239	0.1833	0.7991	-0.0944	1.3242	0.9197	-0.1485	0.3634	546	548	288	3	9	0.0185	0.1	0	0.0898	1
0.0207	0.1812	0.9114	-0.1583	1.4324	0.6841	-0.2954	0.667	547	549	288	3	10	0.0078	0.1	0	0.1151	1
0.0125	0.1238	0.9617	-0.2626	1.5566	0.4059	-0.5396	0.7376	548	550	288	3	11	0.01	0.05	0	0.01	1
0.0188	0.1759	1.0637	-0.1382	1.5492	0.8697	0.0196	0.4931	549	551	288	3	12	0.0162	0.1111	0	0.04	1
0.01	0.1223	1.1511	-0.07	1.6842	0.7096	0.2183	0.6699	550	552	288	3	13	0.01	0.05	0	0.01	1
0.0091	0.0885	1.2662	-0.1162	1.7131	0.8578	-0.0403	0.5124	551	553	288	3	14	0.01	0.05	0	0.01	1
0.0076	0.0652	1.117	-0.1089	1.768	0.0425	0	0.9991	552	0	288	3	15	0.01	0.05	0	0.01	1
0.038	0.1534	-0.005	0.0191	0.9582	0.4844	-0.4821	0.73	228	555	292	3	1	0.0072	0.525	1	0.038	1
0.038	0.1411	0.0693	-0.0548	1.0701	0.1277	-0.9169	0.3782	554	556	292	3	2	0.0072	0.525	0	0.038	1
0.038	0.0974	0.0933	-0.1766	1.1334	-0.4814	-0.5295	0.6985	555	557	292	3	3	0.0035	0.3438	0	0.0344	1
0.038	0.1708	0.0372	-0.2412	1.1969	-0.1039	-0.2564	0.961	556	558	292	3	4	0.0073	0.0833	0	0.0266	1
0.038	0.0132	0.0206	-0.2709	1.3709	-0.2118	-0.5437	0.8121	557	559	292	3	5	0.0015	0.0833	0	0.01	1
0.038	0.0906	0.0338	-0.3351	1.3696	-0.2328	-0.2632	0.9362	558	560	292	3	6	0.0066	0.0833	0	0.01	1
0.038	0.0713	-0.0089	-0.3116	1.4712	-0.8634	-0.4645	0.1968	559	0	292	3	7	0.0081	0.0972	0	0.01	1
0.0244	0.0899	-0.1604	-0.0116	1.0951	-0.6477	0.7569	-0.0874	229	562	295	3	1	0.0032	0.2813	1	0.0197	1
0.0241	0.1129	-0.2186	0.0564	1.0873	-0.2149	0.7992	0.5613	561	563	295	3	2	0.0032	0.2813	0	0.0197	1
0.0346	0.1074	-0.2161	0.1797	1.1842	-0.8513	0.4851	0.2	562	564	295	3	3	0.0123	0.2545	0	0.0457	1
0.0244	0.0915	-0.2634	0.2373	1.2336	-0.5291	0.3618	0.7676	563	565	295	3	4	0.003	0.2917	0	0.0244	1
0.028	0.0892	-0.3123	0.2739	1.3027	-0.8013	0.0918	0.5912	564	566	295	3	5	0.0025	0.2917	0	0.028	1
0.0297	0.2026	-0.4077	0.3166	1.3388	-0.6237	-0.0571	0.7796	565	567	295	3	6	0.0116	0.14	0	0.047	1
0.0178	0.093	-0.506	0.3001	1.4988	-0.0475	0.1446	0.9883	566	568	295	3	7	0.0048	0.14	0	0.01	1
0.0252	0.0109	-0.5573	0.3476	1.5596	-0.0249	0.6562	0.7542	567	569	295	3	8	0.0183	0.1714	0	0.0646	1
0.0248	0.102	-0.6195	0.3545	1.5652	-0.0433	0.2942	0.9548	568	570	295	3	9	0.0109	0.1857	0	0.0392	1
0.01	0.0614	-0.6108	0.3802	1.6385	-0.7896	0.365	-0.4932	569	571	295	3	10	0.01	0.05	0	0.01	1
0.0098	0.0849	-0.6593	0.4026	1.6082	-0.8775	-0.2238	0.4241	570	0	295	3	11	0.01	0.05	0	0.01	1
0.0284	0.1628	-0.1149	-0.1057	1.1662	0.7694	-0.5972	0.2266	230	573	298	3	1	0.0108	0.375	1	0.0284	1
0.0284	0.0978	0.0103	-0.2029	1.2031	0.1507	0.94	0.306	572	574	298	3	2	0.0108	0.375	0	0.0284	1
0.0259	0.0967	0.0034	-0.1379	1.2341	-0.6324	0.5316	0.5635	573	575	298	3	3	0.0031	0.2917	0	0.0269	1
0.0153	0.0005	-0.0472	-0.0888	1.2987	-0.2691	0.8383	0.4743	574	576	298	3	4	0.0124	0.175	0	0.01	1
0.0205	0.0868	-0.0574	-0.0761	1.2845	0.6419	0.744	0.1854	575	0	298	3	5	0.0151	0.1	0	0.0342	1
0.0179	0.082	-0.1945	-0.1249	1.1963	-0.5414	-0.8042	-0.2453	230	578	302	3	1	0.0112	0.375	1	0.0335	1
0.0179	0.1579	-0.2391	-0.1945	1.1786	-0.9337	0.2272	0.2768	577	0	302	3	2	0.0156	0.2375	0	0.0335	1
0.0122	0.0873	-0.1691	-0.0596	1.2501	0.3562	0.8541	0.379	230	580	304	3	1	0.0072	0.2344	1	0.0365	1
0.0122	0.2237	-0.1505	0.0114	1.2697	0.3504	-0.9333	-0.0779	579	581	304	3	2	0.0158	0.1167	0	0.0365	1
0.0175	0.0768	-0.0643	-0.1909	1.2568	0.7108	-0.6167	-0.3384	580	0	304	3	3	0.0051	0.1	0	0.03	1
0.0403	0.1263	-0.3365	-0.1876	1.4965	-0.0433	0.4897	0.8708	233	583	308	3	1	0.0089	0.2333	1	0.057	1
0.0403	0.1336	-0.3485	-0.128	1.5885	0.7996	-0.5571	-0.2242	582	584	308	3	2	0.0096	0.1648	0	0.057	1
0.0177	0.0457	-0.2755	-0.209	1.5709	0.2945	-0.896	0.3323	583	585	308	3	3	0.01	0.05	0	0.01	1
0.01	0.0652	-0.2621	-0.2499	1.5861	0.1334	-0.2546	0.9578	584	0	308	3	4	0.01	0.05	0	0.01	1
0.01	0.1424	-0.4849	-0.2812	1.699	0.728	0.6129	-0.3072	235	587	886	3	1	0.01	0.05	1	0.01	1
0.01	0.0805	-0.3813	-0.194	1.6553	-0.8567	-0.1417	0.496	586	588	886	3	2	0.01	0.05	0	0.01	1
0.01	0.2706	-0.4503	-0.2054	1.6952	-0.6462	0.5797	0.4963	587	0	886	3	3	0.01	0.05	0	0.01	1
0.0151	0.3939	-0.1777	-0.2717	0.2635	-0.6723	-0.1849	-0.7168	250	590	887	3	1	0.0035	0.2963	0	0.0393	0
0.0076	0.1174	-0.4429	-0.3232	-0.004	-0.8536	0.2888	-0.4335	589	0	887	3	2	0.0046	0.2	0	0.0268	0
0.0266	0.1453	-0.6755	-0.1876	-0.0958	0.5354	-0.7989	-0.2741	263	592	320	3	1	0.0041	0.225	1	0.0228	0
0.0245	0.1371	-0.5977	-0.3037	-0.1357	0.5613	-0.8259	-0.0529	591	593	320	3	2	0.0041	0.225	0	0.0228	0
0.0332	0.1015	-0.5001	-0.4079	-0.1635	0.7272	-0.1338	0.6733	592	594	320	3	3	0.0103	0.2	0	0.039	0
0.026	0.1083	-0.4477	-0.4217	-0.1025	-0.2274	-0.6861	0.691	593	595	320	3	4	0.005	0.3125	0	0.0292	0
0.0113	0.0919	-0.4562	-0.513	-0.0307	-0.4356	-0.5429	0.718	594	596	320	3	5	0.01	0.05	0	0.01	0
0.0068	0.0447	-0.4963	-0.5629	0.0352	-0.071	-0.9086	-0.4117	595	0	320	3	6	0.01	0.05	0	0.01	0
0.0292	0.2925	-0.9217	-0.2564	0.011	0.8473	-0.2398	-0.4738	265	598	888	3	1	0.0064	0.35	1	0.0296	0
0.0261	0.134	-0.6738	-0.3265	-0.1276	-0.7677	0.1636	0.6196	597	599	888	3	2	0.0064	0.35	0	0.0296	0
0.0306	0.1364	-0.7681	-0.3309	-0.0591	-0.7147	-0.5023	0.4868	598	600	888	3	3	0.0106	0.175	0	0.0426	0
0.01	0.1253	-0.8505	-0.4092	0.0217	-0.5957	-0.7988	0.0846	599	0	888	3	4	0.01	0.05	0	0.01	0
0.0271	0.061	-1.2432	-0.3059	0.1949	-0.9244	0.2707	0.2687	268	602	607	3	1	0.006	0.25	1	0.0271	0
0.0271	0.1735	-1.2997	-0.2893	0.2113	-0.559	0.0294	0.8287	601	603	607	3	2	0.006	0.25	0	0.0271	0
0.021	0.0835	-1.3891	-0.3231	0.3363	-0.3573	-0.4613	0.8121	602	604	607	3	3	0.0041	0.12	0	0.01	0
0.0294	0.0054	-1.4208	-0.335	0.3943	-0.5868	0.2439	0.7722	603	605	607	3	4	0.0118	0.25	0	0.0449	0
0.0143	0.0675	-1.435	-0.3779	0.383	-0.9082	0.0821	0.4105	604	606	607	3	5	0.01	0.05	0	0.01	0
0.01	0.0735	-1.4963	-0.3724	0.4107	-0.3807	-0.4351	0.8159	605	607	607	3	6	0.01	0.05	0	0.01	0
0.0063	0.0479	-1.5243	-0.4044	0.4707	-0.9209	-0.229	0.3154	606	0	607	3	7	0.01	0.05	0	0.01	0
0.015	0.2819	-0.058	0.1091	0.1304	-0.6644	-0.7461	0.043	291	609	327	3	1	0.008	0.3036	1	0.0347	0
0.015	0.1946	-0.2355	-0.1042	0.137	0.4463	0.8223	0.353	608	0	327	3	2	0.0166	0.22	0	0.0347	0
0.0214	0.151	0.4274	0.7243	0.3283	0.4081	-0.4763	0.7789	295	611	335	3	1	0.0205	0.1875	0	0.0582	0
0.0214	0.236	0.4835	0.647	0.4377	-0.1294	-0.782	0.6097	610	612	335	3	2	0.0156	0.1	0	0.0467	0
0.0126	0.1158	0.4169	0.4994	0.5611	-0.7117	-0.3584	0.6042	611	613	335	3	3	0.01	0.05	0	0.01	0
0.01	0.125	0.4163	0.5029	0.555	0.7334	-0.3278	0.5955	612	0	335	3	4	0.01	0.05	0	0.01	0
0.0302	0.2674	0.3162	0.5716	0.1814	0.6804	0.7257	-0.1017	293	615	889	3	1	0.0142	0.25	0	0.0374	0
0.0288	0.089	0.5055	0.769	0.1533	-0.1525	0.0763	-0.9854	614	616	889	3	2	0.004	0.2917	0	0.0308	0
0.0249	0.1386	0.4887	0.7938	0.058	-0.1331	-0.4059	-0.9042	615	617	889	3	3	0.0223	0.15	0	0.0619	0
0.0186	0.1636	0.4554	0.754	-0.0696	0.475	0.3148	-0.8217	616	618	889	3	4	0.012	0.125	0	0.0519	0
0.0072	0.0563	0.5239	0.8189	-0.2075	0.325	-0.0236	-0.9454	617	0	889	3	5	0.01	0.05	0	0.01	0
0.0298	0.1981	0.3637	-0.6414	-0.2381	-0.0498	-0.9987	0.0092	306	620	351	3	1	0.0047	0.5	1	0.0298	0
0.0298	0.1188	0.3538	-0.8392	-0.2362	-0.2072	-0.9156	0.3446	619	0	351	3	2	0.0047	0.5	0	0.0298	0
0.0317	0.3029	0.3624	-0.6412	-0.2353	0.0181	-0.9946	0.102	306	622	354	3	1	0.0055	0.375	1	0.0257	0
0.0317	0.116	0.3698	-0.949	-0.1988	0.8621	-0.1493	-0.4843	621	623	354	3	2	0.0076	0.1667	0	0.0257	0
0.0318	0.2355	0.4254	-0.9897	-0.2474	0.4834	-0.8049	0.3441	622	624	354	3	3	0.0059	0.4375	0	0.0318	0
0.0379	0.0735	0.5549	-1.1315	-0.1514	0.778	-0.4056	0.4798	623	625	354	3	4	0.0035	0.2963	0	0.0397	0
0.037	0.1028	0.6162	-1.1642	-0.1118	0.7606	0.5432	-0.3554	624	626	354	3	5	0.0028	0.1875	0	0.0381	0
0.0317	0.0082	0.6522	-1.1106	-0.1411	-0.1679	-0.0054	-0.9858	625	627	354	3	6	0.0047	0.15	0	0.01	0
0.0417	0.0588	0.6736	-1.1283	-0.1669	0.4021	-0.3354	0.8519	626	628	354	3	7	0.0072	0.1857	0	0.053	0
0.0317	0.1622	0.7191	-1.1547	-0.1356	0.367	-0.656	0.6596	627	629	354	3	8	0.0034	0.325	0	0.0275	0
0.0338	0.0593	0.7783	-1.2957	-0.062	0.1974	-0.6817	0.7045	628	630	354	3	9	0.0047	0.4167	0	0.0338	0
0.0334	0.1548	0.7905	-1.3257	-0.0006	0.0143	-0.883	0.4692	629	631	354	3	10	0.0045	0.45	0	0.0334	0
0.0348	0.1149	0.8173	-1.4698	0.0586	0.144	-0.7325	0.6654	630	632	354	3	11	0.005	0.5625	0	0.0348	0
0.0317	0.1098	0.8293	-1.5675	0.122	0.2654	-0.7139	0.648	631	633	354	3	12	0.0046	0.4375	0	0.0317	0
0.0317	0.0723	0.833	-1.661	0.1569	0.1592	-0.946	0.2825	632	634	354	3	13	0.0043	0.25	0	0.0284	0
0.0317	0.148	0.8433	-1.7103	0.1598	-0.2714	-0.6587	-0.7018	633	635	354	3	14	0.0096	0.2917	0	0.026	0
0.0317	0.008	0.8612	-1.7625	0.1844	0.1165	-0.952	0.2832	634	636	354	3	15	0.0039	0.3333	0	0.0294	0
0.0362	0.1036	0.8121	-1.7793	0.2096	0.4322	-0.1247	0.8931	635	637	354	3	16	0.0027	0.2222	0	0.039	0
0.0317	0.1222	0.9006	-1.8198	0.27	0.2547	-0.5353	0.8053	636	638	354	3	17	0.0076	0.1833	0	0.0193	0
0.0317	0.1145	0.9438	-1.8638	0.3681	0.2375	-0.1246	0.9633	637	639	354	3	18	0.008	0.2	0	0.0222	0
0.0372	0.1402	0.9344	-1.8659	0.4986	-0.0759	-0.9081	0.4118	638	640	354	3	19	0.0038	0.0938	0	0.0775	0
0.0317	0.1182	0.9275	-1.9961	0.55	-0.0995	-0.9291	0.3561	639	641	354	3	20	0.0039	0.1	0	0.01	0
0.0317	0.0697	0.9039	-2.1078	0.5664	-0.1997	-0.9667	0.1598	640	642	354	3	21	0.0031	0.125	0	0.01	0
0.0317	0.0992	0.91	-2.0357	0.5305	0.3947	0.2423	0.8863	641	0	354	3	22	0.005	0.125	0	0.01	0
0.0345	0.2509	0.6275	-0.6965	-0.1066	-0.4023	-0.8992	-0.172	307	644	357	3	1	0.006	0.3333	0	0.0344	0
0.0292	0.069	0.5434	-0.964	-0.1764	0.607	0.5863	-0.5365	643	645	357	3	2	0.0094	0.25	0	0.0387	0
0.01	0.0553	0.5659	-0.9328	-0.2271	0.6299	-0.2312	-0.7415	644	0	357	3	3	0.01	0.05	0	0.01	0
0.0231	0.2608	0.6687	-0.6876	-0.0309	-0.4621	-0.8694	-0.1751	307	647	359	3	1	0.004	0.375	0	0.0218	0
0.0256	0.0561	0.5722	-0.9642	-0.083	-0.8505	-0.361	-0.3825	646	648	359	3	2	0.0064	0.22	0	0.032	0
0.0145	0.0143	0.5407	-0.9878	-0.1159	-0.5905	-0.1457	-0.7938	647	649	359	3	3	0.01	0.05	0	0.01	0
0.01	0.078	0.5322	-0.9899	-0.1273	-0.8233	-0.5338	-0.193	648	0	359	3	4	0.01	0.05	0	0.01	0
0.0288	0.2796	0.8439	-0.8348	0.0375	-0.743	-0.5522	-0.3782	309	651	363	3	1	0.0056	0.375	0	0.0293	0
0.0265	0.0713	0.646	-0.9996	-0.0683	-0.2559	-0.2346	-0.9378	650	0	363	3	2	0.0075	0.2917	0	0.0265	0
0.0058	0.3342	1.1347	-1.0364	0.1053	-0.5516	-0.3262	-0.7677	311	653	365	3	1	0.0111	0.0772	1	0.1866	0
0.0058	0.2472	0.9071	-0.9776	-0.1226	-0.9336	-0.2791	0.2246	652	0	365	3	2	0.0472	0.2	0	0.1866	0
0.01	0.1963	0.9164	-0.8266	0.0338	0.5715	-0.8116	-0.1209	309	655	372	3	1	0.01	0.05	1	0.01	0
0.01	0.1034	1.0286	-0.986	0.0101	0.4171	-0.9035	0.0981	654	656	372	3	2	0.01	0.05	0	0.01	0
0.01	0.0495	1.0717	-1.0794	0.0202	-0.7522	-0.635	-0.1758	655	0	372	3	3	0.01	0.05	0	0.01	0
0.01	0.3505	1.3331	-1.1179	0.1856	0.2443	0.5792	0.7777	314	658	377	3	1	0.01	0.05	0	0.01	0
0.01	0.1339	1.4187	-0.9149	0.4582	0.5375	-0.1344	0.8325	657	659	377	3	2	0.01	0.05	0	0.01	0
0.01	0.1241	1.4907	-0.9329	0.5697	0.2507	0.1244	0.96	658	0	377	3	3	0.01	0.05	0	0.01	0
0.041	0.248	1.2856	-1.3174	0.3632	-0.6094	0.7827	0.1269	315	661	380	3	1	0.0065	0.1944	1	0.041	0
0.0378	0.1099	1.1344	-1.1233	0.3947	0.3581	-0.9286	-0.0977	660	662	380	3	2	0.0065	0.1944	0	0.041	0
0.0234	0.0308	1.2069	-1.231	0.4146	-0.6569	-0.4062	0.6352	661	663	380	3	3	0.0042	0.15	0	0.01	0
0.0175	0.1142	1.1773	-1.2072	0.4099	-0.8975	-0.3807	-0.2225	662	664	380	3	4	0.0174	0.1286	0	0.01	0
0.01	0.1285	1.0642	-1.2648	0.4185	0.514	-0.8373	-0.1863	663	0	380	3	5	0.01	0.05	0	0.01	0
0.0217	0.2193	1.2829	-1.1504	0.3415	-0.0468	-0.5987	0.7996	313	666	383	3	1	0.0062	0.2917	0	0.0238	0
0.0148	0.0372	1.2831	-1.2729	0.5174	0.5944	-0.7319	0.3333	665	667	383	3	2	0.01	0.05	0	0.01	0
0.01	0.0859	1.3052	-1.3001	0.5297	0.0875	0.0656	0.994	666	0	383	3	3	0.01	0.05	0	0.01	0
0.01	0.1935	1.433	-1.4133	0.4627	0.0427	0.9971	-0.0629	317	669	386	3	1	0.01	0.05	0	0.01	0
0.01	0.1545	1.4412	-1.2204	0.4505	0.7726	-0.5086	-0.38	668	0	386	3	2	0.01	0.05	0	0.01	0
0.01	0.0699	1.444	-1.3526	0.4666	-0.1403	0.7021	-0.6982	318	671	890	3	1	0.01	0.05	1	0.01	0
0.01	0.1011	1.4342	-1.3036	0.4179	-0.2835	0.5037	-0.8161	670	0	890	3	2	0.01	0.05	0	0.01	0
0.0292	0.2172	-0.041	-0.946	0.2894	-0.5132	0.4888	0.7055	335	673	395	3	1	0.0061	0.0636	0	0.0368	1
0.0194	0.1405	-0.1582	-0.8748	0.4333	0.6178	-0.297	0.7281	672	674	395	3	2	0.002	0.2188	0	0.0182	1
0.0146	0.024	-0.0665	-0.9151	0.5282	0.8231	-0.2616	0.5041	673	675	395	3	3	0.01	0.05	0	0.01	1
0.01	0.0784	-0.0468	-0.9214	0.5402	0.3408	-0.4635	0.8179	674	0	395	3	4	0.01	0.05	0	0.01	1
0.0357	0.1271	-0.1658	-1.1066	0.3381	-0.4165	0.5235	0.7433	335	677	400	3	1	0.0089	0.1786	1	0.0357	1
0.0336	0.1908	-0.2187	-1.0401	0.4325	0.0561	0.2198	0.9739	676	678	400	3	2	0.0089	0.1786	0	0.0357	1
0.0204	0.0268	-0.232	-1.0109	0.5884	0.5572	-0.8251	-0.0929	677	679	400	3	3	0.008	0.125	0	0.01	1
0.0159	0.1146	-0.2207	-1.0253	0.5838	0.8963	0.4411	0.0452	678	680	400	3	4	0.0041	0.1	0	0.01	1
0.0094	0.119	-0.1147	-0.9801	0.59	-0.4117	-0.0731	0.9084	679	0	400	3	5	0.01	0.05	0	0.01	1
0.0138	0.106	-0.211	-1.1639	0.4028	-0.031	0.5857	0.8099	336	682	401	3	1	0.0248	0.2167	1	0.0289	1
0.0138	0.0897	-0.246	-1.1204	0.4888	-0.2004	0.3529	0.9139	681	683	401	3	2	0.0141	0.25	0	0.0289	1
0.01	0.0865	-0.2665	-1.092	0.5711	-0.2205	0.2649	0.9387	682	0	401	3	3	0.01	0.05	0	0.01	1
0.0384	0.2117	-0.3257	-1.3816	0.5015	0.2161	0.8442	0.4906	338	685	406	3	1	0.0067	0.32	1	0.0436	1
0.0382	0.1246	-0.2786	-1.2006	0.6022	-0.9486	0.1326	-0.2874	684	686	406	3	2	0.0079	0.2198	0	0.0436	1
0.038	0.12	-0.3346	-1.1343	0.5771	0.072	-0.2968	0.9522	685	687	406	3	3	0.0092	0.1667	0	0.0453	1
0.0378	0.0998	-0.3263	-1.1591	0.7217	-0.791	-0.5791	0.1974	686	688	406	3	4	0.0114	0.2	0	0.0475	1
0.0331	0.1492	-0.3894	-1.2242	0.7366	-0.457	-0.8696	-0.1869	687	689	406	3	5	0.0043	0.425	0	0.0331	1
0.0331	0.1204	-0.4622	-1.3518	0.7109	-0.4997	-0.8273	-0.2566	688	690	406	3	6	0.0034	0.325	0	0.0307	1
0.0331	0.0105	-0.5354	-1.4602	0.7152	-0.6298	-0.6663	-0.3992	689	691	406	3	7	0	0.0227	0	0.025	1
0.035	0.0928	-0.505	-1.4648	0.7038	0.2004	-0.2935	0.9347	690	692	406	3	8	0.005	0.1528	0	0.0711	1
0.0331	0.0466	-0.4839	-1.4842	0.7975	-0.1103	-0.6363	0.7635	691	693	406	3	9	0.0079	0.1455	0	0.01	1
0.0331	0.0577	-0.5102	-1.4819	0.8288	-0.8231	-0.5102	0.2495	692	0	406	3	10	0.0068	0.1136	0	0.01	1
0.0354	0.2635	-0.3096	-1.3023	0.3646	-0.611	-0.0459	0.7903	336	695	408	3	1	0.0078	0.0238	1	0.0465	1
0.0343	0.0481	-0.4598	-1.3128	0.592	-0.0026	-0.9962	0.0875	694	696	408	3	2	0.0086	0.1818	0	0.0465	1
0.0246	0.0839	-0.478	-1.3498	0.6147	-0.7098	-0.6255	-0.3239	695	697	408	3	3	0.003	0.4583	0	0.0246	1
0.0227	0.0692	-0.5393	-1.4033	0.5887	-0.3755	-0.3307	-0.8658	696	698	408	3	4	0.0017	0.4167	0	0.0208	1
0.0327	0.0457	-0.5281	-1.3971	0.5175	-0.1084	0.4765	0.8725	697	699	408	3	5	0.0035	0.4583	0	0.0347	1
0.0208	0.0111	-0.508	-1.362	0.5293	-0.2142	0.9431	0.2544	698	700	408	3	6	0.01	0.05	0	0.01	1
0.0208	0.1763	-0.5147	-1.3442	0.5212	0.1963	0.8486	0.4912	699	0	408	3	7	0.0024	0.03	0	0.01	1
0.0322	0.1818	-0.315	-1.4408	0.4446	0.315	-0.8268	-0.4661	338	702	409	3	1	0.0041	0.375	1	0.0334	1
0.029	0.0867	-0.2577	-1.591	0.3599	0.0647	-0.8242	-0.5625	701	703	409	3	2	0.0041	0.375	0	0.0334	1
0.0164	0.0601	-0.2668	-1.6702	0.3144	0.3637	-0.8562	-0.367	702	704	409	3	3	0.01	0.05	0	0.01	1
0.01	0.2263	-0.245	-1.7217	0.2923	0.0409	0.0821	-0.9958	703	0	409	3	4	0.01	0.05	0	0.01	1
0.0242	0.3338	-0.3844	-1.5671	0.632	-0.1576	0.8093	0.5659	339	706	418	3	1	0.0036	0.2917	0	0.0256	1
0.01	0.0417	-0.428	-1.2822	0.8306	-0.6427	-0.1002	0.7595	705	0	418	3	2	0.01	0.05	0	0.01	1
0.032	0.1367	-0.4354	-1.686	0.6163	-0.4265	-0.8451	0.3223	341	708	421	3	1	0.0017	0.3333	1	0.032	1
0.0312	0.0804	-0.4936	-1.8015	0.6603	-0.2797	-0.8139	0.5093	707	709	421	3	2	0.0017	0.3333	0	0.032	1
0.0197	0.0941	-0.5253	-1.8503	0.7073	-0.0956	-0.3869	0.9171	708	710	421	3	3	0.0027	0.375	0	0.0197	1
0.0227	0.0812	-0.542	-1.9054	0.7798	-0.5665	-0.328	0.756	709	711	421	3	4	0.0109	0.3	0	0.0294	1
0.0087	0.0604	-0.5739	-1.9679	0.826	-0.3175	-0.4731	0.8218	710	0	421	3	5	0.01	0.05	0	0.01	1
0.0166	0.0974	0.0879	-1.0266	0.5446	-0.9978	0.0558	-0.037	0	713	434	0	1	0.0161	0.22	0	0.0339	0
0.0197	0.037	-0.0265	-1.0302	0.5022	-0.2697	0.9572	-0.1051	712	0	434	0	2	0.0106	0.0714	0	0.0274	0
0.0113	0.1484	0.3794	-1.4656	0.81	-0.6858	-0.7168	0.126	0	715	892	0	1	0.017	0.15	0	0.0288	0
0.0104	0.0249	0.2809	-1.5834	0.8148	-0.5477	0.5806	-0.6025	714	716	892	0	2	0.01	0.05	0	0.01	0
0.01	0.1025	0.2699	-1.5677	0.7986	-0.0648	0.769	0.636	715	0	892	0	3	0.01	0.05	0	0.01	0
0.0265	0.2339	-0.6661	1.4236	0.2931	0.3983	-0.9169	0.0259	377	718	896	4	1	0.0071	0.4	0	0.0265	0
0.0265	0.048	-0.5772	1.2046	0.3017	-0.521	0.0141	-0.8534	717	0	896	4	2	0.0087	0.2	0	0.0305	0
0.0219	0.1154	-0.3612	0.7818	-0.0507	-0.0828	-0.1205	0.9893	396	720	899	4	1	0.0072	0.2024	1	0.0558	1
0.0207	0.1813	-0.4002	0.7915	0.0705	0.0436	0.3358	-0.9409	719	721	899	4	2	0.0176	0.21	0	0.0558	1
0.0169	0.2536	-0.4037	0.8601	-0.1437	0.8986	-0.3276	-0.2918	720	722	899	4	3	0.0287	0.1222	0	0.0482	1
0.01	0.0105	-0.1808	0.7863	-0.2089	0.9264	0.337	0.1679	721	723	899	4	4	0.01	0.05	0	0.01	1
0.0088	0.0702	-0.1662	0.7908	-0.206	0.0954	-0.9459	0.31	722	724	899	4	5	0.01	0.05	0	0.01	1
0.0052	0.0471	-0.1429	0.7834	-0.21	0.9324	-0.3282	-0.151	723	0	899	4	6	0.01	0.05	0	0.01	1
0.0095	0.1431	-0.3634	0.1127	0.1945	0.626	-0.5388	0.5638	407	726	484	4	1	0.0097	0.1012	1	0.1325	1
0.0095	0.1677	-0.3163	0.1495	0.2872	-0.4835	-0.0882	-0.8709	725	727	484	4	2	0.0336	0.1556	0	0.1325	1
0.0095	0.0464	-0.405	0.1228	0.1583	-0.8369	-0.1952	-0.5114	726	728	484	4	3	0.0337	0.25	0	0.0872	1
0.0095	0.0084	-0.427	0.1269	0.1168	-0.6252	-0.2118	-0.7512	727	0	484	4	4	0.01	0.05	0	0.01	1
0.0081	0.2456	-0.1299	0.3963	0.3387	-0.0368	0.8897	0.4552	411	730	488	4	1	0.0047	0.15	0	0.0462	1
0.0176	0.0618	-0.1383	0.6054	0.4479	-0.7992	-0.2111	0.5627	729	731	488	4	2	0.0103	0.2286	0	0.0278	1
0.0124	0.0266	-0.1991	0.5888	0.503	-0.8748	0.0623	-0.4805	730	0	488	4	3	0.0066	0.2292	0	0.053	1
0.0259	0.1532	-0.2985	0.5634	0.4276	-0.5105	0.8584	0.0499	412	733	492	4	1	0.0031	0.25	0	0.0243	1
0.0341	0.1052	-0.3963	0.674	0.4294	-0.7215	0.6906	-0.0498	732	734	492	4	2	0.0035	0.2778	0	0.0427	1
0.0226	0.0159	-0.4608	0.7578	0.4578	-0.9198	0.3376	0.2001	733	735	492	4	3	0.0105	0.3393	0	0.0226	1
0.0206	0.1414	-0.4833	0.7634	0.4462	-0.5083	0.813	0.284	734	736	492	4	4	0.0017	0.175	0	0.0275	1
0.0086	0.0638	-0.539	0.8924	0.4924	-0.6559	0.5273	0.5402	735	0	492	4	5	0.01	0.05	0	0.01	1
0.0383	0.1646	-0.0645	0.5296	0.6447	0.3983	0.607	0.6876	416	738	508	4	1	0.0055	0.2778	1	0.0413	1
0.0383	0.1134	0.001	0.6295	0.7579	0.6941	0.6642	0.2777	737	739	508	4	2	0.0055	0.2778	0	0.0413	1
0.0209	0.0996	0.0724	0.7432	0.7586	0.9789	0.203	0.0211	738	740	508	4	3	0.0101	0.1667	0	0.0276	1
0.01	0.0807	0.1664	0.775	0.738	0.871	0.4791	0.1089	739	0	508	4	4	0.01	0.05	0	0.01	1
0.0351	0.3468	-0.0983	0.8546	0.7351	-0.747	-0.633	0.2032	419	742	510	4	1	0.0035	0.1429	1	0.0351	1
0.0322	0.1887	-0.3573	0.6351	0.8056	-0.7518	-0.6298	0.1953	741	743	510	4	2	0.0035	0.1429	0	0.0351	1
0.0182	0.1329	-0.5052	0.5209	0.8365	-0.6131	-0.7899	0.0141	742	744	510	4	3	0.0119	0.0538	0	0.01	1
0.0109	0.1723	-0.5847	0.4136	0.8395	-0.3659	-0.6528	-0.6634	743	745	510	4	4	0.01	0.05	0	0.01	1
0.0064	0.1125	-0.6478	0.3011	0.7252	-0.9482	0.284	0.142	744	0	510	4	5	0.01	0.05	0	0.01	1
0.0243	0.3863	0.0406	0.9008	0.6658	0.2587	-0.8484	-0.4618	418	0	513	4	1	0.0064	0.425	0	0.0243	1
0.0074	0.2709	-0.1361	0.3543	0.3191	0.7019	0.6535	0.2835	409	748	521	4	1	0.0118	0.175	1	0.0329	1
0.0074	0.2956	0.0608	0.5271	0.3986	0.5465	0.834	-0.076	747	0	521	4	2	0.0244	0.14	0	0.0329	1
0.01	0.3461	0.0122	1.0532	0.7956	-0.6693	0.5742	0.4715	421	0	526	4	1	0.01	0.05	0	0.01	1
0.0338	0.5244	0.0219	0.7295	0.6336	0.2911	0.7454	0.5997	418	751	902	4	1	0.005	0.3333	0	0.0338	1
0.0274	0.1034	0.1871	1.1081	0.9526	0.2714	0.5612	0.7819	750	752	902	4	2	0.005	0.3438	0	0.0274	1
0.0209	0.1076	0.2137	1.1651	1.0344	0.1885	0.54	0.8203	751	753	902	4	3	0.0016	0.25	0	0.0169	1
0.0211	0.1737	0.2449	1.2146	1.1255	0.0589	0.3677	0.9281	752	754	902	4	4	0.0025	0.1875	0	0.0211	1
0.0279	0.0805	0.2821	1.2893	1.2926	-0.2422	0.0696	0.9677	753	755	902	4	5	0.0026	0.3333	0	0.0404	1
0.0109	0.0549	0.2462	1.3095	1.3639	0.0825	0.4844	0.8709	754	756	902	4	6	0.01	0.05	0	0.01	1
0.0089	0.0799	0.2507	1.3361	1.4117	-0.6753	-0.3376	0.6558	755	0	902	4	7	0.01	0.05	0	0.01	1
0.0225	0.3051	-0.0697	0.8472	0.7528	-0.4235	0.383	0.8209	419	758	667	4	1	0.0055	0.375	0	0.0244	1
0.0146	0.0703	-0.2023	0.9988	0.9776	-0.3997	0.5187	0.7558	757	0	667	4	2	0.0137	0.1167	0	0.0366	1
0.0146	0.0762	-0.1226	0.9868	0.879	0.4691	-0.7115	0.5231	421	760	669	4	1	0.0064	0.35	1	0.0291	1
0.0146	0.144	-0.074	0.9358	0.9119	-0.2801	0.9562	-0.0845	759	761	669	4	2	0.0104	0.1625	0	0.0291	1
0.01	0.079	-0.0974	1.0495	0.9208	-0.6132	0.2311	0.7554	760	0	669	4	3	0.01	0.05	0	0.01	1
0.0235	0.1922	-0.3951	1.1292	1.0554	0.4121	-0.7079	-0.5737	424	763	673	4	1	0.0116	0.125	1	0.0362	1
0.0235	0.0456	-0.3654	0.9918	0.8787	0.7682	-0.2985	-0.5664	762	764	673	4	2	0.0113	0.1833	0	0.0362	1
0.0235	0.0781	-0.3711	0.9679	0.8524	0.228	-0.8935	-0.387	763	765	673	4	3	0.0084	0.225	0	0.0323	1
0.01	0.0724	-0.3787	0.9	0.8232	-0.0638	-0.434	-0.8986	764	0	673	4	4	0.01	0.05	0	0.01	1
0.0066	0.036	-0.2721	1.1108	0.9634	0.0683	0.9018	-0.4268	423	767	804	4	1	0.0139	0.1	1	0.0223	1
0.0066	0.0814	-0.3231	1.172	0.995	0.5633	0.8139	0.1423	766	768	804	4	2	0.0153	0.2	0	0.0223	1
0.0069	0.0658	-0.2746	1.239	0.9886	0.5856	0.8019	0.1184	767	0	804	4	3	0.01	0.05	0	0.01	1
0.0267	0.0929	-0.5034	1.1452	1.1477	-0.5174	0.6378	-0.5706	425	770	836	4	1	0.0517	0.1833	0	0.086	1
0.0267	0.1668	-0.5351	1.1937	1.1154	0.7332	0.6327	-0.2491	769	771	836	4	2	0.0109	0.28	0	0.046	1
0.0217	0.1496	-0.4094	1.2994	1.0823	0.9114	0.1638	-0.3776	770	772	836	4	3	0.0083	0.1771	0	0.0231	1
0.0201	0.0651	-0.2704	1.3218	1.0423	0.9099	0.4034	-0.0972	771	0	836	4	4	0.007	0.3333	0	0.0201	1
0.0093	0.0923	0.3557	0.4907	0.5128	-0.6505	-0.758	0.0483	465	774	903	4	1	0.0466	0.2333	0	0.066	1
0.008	0.1069	0.223	0.443	0.4658	0.2724	-0.6818	-0.679	773	0	903	4	2	0.0235	0.1375	0	0.0616	1
0.0353	0.0762	0.0847	-0.2846	0.7461	0.8476	0.0648	-0.5267	474	776	549	4	1	0.0058	0.2778	1	0.0385	1
0.0353	0.1098	0.1493	-0.2796	0.7059	0.9068	0.1919	0.3753	775	777	549	4	2	0.0058	0.2778	0	0.0385	1
0.0166	0.1577	0.242	-0.2594	0.7136	0.9281	0.3161	-0.1966	776	778	549	4	3	0.0186	0.1	0	0.01	1
0.01	0.0482	0.4071	-0.1965	0.6834	-0.312	0.3931	0.8649	777	0	549	4	4	0.01	0.05	0	0.01	1
0.0146	0.1447	0.263	-0.5974	0.8929	-0.9854	0.0075	0.1701	478	780	553	4	1	0.0203	0.2833	0	0.0366	1
0.0138	0.0657	0.121	-0.5972	0.91	0.9289	-0.3494	0.123	779	781	553	4	2	0.0156	0.325	0	0.0289	1
0.01	0.0338	0.1724	-0.6205	0.9065	-0.2848	-0.9205	0.2675	780	0	553	4	3	0.01	0.05	0	0.01	1
0.0309	0.1303	0.4089	-0.6847	0.8205	0.2681	0.846	-0.4608	479	783	556	4	1	0.0069	0.1286	0	0.0413	1
0.0181	0.0798	0.443	-0.5892	0.7904	0.7992	-0.5477	-0.2478	782	784	556	4	2	0.0047	0.1	0	0.01	1
0.014	0.1264	0.5023	-0.6288	0.7671	0.7629	0.4029	-0.5057	783	785	556	4	3	0.01	0.05	0	0.01	1
0.01	0.143	0.5987	-0.5779	0.7032	0.5625	0.3698	-0.7395	784	0	556	4	4	0.01	0.05	0	0.01	1
0.01	0.3404	0.2312	-0.6521	0.8823	0.7582	-0.6281	-0.175	478	0	558	4	1	0.01	0.05	0	0.01	1
0.0146	0.1543	0.4745	-0.8067	0.8208	0.6013	-0.7864	0.1417	480	788	560	4	1	0.0143	0.1375	0	0.032	1
0.0126	0.0325	0.5629	-0.9254	0.8226	0.964	-0.1368	-0.228	787	789	560	4	2	0.01	0.05	0	0.01	1
0.0128	0.0717	0.5982	-0.9297	0.8177	0.1326	-0.9782	-0.1596	788	0	560	4	3	0.0028	0.25	0	0.0178	1
0.0209	0.0493	0.7111	-1.0222	0.8474	-0.9352	-0.2606	-0.2396	484	791	685	4	1	0.007	0.3438	0	0.0217	1
0.01	0.1139	0.6649	-1.0244	0.8644	-0.9573	-0.2724	0.0973	790	0	685	4	2	0.01	0.05	0	0.01	1
0.0383	0.1261	0.3502	0.6167	0.4238	0.993	0.0549	0.1047	499	793	904	4	1	0.0049	0.3333	1	0.0411	1
0.0363	0.1133	0.4755	0.6236	0.437	-0.8813	-0.3476	-0.3202	792	794	904	4	2	0.0049	0.3333	0	0.0411	1
0.0311	0.1475	0.3731	0.5816	0.4057	0.4107	0.7072	0.5754	793	795	904	4	3	0.0067	0.2	0	0.0373	1
0.013	0.0048	0.4179	0.679	0.5175	0.5925	0.6236	0.51	794	796	904	4	4	0.01	0.05	0	0.01	1
0.0089	0.0804	0.422	0.684	0.5204	0.2493	-0.3739	0.8933	795	0	904	4	5	0.01	0.05	0	0.01	1
0.0226	0.1518	0.4276	0.302	0.7547	0.1439	0.608	-0.7808	504	798	905	4	1	0.0038	0.2083	0	0.0208	1
0.0308	0.1696	0.4406	0.4258	0.6662	-0.9786	-0.1816	-0.0972	797	799	905	4	2	0.0112	0.1667	0	0.0358	1
0.0141	0.0193	0.2892	0.3875	0.67	-0.7233	0.2906	0.6264	798	800	905	4	3	0.01	0.05	0	0.01	1
0.01	0.0426	0.2752	0.3931	0.6821	0.0253	0.709	-0.7048	799	0	905	4	4	0.01	0.05	0	0.01	1
0.036	0.1767	0.1402	0.2403	1.2005	0.4733	-0.1865	-0.861	513	802	570	4	1	0.0072	0.3125	1	0.0381	1
0.0315	0.0901	0.2155	0.2069	1.0495	0.0961	0.5166	0.8508	801	803	570	4	2	0.0076	0.22	0	0.0381	1
0.0175	0.0395	0.2275	0.2471	1.1245	0.8946	0.4334	0.109	802	804	570	4	3	0.0088	0.12	0	0.01	1
0.01	0.0839	0.26	0.2606	1.1321	0.7595	0.0034	0.6505	803	0	570	4	4	0.01	0.05	0	0.01	1
0.0338	0.0865	0.0807	0.2791	1.0832	-0.5454	0.7903	-0.2791	512	806	571	4	1	0.0047	0.2917	1	0.0338	1
0.0338	0.1713	0.0335	0.3475	1.059	0.8375	0.5451	0.0384	805	807	571	4	2	0.0047	0.2917	0	0.0338	1
0.0256	0.0879	0.1791	0.4445	1.0835	0.7581	0.6149	-0.217	806	808	571	4	3	0.0153	0.2778	0	0.0256	1
0.0141	0.087	0.2548	0.4755	1.0783	0.8912	0.4313	0.1402	807	809	571	4	4	0.01	0.05	0	0.01	1
0.0168	0.0221	0.2356	0.4823	1.0649	-0.3685	0.5161	0.7732	808	0	571	4	5	0.0068	0.12	0	0.0258	1
0.0318	0.1085	0.1533	0.2524	1.2348	0.9511	0.1125	-0.2876	514	811	572	4	1	0.0064	0.4583	1	0.0318	1
0.0318	0.0867	0.2565	0.2646	1.2036	-0.749	-0.5753	0.3286	810	812	572	4	2	0.0064	0.4583	0	0.0318	1
0.0332	0.0195	0.2389	0.2194	1.2782	-0.4587	-0.7045	0.5415	811	813	572	4	3	0.0033	0.375	0	0.0332	1
0.0318	0.0385	0.2537	0.224	1.2612	0.1073	0.7818	0.6142	812	814	572	4	4	0.0084	0.15	0	0.01	1
0.0318	0.0726	0.2574	0.2441	1.2729	0.3647	-0.7181	0.5927	813	0	572	4	5	0.0089	0.12	0	0.01	1
0.0221	0.0745	0.1542	0.2596	1.2768	0.964	0.2615	0.0479	514	816	573	4	1	0.0047	0.25	1	0.0192	1
0.022	0.1097	0.2259	0.2791	1.2803	0.0638	0.9569	0.2833	815	817	573	4	2	0.0047	0.25	0	0.0192	1
0.0291	0.1603	0.225	0.3851	1.2984	0.4496	0.8697	-0.2038	816	818	573	4	3	0.003	0.2083	0	0.0306	1
0.0307	0.1153	0.3066	0.5642	1.2814	-0.0766	0.3811	-0.9213	817	819	573	4	4	0.0177	0.1833	0	0.0515	1
0.0244	0.1231	0.3287	0.6138	1.1892	0.3977	0.1017	-0.9119	818	820	573	4	5	0.0024	0.2917	0	0.0244	1
0.0216	0.0904	0.3642	0.63	1.0738	0.2249	-0.0167	-0.9742	819	821	573	4	6	0.0025	0.25	0	0.0216	1
0.0234	0.1168	0.3742	0.6271	0.9837	0.1715	0.157	-0.9726	820	822	573	4	7	0.0067	0.0615	0	0.0299	1
0.0184	0.0955	0.4033	0.6648	0.886	0.1676	0.5788	-0.7981	821	823	573	4	8	0.0101	0.2375	0	0.0227	1
0.01	0.0822	0.4107	0.6728	0.8083	0.1335	0.0083	-0.991	822	824	573	4	9	0.01	0.05	0	0.01	1
0.0095	0.0146	0.4158	0.7077	0.8137	0.2544	0.9057	-0.3392	823	825	573	4	10	0.01	0.05	0	0.01	1
0.0065	0.0644	0.4195	0.7209	0.8087	0.1046	-0.0773	-0.9915	824	0	573	4	11	0.01	0.05	0	0.01	1
0.0359	0.1269	0.1521	0.2692	1.3039	0.7293	0.3857	0.5651	514	827	577	4	1	0.0109	0.3125	1	0.0359	1
0.0351	0.1122	0.2446	0.3182	1.3756	0.5343	-0.2561	0.8055	826	828	577	4	2	0.0109	0.3125	0	0.0359	1
0.0222	0.0467	0.2923	0.2898	1.4459	0.7907	-0.3627	-0.4933	827	829	577	4	3	0.0094	0.15	0	0.01	1
0.0158	0.1453	0.348	0.2732	1.419	0.1754	0.4019	0.8987	828	830	577	4	4	0.0073	0.0625	0	0.01	1
0.0088	0.0978	0.3613	0.3323	1.5558	0.4387	-0.1679	0.8828	829	0	577	4	5	0.01	0.05	0	0.01	1
0.0241	0.0816	0.2014	0.285	1.5662	0.3923	-0.2163	0.894	517	832	581	4	1	0.0072	0.275	1	0.0256	1
0.0214	0.1261	0.2335	0.2673	1.6391	0.0671	-0.1789	0.9816	831	833	581	4	2	0.0072	0.275	0	0.0256	1
0.0141	0.033	0.2481	0.2406	1.7607	0.3391	0	0.9407	832	834	581	4	3	0.01	0.05	0	0.01	1
0.01	0.0827	0.2592	0.2406	1.7917	0.5654	0.0236	0.8245	833	0	581	4	4	0.01	0.05	0	0.01	1
0.0302	0.0731	0.4279	-0.039	1.348	0.7289	-0.4115	0.5472	544	836	908	4	1	0.0044	0.2917	0	0.0302	1
0.0297	0.151	0.4988	-0.0505	1.3935	0.6859	-0.7036	0.1859	835	837	908	4	2	0.0144	0.1667	0	0.0446	1
0.0187	0.1017	0.5937	-0.1349	1.4489	0.822	-0.2882	0.4913	836	838	908	4	3	0.0091	0.0857	0	0.01	1
0.0137	0.0914	0.6908	-0.1436	1.4832	0.6883	0.0931	0.7194	837	839	908	4	4	0.01	0.05	0	0.01	1
0.0089	0.105	0.7537	-0.1351	1.549	-0.3453	0.1161	0.9313	838	0	908	4	5	0.01	0.05	0	0.01	1
0.0258	0.0827	0.0753	-0.1851	1.2032	0.1691	0.9817	-0.0879	556	841	588	4	1	0.0058	0.4167	0	0.0258	1
0.0258	0.1126	0.1076	-0.1109	1.1941	0.1427	0.1068	0.984	840	0	588	4	2	0.009	0.1143	0	0.01	1
0.0298	0.0727	-0.2788	0.1891	1.1698	-0.8509	-0.3372	0.4027	563	843	591	4	1	0.0085	0.4167	0	0.0298	1
0.0298	0.0097	-0.3432	0.1524	1.1893	-0.4553	-0.5008	0.7361	842	844	591	4	2	0.0046	0.14	0	0.01	1
0.0298	0.0481	-0.3465	0.1616	1.1929	-0.9968	0.08	-0	843	0	591	4	3	0.0068	0.14	0	0.01	1
0.0095	0.1381	-0.4145	-0.1954	1.677	0.5146	-0.6886	-0.511	587	846	913	4	1	0.0285	0.2	0	0.0523	1
0.0091	0.0899	-0.3206	-0.3062	1.6604	-0.5633	-0.8263	-0.0025	845	847	913	4	2	0.0235	0.25	0	0.0407	1
0.0083	0.1271	-0.375	-0.3904	1.6704	0.2309	0.6508	0.7233	846	848	913	4	3	0.0289	0.1833	0	0.0527	1
0.0064	0.0214	-0.3527	-0.2963	1.7378	0.2873	0.8975	0.3347	847	849	913	4	4	0.01	0.05	0	0.01	1
0.0043	0.1029	-0.347	-0.2766	1.7448	-0.0331	0.2714	0.9619	848	0	913	4	5	0.0152	0.1333	0	0.01	1
0.0136	0.2084	0.2225	0.3371	0.1014	0.0587	0.9858	0.1571	0	851	915	0	1	0.0248	0.1091	0	0.0808	0
0.0178	0.0953	0.2391	0.5367	0.1464	-0.9485	-0.2016	0.2446	850	0	915	0	2	0.0097	0.1667	0	0.0241	0
0.012	0.21	0.3802	0.619	0.2001	-0.3099	-0.492	0.8136	614	853	336	4	1	0.0177	0.1364	0	0.0327	0
0.01	0.0299	0.3274	0.5116	0.3591	-0.523	-0.8112	-0.2615	852	0	336	4	2	0.01	0.05	0	0.01	0
0.0352	0.0901	0.3326	0.6119	0.2032	-0.2884	0.4457	0.8474	614	855	337	4	1	0.0117	0.5	1	0.0352	0
0.0352	0.0771	0.3066	0.6521	0.2796	0.7979	-0.2401	0.5529	854	856	337	4	2	0.0117	0.5	0	0.0352	0
0.0352	0.073	0.3815	0.6732	0.3542	0.9669	-0.1862	-0.1743	855	857	337	4	3	0.008	0.1111	0	0.01	0
0.0352	0.0695	0.4565	0.6048	0.3307	0.3576	-0.1531	0.9212	856	858	337	4	4	0.0127	0.1	0	0.01	0
0.0352	0.07	0.4465	0.6367	0.3876	-0.6067	-0.5862	-0.537	857	0	337	4	5	0.0075	0.125	0	0.01	0
0.0069	0.1951	0.5301	0.8233	-0.2079	0.3632	0.3485	0.8641	618	860	916	4	1	0.0227	0.11	1	0.0385	0
0.0069	0.1195	0.5998	0.9045	-0.0411	0.0786	0.1402	0.987	859	861	916	4	2	0.0208	0.1667	0	0.0385	0
0.0069	0.073	0.6106	0.9131	0.0747	0.1594	-0.2228	0.9617	860	862	916	4	3	0.01	0.05	0	0.01	0
0.0069	0.0676	0.6459	0.9093	0.1494	-0.2529	0.1331	0.9583	861	0	916	4	4	0.01	0.05	0	0.01	0
0.0329	0.0373	0.5474	-1.1699	-0.1395	-0.3386	-0.9151	0.2188	624	864	617	4	1	0.0082	0.2813	1	0.0332	0
0.0329	0.1038	0.5348	-1.204	-0.1314	0.2675	-0.8625	-0.4296	863	865	617	4	2	0.0082	0.2813	0	0.0332	0
0.0272	0.0932	0.5449	-1.2793	-0.1415	0.1866	-0.87	0.4563	864	866	617	4	3	0.0032	0.2917	0	0.0272	0
0.0313	0.1115	0.5476	-1.3729	-0.1066	0.6255	-0.777	0.0711	865	867	617	4	4	0.0035	0.3438	0	0.0313	0
0.0346	0.0861	0.5909	-1.443	-0.0575	0.0542	-0.9137	0.4027	866	868	617	4	5	0.0043	0.5417	0	0.0356	0
0.032	0.1085	0.6178	-1.5121	-0.0228	0.3421	-0.8008	0.4916	867	869	617	4	6	0.0047	0.5313	0	0.0325	0
0.0253	0.0597	0.6477	-1.6042	0.0284	0.3152	-0.6967	0.6444	868	870	617	4	7	0.0025	0.4583	0	0.0253	0
0.0218	0.0964	0.6743	-1.6414	0.0729	0.1491	-0.8802	0.4506	869	871	617	4	8	0.0027	0.4583	0	0.0202	0
0.0247	0.0868	0.6822	-1.7186	0.1253	0.0708	-0.7305	0.6792	870	872	617	4	9	0.0032	0.4583	0	0.0247	0
0.0202	0.0929	0.6904	-1.7802	0.1909	0.3313	-0.9318	0.1483	871	873	617	4	10	0.0021	0.2188	0	0.0179	0
0.0252	0.0961	0.7576	-1.8688	0.2188	-0.2757	-0.7524	0.5982	872	874	617	4	11	0.0033	0.3125	0	0.0254	0
0.0202	0.0281	0.7391	-1.9395	0.2735	0.3006	-0.908	0.2917	873	875	617	4	12	0.0052	0.14	0	0.01	0
0.0202	0.1371	0.7517	-1.9398	0.2945	0.2809	-0.4717	0.8358	874	0	617	4	13	0.0059	0.0667	0	0.01	0
0.0162	0.1109	0.7641	-1.1981	-0.1113	0.426	0.2556	0.8679	628	877	618	4	1	0.0185	0.2667	0	0.0363	0
0.01	0.1211	0.8237	-1.1568	-0.0108	0.7394	-0.6447	-0.1939	876	0	618	4	2	0.01	0.05	0	0.01	0
0.0381	0.0775	0.7241	-1.1167	-0.1265	0.8104	0.5536	0.1918	627	879	919	4	1	0.0044	0.6296	1	0.0383	0
0.038	0.0604	0.7869	-1.0738	-0.1117	0.7015	0.6521	0.2875	878	880	919	4	2	0.0044	0.6296	0	0.0383	0
0.0295	0.0503	0.8462	-1.0304	-0.1222	0.6799	0.5444	0.4913	879	881	919	4	3	0.0022	0.4167	0	0.0295	0
0.0261	0.1181	0.879	-1.0031	-0.0948	0.8898	-0.1396	0.4345	880	882	919	4	4	0.0036	0.3438	0	0.0251	0
0.0261	0.0935	0.965	-1.0057	-0.0574	0.381	0.8624	0.3333	881	883	919	4	5	0.0031	0.4167	0	0.0261	0
0.0261	0.044	1.0114	-0.9364	-0.0287	0.6986	0.5719	0.4301	882	884	919	4	6	0.0061	0.3393	0	0.0213	0
0.0261	0.0292	1.0455	-0.9242	-0.0075	0.3549	-0.0741	-0.932	883	0	919	4	7	0.0044	0.15	0	0.01	0
0.0128	0.2145	0.8231	-1.8126	0.2006	0.4824	0.5321	0.6958	636	886	715	4	1	0.0192	0.2	0	0.0319	0
0.0127	0.0819	0.9275	-1.6868	0.3352	0.6563	0.5704	0.4939	885	887	715	4	2	0.0196	0.2	0	0.0391	0
0.0092	0.1296	0.9616	-1.6378	0.3893	0.3144	-0.7543	0.5764	886	0	715	4	3	0.0162	0.0889	0	0.0365	0
0.0045	0.1532	1.3539	-1.0648	0.2405	0.8524	0.0834	0.5161	657	889	627	4	1	0.0215	0.225	0	0.0264	0
0.0025	0.0364	1.4727	-1.0555	0.3378	0.2353	-0.9713	-0.0347	888	890	627	4	2	0.01	0.05	0	0.01	0
0.0025	0.0968	1.4822	-1.0952	0.3316	0.8933	-0.2324	0.3847	889	0	627	4	3	0.0137	0.0875	0	0.01	0
0.0184	0.0588	-0.1031	-0.893	0.5206	-0.3407	0.5884	0.7333	673	892	723	4	1	0.0062	0.2778	1	0.0424	1
0.0175	0.1016	-0.1336	-0.8643	0.5524	0.5339	0.4378	-0.7234	891	893	723	4	2	0.0181	0.1167	0	0.0424	1
0.0156	0.1049	-0.0691	-0.8108	0.4869	-0.3012	0.8028	-0.5146	892	894	723	4	3	0.02	0.24	0	0.0367	1
0.0084	0.0231	-0.0854	-0.7332	0.4324	0.0405	0.1616	-0.986	893	895	723	4	4	0.01	0.05	0	0.01	1
0.0046	0.0094	-0.0809	-0.7397	0.4179	-0.9199	-0.0071	0.3922	894	0	723	4	5	0.0097	0.1	0	0.01	1
0.0058	0.0583	-0.3766	0.852	-0.0646	0.7989	0.5951	-0.0874	720	897	242	5	1	0.0088	0.2059	1	0.0773	1
0.0058	0.0904	-0.3486	0.9176	-0.101	0.9126	0.3696	-0.1751	896	0	242	5	2	0.0482	0.24	0	0.0773	1
0.0196	0.0406	-0.4128	0.8547	-0.1016	-0.9692	0.1537	-0.1922	720	899	929	5	1	0.0174	0.3333	1	0.0425	1
0.0196	0.1014	-0.4452	0.8508	-0.1061	0.5645	0.58	0.5872	898	900	929	5	2	0.0438	0.0833	0	0.0425	1
0.0196	0.1209	-0.4333	0.9373	-0.0769	0.5087	0.8606	0.0253	899	901	929	5	3	0.0116	0.2	0	0.034	1
0.01	0.0755	-0.3498	1.0476	-0.0678	-0.3545	0.8391	0.4126	900	0	929	5	4	0.01	0.05	0	0.01	1
0.0103	0.4039	-0.5765	0.417	0.8332	0.8084	0.5002	-0.3103	744	903	663	5	1	0.0064	0.2963	1	0.04	1
0.0094	0.0827	-0.2698	0.6433	0.7163	-0.6526	-0.6629	0.3671	902	904	663	5	2	0.01	0.12	0	0.04	1
0.0081	0.1541	-0.3373	0.5698	0.7109	-0.5579	-0.6306	0.5394	903	905	663	5	3	0.021	0.1556	0	0.0462	1
0.0059	0.0314	-0.4338	0.4983	0.7684	-0.9391	-0.341	0.0438	904	906	663	5	4	0.01	0.05	0	0.01	1
0.0042	0.1168	-0.4703	0.4921	0.7677	-0.5076	-0.8544	-0.1106	905	0	663	5	5	0.0161	0.0714	0	0.01	1
0.0173	0.334	-0.4918	0.5103	0.8302	0.6712	0.7411	-0.0185	743	908	930	5	1	0.0048	0.1	0	0.0346	1
0.0173	0.1142	-0.228	0.7813	0.8612	0.0328	0.8289	-0.5584	907	909	930	5	2	0.0218	0.2	0	0.048	1
0.0119	0.0306	-0.2123	0.88	0.8052	-0.1447	0.9522	-0.2691	908	910	930	5	3	0.01	0.05	0	0.01	1
0.01	0.0885	-0.2168	0.9091	0.797	-0.6836	-0.0086	-0.7298	909	0	930	5	4	0.01	0.05	0	0.01	1
0.0158	0.1034	0.1016	1.0006	0.8737	-0.8402	-0.1688	0.5153	750	912	531	5	1	0.0082	0.3438	1	0.0324	1
0.0158	0.1078	0.0224	0.9714	0.9246	0.5491	0.2003	0.8114	911	0	531	5	2	0.0151	0.2333	0	0.0324	1
0.0198	0.0848	0.2076	1.1996	1.0991	-0.8381	-0.4764	-0.266	752	914	931	5	1	0.0097	0.25	1	0.0314	1
0.0198	0.1402	0.144	1.1537	1.0835	-0.3812	-0.8806	-0.2815	913	915	931	5	2	0.0106	0.1	0	0.0314	1
0.0198	0.1482	0.0907	1.0575	1.0831	-0.6828	-0.5973	0.4206	914	916	931	5	3	0.0162	0.11	0	0.2354	1
0.01	0.1129	-0.0044	0.9632	1.1444	-0.587	-0.6848	0.4319	915	0	931	5	4	0.01	0.05	0	0.01	1
0.0109	0.1029	-0.5207	1.2237	1.0837	-0.0237	-0.8467	-0.5315	770	918	933	5	1	0.0104	0.1833	0	0.026	1
0.0103	0.0801	-0.5101	1.0924	1.0471	0.537	-0.179	-0.8244	917	919	933	5	2	0.01	0.05	0	0.01	1
0.01	0.082	-0.4671	1.0781	0.9811	0.8489	-0.1446	-0.5084	918	0	933	5	3	0.01	0.05	0	0.01	1
0.0243	0.0654	0.2995	0.4908	0.673	0.6241	0.7477	0.2267	0	921	747	0	1	0.0052	0.3333	0	0.0279	0
0.0117	0.0579	0.3347	0.5562	0.6783	0.0028	0.5005	0.8657	920	0	747	0	2	0.0151	0.1667	0	0.0328	0
0.027	0.1619	0.2473	0.4915	1.2788	-0.4217	0.9043	-0.0662	817	923	690	5	1	0.0035	0.1389	1	0.0822	1
0.0265	0.1113	0.2348	0.6176	1.2969	-0.1691	-0.9291	-0.329	922	924	690	5	2	0.006	0.1333	0	0.0822	1
0.0216	0.1302	0.2492	0.5537	1.2446	0.0437	-0.4007	-0.9152	923	925	690	5	3	0.004	0.15	0	0.0216	1
0.0179	0.0825	0.2584	0.5014	1.1255	0.0191	-0.162	-0.9866	924	926	690	5	4	0.0024	0.12	0	0.01	1
0.0234	0.1101	0.2366	0.5138	1.1019	0.8831	0.4404	0.1615	925	927	690	5	5	0.0038	0.1875	0	0.0257	1
0.0157	0.0052	0.331	0.5352	1.1291	0.7164	0.1588	0.6794	926	928	690	5	6	0.0052	0.175	0	0.01	1
0.0164	0.2138	0.3296	0.5581	1.1295	0.9153	0.2544	0.3122	927	929	690	5	7	0.0021	0.1071	0	0.0164	1
0.0103	0.1117	0.5268	0.5912	1.189	0.9949	0.0375	0.0939	928	930	690	5	8	0.01	0.05	0	0.01	1
0.009	0.0699	0.6372	0.6029	1.1897	0.9946	0.1035	0.0082	929	931	690	5	9	0.01	0.05	0	0.01	1
0.0046	0.062	0.7091	0.602	1.1806	0.8212	-0.3209	0.4719	930	0	690	5	10	0.0168	0.15	0	0.01	1
0.0216	0.045	0.221	0.4196	1.3146	-0.5151	0.4553	0.7262	817	933	691	5	1	0.0038	0.375	1	0.0228	1
0.02	0.0896	0.1978	0.4401	1.3473	0.3254	0.0863	0.9416	932	934	691	5	2	0.0038	0.375	0	0.0228	1
0.0147	0.0916	0.2257	0.4651	1.4232	0.1791	0.4444	0.8778	933	935	691	5	3	0.0018	0.3333	0	0.0161	1
0.01	0.0613	0.2312	0.5124	1.5059	0.0074	-0.3272	0.9449	934	0	691	5	4	0.01	0.05	0	0.01	1
0.0292	0.0694	0.2804	0.5487	1.2771	0.5362	0.1415	0.8322	818	937	753	5	1	0.0086	0.3	0	0.0315	1
0.0292	0.0834	0.3018	0.5354	1.3339	0.7385	-0.4857	-0.4677	936	938	753	5	2	0.0125	0.25	0	0.0425	1
0.0151	0.0066	0.3513	0.4917	1.2875	0.3419	-0.9264	-0.1578	937	939	753	5	3	0.0098	0.16	0	0.01	1
0.01	0.1018	0.3486	0.4865	1.2886	0.0555	-0.8606	0.5062	938	0	753	5	4	0.01	0.05	0	0.01	1
0.0232	0.0985	0.3804	0.6417	1.1107	0.1502	0.2656	0.9523	819	941	754	5	1	0.0062	0.2917	0	0.0246	1
0.0225	0.1305	0.4341	0.6901	1.1969	-0.023	-0.2864	-0.9578	940	942	754	5	2	0.0013	0.25	0	0.023	1
0.021	0.1412	0.4398	0.6448	1.0789	0.3801	0.8098	0.447	941	943	754	5	3	0.0026	0.25	0	0.0231	1
0.0128	0.0593	0.4836	0.7668	1.1179	0.0871	0.9586	0.2711	942	944	754	5	4	0.01	0.05	0	0.01	1
0.011	0.0136	0.5033	0.7747	1.1539	0.4148	0.4459	0.7932	943	945	754	5	5	0.01	0.05	0	0.01	1
0.0083	0.2139	0.5089	0.7808	1.1647	0.2155	0.3808	0.8992	944	0	754	5	6	0.01	0.05	0	0.01	1
0.0273	0.0363	-0.3273	-0.307	1.6528	-0.5754	0.1282	-0.8078	846	947	310	5	1	0.0048	0.4583	1	0.0273	1
0.0273	0.0781	-0.3482	-0.3023	1.6235	0.0584	-0.7952	-0.6035	946	948	310	5	2	0.0048	0.4583	0	0.0273	1
0.0273	0.1225	-0.3603	-0.3371	1.5811	0.4348	0.4048	-0.8044	947	949	310	5	3	0.007	0.1333	0	0.0412	1
0.0273	0.0327	-0.3315	-0.2899	1.4949	0.1426	0.8834	0.4463	948	950	310	5	4	0.0055	0.125	0	0.01	1
0.0273	0.0484	-0.3241	-0.2719	1.5494	0.807	0.5814	0.1041	949	0	310	5	5	0.0065	0.175	0	0.01	1
0.0036	0.2055	-0.4174	0.9255	-0.0769	0.949	-0.3152	0.0046	900	952	949	6	1	0.0122	0.1364	1	0.0491	1
0.0036	0.2833	-0.2105	0.8852	-0.0649	-0.8794	0.2366	0.4131	951	953	949	6	2	0.0336	0.1133	0	0.0491	1
0.0041	0.1611	-0.4612	0.9806	0.0319	-0.6622	-0.4585	-0.5927	952	0	949	6	3	0.0121	0.0778	0	0.01	1
0.0089	0.0308	-0.2951	0.6302	0.7237	-0.52	0.7544	-0.4007	903	955	950	6	1	0.0082	0.1833	1	0.0556	1
0.0088	0.1474	-0.2631	0.668	0.7305	-0.3264	0.9388	0.1096	954	956	950	6	2	0.0065	0.125	0	0.0556	1
0.0081	0.094	-0.4156	0.8131	0.6971	0.1642	-0.8707	-0.4636	955	957	950	6	3	0.0283	0.2	0	0.0937	1
0.0073	0.1012	-0.4433	0.7525	0.6752	-0.5147	-0.8326	-0.2044	956	958	950	6	4	0.0211	0.1625	0	0.0298	1
0.0043	0.1065	-0.5045	0.6983	0.659	-0.7193	-0.3107	0.6213	957	0	950	6	5	0.0332	0.1	0	0.01	1
0.017	0.0324	0.2777	0.4863	1.0474	0.9888	-0.1137	0.0967	925	960	955	6	1	0.0091	0.22	1	0.0476	1
0.0165	0.1324	0.2797	0.4737	1.0379	-0.1051	0.914	-0.3919	959	961	955	6	2	0.0118	0.2	0	0.0476	1
0.0147	0.0733	0.2859	0.6151	0.9798	-0.7183	0.6042	-0.3448	960	962	955	6	3	0.0285	0.15	0	0.0452	1
0.0112	0.1105	0.2497	0.6661	0.9907	0.3547	0.8769	-0.3243	961	963	955	6	4	0.016	0.1429	0	0.033	1
0.0048	0.0341	0.3	0.7678	0.9743	0.8726	-0.177	-0.4553	962	0	955	6	5	0.0087	0.125	0	0.01	1
0.0168	0.0874	0.5834	0.7985	0.3874	0.335	0.0238	-0.9419	0	965	961	0	1	0.0147	0.22	0	0.0314	0
0.0125	0.06	0.6005	0.7888	0.3176	-0.8122	0.4627	-0.3552	964	966	961	0	2	0.01	0.05	0	0.01	0
0.01	0.055	0.5517	0.8166	0.2962	0.6082	0.782	0.1365	965	0	961	0	3	0.01	0.05	0	0.01	0
0.0025	0.168	-0.491	0.9572	-0.0002	0.3705	-0.5399	0.7558	953	968	963	7	1	0.0231	0.0889	0	0.04	1
0.0025	0.029	-0.4158	0.8658	0.1239	-0.102	-0.9691	-0.2244	967	0	963	7	2	0.0284	0.1	0	0.01	1
0.0157	0.0946	0.2646	0.5359	0.9952	-0.3495	-0.7457	-0.5672	960	970	966	7	1	0.0111	0.375	1	0.0326	1
0.0152	0.0988	0.2297	0.4652	0.9391	0.4853	0.775	-0.4048	969	971	966	7	2	0.0181	0.3	0	0.0326	1
0.0134	0.1098	0.2735	0.5337	0.8929	0.47	0.3685	-0.8021	970	972	966	7	3	0.0159	0.2	0	0.0384	1
0.0091	0.0001	0.3279	0.5937	0.8225	0.2358	0.632	-0.7382	971	973	966	7	4	0.01	0.05	0	0.01	1
0.0053	0.0599	0.3279	0.5938	0.8224	-0.793	-0.5557	-0.2498	972	0	966	7	5	0.01	0.05	0	0.01	1
